    10     1
    GFSQ    26     1     2     0     0
    GFSQ    26     1     3     0     0
    GFSQ    26     1     4     0     0
    GFSQ    26     1     5     0     0
    GFSQ    26     1     6     0     0
    GFSQ    26     1     7     0     0
    GFSQ    26     1     8     0     0
    GFSQ    26     1     9     0     0
    GFSQ    26     1    10     0     0
    GFSQ    26     1    11     0     0
    27 BACKWARD OMEGA   
    26     1    10    13   22.711  120.310    10.0
    26     1    10    13   22.711  120.310    10.0
    26     1    10    13   22.711  120.310    10.0
    26     1    10    13   22.711  120.310    10.0
    26     1    10    13   22.711  120.310    10.0
    26     1    10    13   22.711  120.310    10.0
    26     1    10    13   22.711  120.310    10.0
    26     1    10    13   22.711  120.310    10.0
    26     1    10    13   22.711  120.310    10.0
    26     1    10    13   22.711  120.310    10.0
    26     1    10    13   22.711  120.310    10.0
    26     1    10    13   22.711  120.310    10.0
    26     1    10    13   22.711  120.310    10.0
    26     1    10    13   22.711  120.310    10.0
    26     1    10    13   22.711  120.310    10.0
    26     1    10    13   22.711  120.310    10.0
    26     1    10    13   22.711  120.310    10.0
    26     1    10    13   22.711  120.310    10.0
    26     1    10    13   22.711  120.310    10.0
    26     1    10    13   22.711  120.310    10.0
    26     1    10    13   22.711  120.310    10.0
    26     1    10    13   22.711  120.310    10.0
    26     1    10    13   22.711  120.310    10.0
    26     1    10    13   22.711  120.310    10.0
    26     1    10    13   22.711  120.310    10.0
    26     1    10    13   22.711  120.310    10.0
    26     1    10    13   22.711  120.310    10.0
     8 PRESSURE THETA    AIR_TEMP RAINFALL MIXDEPTH RELHUMID TERR_MSL SUN_FLUX
     1     1    26     1    10    13     0     1     0.0   22.711  120.310     10.0   1016.0    290.6    291.9      0.0    428.2     53.3     34.8     27.7
     2     1    26     1    10    13     0     1     0.0   22.711  120.310     10.0   1014.1    289.9    291.0      0.0    381.0     55.5     51.7     37.4
     3     1    26     1    10    13     0     1     0.0   22.711  120.310     10.0   1018.7    291.3    292.9      0.0    581.5     53.1     11.2     23.4
     4     1    26     1    10    13     0     1     0.0   22.711  120.310     10.0    984.9    291.4    290.0      0.0    158.8     59.0    288.6     30.8
     5     1    26     1    10    13     0     1     0.0   22.711  120.310     10.0    974.6    290.8    288.6      0.0     52.2     61.9    381.9     42.2
     6     1    26     1    10    13     0     1     0.0   22.711  120.310     10.0    997.7    291.5    291.3      0.0    302.7     60.1    194.3     24.4
     7     1    26     1    10    13     0     1     0.0   22.711  120.310     10.0   1019.8    290.8    292.4      0.0    693.9     58.4      4.7     32.3
     8     1    26     1    10    13     0     1     0.0   22.711  120.310     10.0   1019.7    290.2    291.9      0.0    635.9     59.4      5.6     42.8
     9     1    26     1    10    13     0     1     0.0   22.711  120.310     10.0   1020.0    291.3    292.9      0.0    797.8     57.7      0.0     23.4
    10     1    26     1    10    13     0     1     0.0   22.711  120.310     10.0   1016.0    290.6    291.9      0.0    428.2     53.3     34.8     27.7
    11     1    26     1    10    13     0     1     0.0   22.711  120.310     10.0   1014.1    289.9    291.0      0.0    381.0     55.5     51.7     37.4
    12     1    26     1    10    13     0     1     0.0   22.711  120.310     10.0   1018.7    291.3    292.9      0.0    581.5     53.1     11.2     23.4
    13     1    26     1    10    13     0     1     0.0   22.711  120.310     10.0    984.9    291.4    290.0      0.0    158.8     59.0    288.6     30.8
    14     1    26     1    10    13     0     1     0.0   22.711  120.310     10.0    974.6    290.8    288.6      0.0     52.2     61.9    381.9     42.2
    15     1    26     1    10    13     0     1     0.0   22.711  120.310     10.0    997.7    291.5    291.3      0.0    302.7     60.1    194.3     24.4
    16     1    26     1    10    13     0     1     0.0   22.711  120.310     10.0   1019.8    290.8    292.4      0.0    693.9     58.4      4.7     32.3
    17     1    26     1    10    13     0     1     0.0   22.711  120.310     10.0   1019.7    290.2    291.9      0.0    635.9     59.4      5.6     42.8
    18     1    26     1    10    13     0     1     0.0   22.711  120.310     10.0   1020.0    291.3    292.9      0.0    797.8     57.7      0.0     23.4
    19     1    26     1    10    13     0     1     0.0   22.711  120.310     10.0    986.7    290.7    289.6      0.0    428.2     58.5     34.8     27.7
    20     1    26     1    10    13     0     1     0.0   22.711  120.310     10.0    984.9    290.3    289.0      0.0    381.0     60.7     51.7     37.4
    21     1    26     1    10    13     0     1     0.0   22.711  120.310     10.0    989.5    291.3    290.4      0.0    581.5     58.4     11.2     23.4
    22     1    26     1    10    13     0     1     0.0   22.711  120.310     10.0    956.7    292.2    288.5      0.0    158.8     61.6    288.6     30.8
    23     1    26     1    10    13     0     1     0.0   22.711  120.310     10.0    946.7    292.5    287.9      0.0     52.2     61.4    381.9     42.2
    24     1    26     1    10    13     0     1     0.0   22.711  120.310     10.0    969.1    291.8    289.2      0.0    302.7     65.5    194.3     24.4
    25     1    26     1    10    13     0     1     0.0   22.711  120.310     10.0    990.4    290.6    289.8      0.0    693.9     63.6      4.7     32.3
    26     1    26     1    10    13     0     1     0.0   22.711  120.310     10.0    990.3    290.1    289.3      0.0    635.9     64.6      5.6     42.8
    27     1    26     1    10    13     0     1     0.0   22.711  120.310     10.0    990.7    291.2    290.4      0.0    797.8     63.4      0.0     23.4
     1     1    26     1    10    12     0     0    -1.0   22.856  120.314     20.2   1013.2    290.5    291.6      0.0    395.2     51.4     46.9     48.8
     2     1    26     1    10    12     0     0    -1.0   22.848  120.315     15.6   1011.2    290.0    291.0      0.0    378.8     54.9     73.1     65.2
     3     1    26     1    10    12     0     0    -1.0   22.871  120.323     12.3   1016.4    291.1    292.4      0.0    471.3     51.4     28.7     38.8
     4     1    26     1    10    12     0     0    -1.0   22.757  120.303     77.0    976.9    291.6    289.6      0.0    148.1     58.9    281.7     46.9
     5     1    26     1    10    12     0     0    -1.0   22.751  120.305     53.2    970.1    291.4    288.8      0.0     43.9     60.0    377.6     64.5
     6     1    26     1    10    12     0     0    -1.0   22.779  120.303      6.9    996.2    291.5    291.1      0.0    242.2     58.7    207.3     37.3
     7     1    26     1    10    12     0     0    -1.0   22.955  120.349     10.5   1019.3    290.4    292.0      0.0    579.6     55.3      9.3     62.0
     8     1    26     1    10    12     0     0    -1.0   22.973  120.353     10.0   1019.4    290.0    291.6      0.0    588.9     58.8      9.6     84.5
     9     1    26     1    10    12     0     0    -1.0   22.931  120.356     10.1   1019.6    291.0    292.6      0.0    659.8     54.9      7.2     45.2
    10     1    26     1    10    12     0     0    -1.0   22.852  120.314    259.0   1014.5    290.5    291.7      0.0    396.4     51.2     46.5     48.5
    11     1    26     1    10    12     0     0    -1.0   22.844  120.315    255.4   1012.0    290.0    291.0      0.0    379.1     54.7     72.2     64.9
    12     1    26     1    10    12     0     0    -1.0   22.871  120.323    252.0   1016.6    291.1    292.5      0.0    471.5     51.4     28.7     38.8
    13     1    26     1    10    12     0     0    -1.0   22.755  120.303    311.8    978.5    291.6    289.7      0.0    149.1     58.7    280.1     46.7
    14     1    26     1    10    12     0     0    -1.0   22.749  120.305    294.8    970.6    291.4    288.8      0.0     44.2     60.1    377.6     64.4
    15     1    26     1    10    12     0     0    -1.0   22.779  120.303    247.9    996.2    291.5    291.1      0.0    242.2     58.7    207.3     37.3
    16     1    26     1    10    12     0     0    -1.0   22.955  120.349    250.4   1019.4    290.4    292.0      0.0    579.6     55.3      9.3     62.0
    17     1    26     1    10    12     0     0    -1.0   22.973  120.353    249.9   1019.4    290.0    291.6      0.0    588.9     58.8      9.6     84.5
    18     1    26     1    10    12     0     0    -1.0   22.931  120.356    250.1   1019.6    291.0    292.6      0.0    659.8     54.9      7.2     45.2
    19     1    26     1    10    12     0     0    -1.0   22.917  120.339     58.8    977.7    291.0    289.1      0.0    346.8     57.5     61.6     51.9
    20     1    26     1    10    12     0     0    -1.0   22.944  120.345     43.3    973.8    290.6    288.4      0.0    343.9     62.4    119.3     75.1
    21     1    26     1    10    12     0     0    -1.0   22.882  120.328     55.7    981.8    291.2    289.7      0.0    457.4     57.3     31.2     39.0
    22     1    26     1    10    12     0     0    -1.0   22.771  120.320     71.9    942.7    293.0    288.1      0.0    136.3     61.0    345.4     51.0
    23     1    26     1    10    12     0     0    -1.0   22.789  120.319      0.0    940.6    293.0    287.8      0.0     56.6     60.5    455.2     71.9
    24     1    26     1    10    12     0     0    -1.0   22.774  120.312     38.1    961.9    292.0    288.7      0.0    241.9     65.2    231.0     37.2
    25     1    26     1    10    12     0     0    -1.0   22.997  120.359     19.4    988.8    290.3    289.4      0.0    564.3     60.7     10.3     64.4
    26     1    26     1    10    12     0     0    -1.0   23.028  120.370     37.5    986.6    289.8    288.7      0.0    583.7     65.1      9.9     91.2
    27     1    26     1    10    12     0     0    -1.0   22.947  120.363     12.2    989.9    290.8    290.0      0.0    644.2     60.0      8.4     45.8
     1     1    26     1    10    11     0     1    -2.0   23.004  120.315     24.8   1010.6    290.6    291.5      0.0    447.5     52.4     57.6     76.4
     2     1    26     1    10    11     0     1    -2.0   22.999  120.316     13.5   1008.4    290.3    291.0      0.0    472.5     57.0     98.7    102.5
     3     1    26     1    10    11     0     1    -2.0   23.012  120.327     21.7   1012.5    291.2    292.2      0.0    493.1     50.4     44.0     55.2
     4     1    26     1    10    11     0     1    -2.0   22.825  120.299    134.6    969.3    292.0    289.4      0.0    217.4     58.4    288.3     66.5
     5     1    26     1    10    11     0     1    -2.0   22.812  120.295     57.7    970.3    291.6    289.0      0.0    103.8     59.9    371.7     92.8
     6     1    26     1    10    11     0     1    -2.0   22.844  120.294     15.1    994.5    291.8    291.3      0.0    330.9     56.7    200.5     50.2
     7     1    26     1    10    11     0     1    -2.0   23.196  120.379      9.9   1018.5    290.1    291.7      0.0    632.5     57.6     12.1    105.5
     8     1    26     1    10    11     0     1    -2.0   23.231  120.401     10.0   1018.4    289.6    291.1      0.0    647.9     61.3      1.1    171.3
     9     1    26     1    10    11     0     1    -2.0   23.148  120.384      9.5   1018.4    290.7    292.2      0.0    637.2     54.8     12.5     75.5
    10     1    26     1    10    11     0     1    -2.0   22.989  120.315    263.9   1012.1    290.6    291.6      0.0    451.5     52.0     55.7     75.1
    11     1    26     1    10    11     0     1    -2.0   22.987  120.315    253.7   1009.1    290.3    291.0      0.0    472.5     56.6     95.8    101.1
    12     1    26     1    10    11     0     1    -2.0   23.008  120.326    260.8   1013.8    291.2    292.3      0.0    494.8     50.2     43.5     54.9
    13     1    26     1    10    11     0     1    -2.0   22.821  120.299    371.0    970.7    292.0    289.5      0.0    220.0     58.3    286.7     66.1
    14     1    26     1    10    11     0     1    -2.0   22.808  120.295    301.6    970.7    291.6    289.0      0.0    102.5     59.9    369.9     92.2
    15     1    26     1    10    11     0     1    -2.0   22.844  120.294    256.1    995.1    291.8    291.3      0.0    331.1     56.7    200.2     50.1
    16     1    26     1    10    11     0     1    -2.0   23.195  120.379    249.9   1018.5    290.1    291.7      0.0    632.6     57.6     12.1    105.5
    17     1    26     1    10    11     0     1    -2.0   23.231  120.401    250.0   1018.4    289.6    291.1      0.0    647.9     61.3      1.1    171.3
    18     1    26     1    10    11     0     1    -2.0   23.147  120.384    249.9   1018.4    290.7    292.2      0.0    637.2     54.8     12.5     75.5
    19     1    26     1    10    11     0     1    -2.0   23.126  120.376     88.9    966.5    291.2    288.3      0.0    355.8     61.0    128.4     93.0
    20     1    26     1    10    11     0     1    -2.0   23.186  120.383     63.3    970.8    290.6    288.1      0.0    458.8     64.3    117.7    132.1
    21     1    26     1    10    11     0     1    -2.0   23.058  120.356     81.8    974.5    291.5    289.3      0.0    441.9     57.1     56.9     57.9
    22     1    26     1    10    11     0     1    -2.0   22.838  120.333    127.0    928.2    293.5    287.2      0.0    191.2     62.9    421.5     77.0
    23     1    26     1    10    11     0     1    -2.0   22.884  120.322      0.0    934.2    293.0    287.2      0.0    125.4     63.0    521.6    109.1
    24     1    26     1    10    11     0     1    -2.0   22.837  120.321     75.9    950.6    292.5    288.2      0.0    316.9     65.5    278.7     52.6
    25     1    26     1    10    11     0     1    -2.0   23.302  120.410     55.7    983.7    289.9    288.5      0.0    622.7     64.9     11.9    120.4
    26     1    26     1    10    11     0     1    -2.0   23.362  120.450     90.7    979.9    289.3    287.6      0.0    637.2     71.6      0.0    189.3
    27     1    26     1    10    11     0     1    -2.0   23.212  120.404     17.5    987.9    290.5    289.5      0.0    619.4     60.0     14.5     79.8
     1     1    26     1    10    10     0     2    -3.0   23.167  120.310     18.3   1008.9    290.8    291.5      0.0    557.4     54.0     80.0    116.7
     2     1    26     1    10    10     0     2    -3.0   23.164  120.319      0.0   1010.7    290.4    291.3      0.0    590.9     55.1     68.3    159.5
     3     1    26     1    10    10     0     2    -3.0   23.165  120.321     27.5   1009.9    291.2    292.1      0.0    541.1     51.4     53.4     84.7
     4     1    26     1    10    10     0     2    -3.0   22.925  120.286    151.9    968.7    292.1    289.4      0.0    203.2     57.8    275.7     88.9
     5     1    26     1    10    10     0     2    -3.0   22.890  120.273     25.9    978.5    291.3    289.5      0.0    176.8     59.6    331.0    131.4
     6     1    26     1    10    10     0     2    -3.0   22.921  120.286     32.1    991.3    292.1    291.3      0.0    432.6     54.8    196.1     64.7
     7     1    26     1    10    10     0     2    -3.0   23.439  120.419      9.7   1017.8    289.9    291.3      0.0    681.7     57.6      3.9    192.6
     8     1    26     1    10    10     0     2    -3.0   23.496  120.471     10.0   1019.1    289.3    290.8      0.0    676.8     62.0      0.0    281.0
     9     1    26     1    10    10     0     2    -3.0   23.374  120.402      5.8   1017.5    290.5    291.9      0.0    693.3     55.8     14.2    118.8
    10     1    26     1    10    10     0     2    -3.0   23.138  120.309    257.4   1010.4    290.8    291.7      0.0    555.8     53.5     74.3    112.7
    11     1    26     1    10    10     0     2    -3.0   23.150  120.317    249.3   1010.6    290.4    291.3      0.0    589.4     55.1     69.8    156.8
    12     1    26     1    10    10     0     2    -3.0   23.151  120.320    266.4   1011.4    291.3    292.2      0.0    547.6     51.1     52.1     83.3
    13     1    26     1    10    10     0     2    -3.0   22.921  120.286    389.0    970.0    292.1    289.5      0.0    208.6     57.6    273.9     88.4
    14     1    26     1    10    10     0     2    -3.0   22.886  120.273    271.7    978.8    291.3    289.5      0.0    174.9     59.5    328.8    130.3
    15     1    26     1    10    10     0     2    -3.0   22.917  120.285    273.2    992.4    292.1    291.4      0.0    434.0     54.7    193.4     64.4
    16     1    26     1    10    10     0     2    -3.0   23.439  120.419    250.0   1017.8    289.9    291.3      0.0    681.8     57.6      3.9    192.5
    17     1    26     1    10    10     0     2    -3.0   23.495  120.471    250.0   1019.1    289.3    290.8      0.0    676.8     62.0      0.0    281.0
    18     1    26     1    10    10     0     2    -3.0   23.374  120.402    249.9   1017.5    290.5    291.9      0.0    693.3     55.8     14.2    118.8
    19     1    26     1    10    10     0     2    -3.0   23.338  120.405    128.2    957.4    291.1    287.5      0.0    466.6     63.4    170.6    155.3
    20     1    26     1    10    10     0     2    -3.0   23.440  120.419     26.1    980.6    290.1    288.5      0.0    599.7     63.1     58.3    225.7
    21     1    26     1    10    10     0     2    -3.0   23.251  120.376     94.6    968.7    291.5    288.9      0.0    386.6     59.2     88.1     91.0
    22     1    26     1    10    10     0     2    -3.0   22.924  120.331    147.0    922.8    293.6    286.8      0.0    192.7     64.0    451.2    104.3
    23     1    26     1    10    10     0     2    -3.0   22.994  120.310      0.0    934.7    292.5    286.9      0.0    207.6     65.5    539.4    157.8
    24     1    26     1    10    10     0     2    -3.0   22.913  120.333    100.2    938.8    293.0    287.7      0.0    387.8     65.5    348.0     75.4
    25     1    26     1    10    10     0     2    -3.0   23.616  120.484    131.8    974.5    289.5    287.3      0.0    655.6     69.0      0.0    230.2
    26     1    26     1    10    10     0     2    -3.0   23.711  120.572    151.2    971.9    288.9    286.6      0.0    638.0     75.0      8.2    285.9
    27     1    26     1    10    10     0     2    -3.0   23.505  120.445     59.0    982.5    290.2    288.7      0.0    687.0     62.6     17.8    128.5
     1     1    26     1    10     9     0     3    -4.0   23.337  120.307      0.0   1010.1    290.8    291.7      0.0    674.6     52.4     72.3    172.9
     2     1    26     1    10     9     0     3    -4.0   23.352  120.334      0.0   1012.7    290.4    291.4      0.0    687.6     53.7     44.2    252.8
     3     1    26     1    10     9     0     3    -4.0   23.335  120.306     20.4   1009.1    291.3    292.1      0.0    634.0     52.2     64.3    126.4
     4     1    26     1    10     9     0     3    -4.0   23.053  120.253    143.3    978.5    291.7    289.9      0.0    170.8     56.6    197.5    121.5
     5     1    26     1    10     9     0     3    -4.0   22.969  120.244      0.0    985.3    291.3    290.0      0.0    268.3     58.8    285.3    183.3
     6     1    26     1    10     9     0     3    -4.0   23.028  120.282     45.0    987.0    292.4    291.3      0.0    501.7     53.2    210.2     85.1
     7     1    26     1    10     9     0     3    -4.0   23.688  120.478      9.7   1018.1    289.6    291.1      0.0    696.2     58.3      0.0    310.1
     8     1    26     1    10     9     0     3    -4.0   23.790  120.571      8.2   1017.5    288.9    290.3      0.0    639.0     64.4      6.6    347.3
     9     1    26     1    10     9     0     3    -4.0   23.606  120.430      4.7   1017.1    290.3    291.7      0.0    749.2     54.4      9.7    195.2
    10     1    26     1    10     9     0     3    -4.0   23.303  120.304    249.2   1010.0    290.9    291.7      0.0    676.8     52.4     75.4    164.6
    11     1    26     1    10     9     0     3    -4.0   23.336  120.331    249.5   1012.5    290.4    291.4      0.0    687.6     53.4     45.2    246.6
    12     1    26     1    10     9     0     3    -4.0   23.307  120.306    256.8   1010.5    291.4    292.3      0.0    628.0     51.8     60.1    121.8
    13     1    26     1    10     9     0     3    -4.0   23.047  120.253    381.1    980.0    291.7    290.0      0.0    167.8     56.3    194.2    119.3
    14     1    26     1    10     9     0     3    -4.0   22.965  120.244    247.2    985.6    291.3    290.1      0.0    265.8     58.8    282.8    181.7
    15     1    26     1    10     9     0     3    -4.0   23.021  120.281    286.9    988.1    292.4    291.4      0.0    513.4     52.9    206.0     84.0
    16     1    26     1    10     9     0     3    -4.0   23.687  120.478    250.0   1018.1    289.6    291.1      0.0    696.2     58.2      0.0    309.9
    17     1    26     1    10     9     0     3    -4.0   23.790  120.571    249.9   1017.5    288.9    290.3      0.0    639.0     64.4      6.6    347.3
    18     1    26     1    10     9     0     3    -4.0   23.606  120.430    249.9   1017.1    290.3    291.7      0.0    749.2     54.4      9.7    195.2
    19     1    26     1    10     9     0     3    -4.0   23.566  120.426     62.7    971.3    290.8    288.3      0.0    687.6     60.0    105.4    228.4
    20     1    26     1    10     9     0     3    -4.0   23.723  120.469     40.9    981.8    289.5    288.0      0.0    609.2     67.7     23.6    340.5
    21     1    26     1    10     9     0     3    -4.0   23.462  120.383    134.6    956.7    291.2    287.6      0.0    498.2     63.8    164.0    160.7
    22     1    26     1    10     9     0     3    -4.0   23.030  120.304    149.8    929.1    293.0    286.8      0.0    162.5     64.5    389.3    130.8
    23     1    26     1    10     9     0     3    -4.0   23.123  120.285      0.0    954.9    292.0    288.1      0.0    432.3     61.0    399.2    207.4
    24     1    26     1    10     9     0     3    -4.0   23.014  120.342    113.1    928.2    293.4    287.1      0.0    444.4     64.4    423.8    108.4
    25     1    26     1    10     9     0     3    -4.0   23.936  120.587    199.1    965.5    289.1    286.2      0.0    647.2     74.0     11.0    339.8
    26     1    26     1    10     9     0     3    -4.0   24.059  120.735    243.2    960.7    288.9    285.6      0.0    640.8     76.5     16.8    347.9
    27     1    26     1    10     9     0     3    -4.0   23.793  120.503    176.9    968.1    289.9    287.3      0.0    687.6     64.9      1.8    234.3
     1     1    26     1    10     8     0     2    -5.0   23.517  120.306      0.0   1012.7    290.9    291.9      0.0    831.5     51.3     39.3    346.5
     2     1    26     1    10     8     0     2    -5.0   23.560  120.361      0.0   1014.8    290.1    291.3      0.0    787.5     56.3     21.2    413.1
     3     1    26     1    10     8     0     2    -5.0   23.499  120.285      0.0   1011.8    291.3    292.2      0.0    835.5     50.5     63.7    271.8
     4     1    26     1    10     8     0     2    -5.0   23.181  120.210     92.7    981.6    291.8    290.2      0.0    551.0     55.3    228.3    271.9
     5     1    26     1    10     8     0     2    -5.0   23.054  120.209      0.0    990.6    291.8    291.0      0.0    624.6     53.6    240.0    300.6
     6     1    26     1    10     8     0     2    -5.0   23.136  120.257     20.3    996.8    292.1    291.8      0.0    580.4     52.5    149.7    197.8
     7     1    26     1    10     8     0     2    -5.0   23.957  120.552      6.8   1017.0    289.1    290.5      0.0    705.0     62.4      6.1    429.4
     8     1    26     1    10     8     0     2    -5.0   24.107  120.690      4.2   1017.2    288.6    290.0      0.0    678.2     63.6     10.2    430.6
     9     1    26     1    10     8     0     2    -5.0   23.838  120.464      4.6   1017.2    290.0    291.4      0.0    808.4     55.5      0.0    380.5
    10     1    26     1    10     8     0     2    -5.0   23.481  120.300    249.6   1012.6    290.9    292.0      0.0    831.8     50.9     40.4    336.3
    11     1    26     1    10     8     0     2    -5.0   23.543  120.357    249.8   1014.8    290.1    291.3      0.0    794.3     56.0     21.4    412.1
    12     1    26     1    10     8     0     2    -5.0   23.464  120.284    249.4   1012.0    291.3    292.3      0.0    834.3     50.4     59.2    262.6
    13     1    26     1    10     8     0     2    -5.0   23.174  120.209    328.4    983.4    291.8    290.4      0.0    551.1     55.0    223.8    269.9
    14     1    26     1    10     8     0     2    -5.0   23.049  120.209    247.6    990.3    291.8    291.0      0.0    618.4     53.7    242.5    299.7
    15     1    26     1    10     8     0     2    -5.0   23.128  120.258    264.6    997.1    292.1    291.9      0.0    588.9     52.4    150.6    195.8
    16     1    26     1    10     8     0     2    -5.0   23.956  120.552    249.9   1017.0    289.1    290.5      0.0    705.2     62.4      6.1    429.3
    17     1    26     1    10     8     0     2    -5.0   24.107  120.690    249.9   1017.2    288.6    290.0      0.0    678.2     63.6     10.2    430.6
    18     1    26     1    10     8     0     2    -5.0   23.838  120.464    250.0   1017.2    290.0    291.4      0.0    808.4     55.5      0.0    380.4
    19     1    26     1    10     8     0     2    -5.0   23.805  120.442     16.9    982.5    290.3    288.9      0.0    817.3     60.3     37.1    400.7
    20     1    26     1    10     8     0     2    -5.0   24.045  120.569    107.4    967.4    289.5    286.8      0.0    670.2     70.6     91.7    430.2
    21     1    26     1    10     8     0     2    -5.0   23.661  120.390    143.3    959.0    291.2    287.8      0.0    782.7     61.5    131.9    319.0
    22     1    26     1    10     8     0     2    -5.0   23.147  120.266    126.7    940.6    292.3    287.2      0.0    480.0     63.0    307.8    269.9
    23     1    26     1    10     8     0     2    -5.0   23.283  120.249      0.0    985.4    291.8    290.6      0.0    860.2     51.9    166.0    341.1
    24     1    26     1    10     8     0     2    -5.0   23.119  120.324     80.0    934.7    293.2    287.5      0.0    545.7     63.2    399.7    226.6
    25     1    26     1    10     8     0     2    -5.0   24.257  120.715    280.2    955.8    289.3    285.6      0.0    643.2     74.3     19.6    430.4
    26     1    26     1    10     8     0     2    -5.0   24.349  120.936    363.8    940.3    289.4    284.3      0.0    767.4     76.9     67.8    426.6
    27     1    26     1    10     8     0     2    -5.0   24.065  120.573    260.1    957.7    289.5    286.0      0.0    772.5     71.3     13.7    419.0
     1     1    26     1    10     7     0     1    -6.0   23.713  120.310      0.0   1014.9    290.3    291.6      0.0    917.3     54.9     18.0    505.0
     2     1    26     1    10     7     0     1    -6.0   23.794  120.394      0.0   1015.3    289.6    290.9      0.0    764.8     58.5     13.5    516.2
     3     1    26     1    10     7     0     1    -6.0   23.667  120.257      0.0   1016.0    291.1    292.4      0.0    975.7     50.3     13.6    448.0
     4     1    26     1    10     7     0     1    -6.0   23.278  120.164      0.0    994.7    292.1    291.6      0.0    837.6     50.7    202.4    403.1
     5     1    26     1    10     7     0     1    -6.0   23.151  120.166      0.0    999.7    292.2    292.1      0.0    932.1     49.1    158.3    439.5
     6     1    26     1    10     7     0     1    -6.0   23.215  120.209      0.0   1001.1    292.2    292.3      0.0    821.6     50.3    122.7    327.4
     7     1    26     1    10     7     0     1    -6.0   24.258  120.635      0.1   1016.9    288.7    290.1      0.0    673.8     62.9     12.2    512.8
     8     1    26     1    10     7     0     1    -6.0   24.426  120.826      0.0   1016.4    288.4    289.7      0.0    802.6     61.5     13.6    511.8
     9     1    26     1    10     7     0     1    -6.0   24.081  120.504      4.4   1017.2    289.3    290.7      0.0    811.2     60.4      0.8    515.5
    10     1    26     1    10     7     0     1    -6.0   23.674  120.301    249.8   1014.8    290.4    291.7      0.0    923.3     54.4     19.2    499.7
    11     1    26     1    10     7     0     1    -6.0   23.774  120.388    249.9   1015.3    289.7    290.9      0.0    771.2     58.3     12.9    516.5
    12     1    26     1    10     7     0     1    -6.0   23.628  120.251    249.9   1016.6    291.1    292.5      0.0    981.6     49.9     12.4    436.1
    13     1    26     1    10     7     0     1    -6.0   23.268  120.163    248.0    994.4    292.1    291.6      0.0    831.1     50.8    204.9    400.3
    14     1    26     1    10     7     0     1    -6.0   23.145  120.166    248.4    999.4    292.2    292.1      0.0    927.3     49.2    160.9    437.7
    15     1    26     1    10     7     0     1    -6.0   23.206  120.210    248.8   1001.2    292.2    292.3      0.0    821.7     50.4    121.4    324.0
    16     1    26     1    10     7     0     1    -6.0   24.257  120.634    249.9   1016.9    288.7    290.1      0.0    673.7     62.9     12.2    512.8
    17     1    26     1    10     7     0     1    -6.0   24.425  120.826    249.9   1016.4    288.4    289.7      0.0    802.6     61.5     13.6    511.8
    18     1    26     1    10     7     0     1    -6.0   24.080  120.504    250.0   1017.2    289.3    290.7      0.0    811.3     60.4      0.8    515.5
    19     1    26     1    10     7     0     1    -6.0   24.065  120.470     10.1    985.0    289.7    288.5      0.0    785.0     62.9     20.6    517.3
    20     1    26     1    10     7     0     1    -6.0   24.336  120.699    123.8    965.8    289.4    286.5      0.0    806.5     68.6     79.0    511.6
    21     1    26     1    10     7     0     1    -6.0   23.848  120.383     70.7    973.0    291.0    288.7      0.0    985.5     59.4     71.2    483.0
    22     1    26     1    10     7     0     1    -6.0   23.244  120.228     56.3    951.5    292.1    288.0      0.0    747.1     59.5    282.1    392.9
    23     1    26     1    10     7     0     1    -6.0   23.450  120.214      0.0    987.5    291.3    290.3      0.0   1023.4     53.5     69.5    490.2
    24     1    26     1    10     7     0     1    -6.0   23.209  120.272      2.2    961.5    292.5    289.2      0.0    782.1     57.2    228.1    344.6
    25     1    26     1    10     7     0     1    -6.0   24.534  120.869    373.1    939.3    289.5    284.4      0.0    785.8     75.6     62.3    512.5
    26     1    26     1    10     7     0     1    -6.0   24.579  121.124    421.1    935.7    289.4    284.0      0.0    974.3     76.0     54.8    500.6
    27     1    26     1    10     7     0     1    -6.0   24.334  120.645    278.4    955.3    289.5    285.7      0.0    747.1     72.0     13.6    515.6
     1     1    26     1    10     6     0     0    -7.0   23.932  120.324      0.0   1015.2    289.7    290.9      0.0    861.4     58.1      9.6    600.7
     2     1    26     1    10     6     0     0    -7.0   24.078  120.443      0.0   1016.1    288.8    290.2      0.0    704.7     61.7     12.4    597.3
     3     1    26     1    10     6     0     0    -7.0   23.865  120.239      0.0   1016.8    290.4    291.8      0.0   1024.9     54.7      0.0    604.7
     4     1    26     1    10     6     0     0    -7.0   23.374  120.109      0.0   1004.5    292.2    292.6      0.0   1091.2     47.9    115.2    555.6
     5     1    26     1    10     6     0     0    -7.0   23.273  120.114      0.0   1008.1    292.1    292.8      0.0   1142.9     48.1     78.4    601.4
     6     1    26     1    10     6     0     0    -7.0   23.284  120.143      0.0   1003.4    292.5    292.8      0.0   1093.4     47.1    108.8    445.1
     7     1    26     1    10     6     0     0    -7.0   24.582  120.732      0.0   1017.5    288.2    289.7      0.0    802.1     63.0      0.0    597.3
     8     1    26     1    10     6     0     0    -7.0   24.737  120.971      0.0   1018.6    287.8    289.4      0.0    943.4     60.5      0.0    596.7
     9     1    26     1    10     6     0     0    -7.0   24.358  120.557      0.7   1016.7    288.8    290.2      0.0    748.4     61.9      5.3    597.8
    10     1    26     1    10     6     0     0    -7.0   23.889  120.311    249.9   1015.3    289.7    291.0      0.0    887.9     57.9      9.2    601.4
    11     1    26     1    10     6     0     0    -7.0   24.054  120.434    249.9   1016.1    288.9    290.2      0.0    697.1     61.6     13.5    597.2
    12     1    26     1    10     6     0     0    -7.0   23.822  120.228    250.0   1016.8    290.5    291.9      0.0   1041.9     54.0      0.0    604.7
    13     1    26     1    10     6     0     0    -7.0   23.363  120.108    248.8   1004.3    292.2    292.6      0.0   1086.4     47.9    117.3    551.6
    14     1    26     1    10     6     0     0    -7.0   23.265  120.114    249.2   1007.9    292.2    292.8      0.0   1145.1     48.0     80.1    601.3
    15     1    26     1    10     6     0     0    -7.0   23.274  120.144    248.9   1003.6    292.5    292.8      0.0   1096.7     47.1    106.1    442.9
    16     1    26     1    10     6     0     0    -7.0   24.582  120.731    250.0   1017.5    288.2    289.7      0.0    801.9     63.0      0.0    597.3
    17     1    26     1    10     6     0     0    -7.0   24.737  120.971    250.0   1018.6    287.8    289.4      0.0    943.4     60.5      0.0    596.7
    18     1    26     1    10     6     0     0    -7.0   24.358  120.557    249.9   1016.7    288.8    290.2      0.0    748.5     61.9      5.3    597.8
    19     1    26     1    10     6     0     0    -7.0   24.380  120.535     38.0    979.6    289.1    287.4      0.0    749.4     67.0     41.7    597.3
    20     1    26     1    10     6     0     0    -7.0   24.636  120.840     98.4    974.7    288.8    286.7      0.0    969.0     66.9     29.3    595.2
    21     1    26     1    10     6     0     0    -7.0   24.037  120.378     46.5    979.5    290.3    288.6      0.0   1057.9     61.0     26.0    604.2
    22     1    26     1    10     6     0     0    -7.0   23.324  120.178      0.0    975.5    292.3    290.2      0.0   1045.3     52.7    200.1    530.5
    23     1    26     1    10     6     0     0    -7.0   23.624  120.194      0.0    986.1    290.7    289.5      0.0   1045.4     56.8     30.6    603.8
    24     1    26     1    10     6     0     0    -7.0   23.284  120.202      0.0    974.4    292.3    290.1      0.0   1088.3     53.6    144.4    463.9
    25     1    26     1    10     6     0     0    -7.0   24.776  121.021    420.2    939.2    289.2    284.1      0.0    821.9     75.8     11.5    596.7
    26     1    26     1    10     6     0     0    -7.0   24.787  121.305    439.4    935.0    289.0    283.5      0.0   1050.7     78.7     37.8    588.7
    27     1    26     1    10     6     0     0    -7.0   24.621  120.741    324.1    950.2    289.2    285.0      0.0    707.2     73.1     11.6    596.9
     1     1    26     1    10     5     0     1    -8.0   24.199  120.365      0.0   1016.9    288.7    290.1      0.0    717.9     61.0     10.8    562.6
     2     1    26     1    10     5     0     1    -8.0   24.395  120.537      0.0   1017.0    288.2    289.6      0.0    810.7     61.8      9.5    562.1
     3     1    26     1    10     5     0     1    -8.0   24.087  120.248      0.0   1017.5    289.1    290.5      0.0    844.1     59.8      0.0    565.6
     4     1    26     1    10     5     0     1    -8.0   23.494  120.060      0.0   1012.6    291.2    292.2      0.0   1005.6     48.9     44.9    567.4
     5     1    26     1    10     5     0     1    -8.0   23.419  120.079      0.0   1013.7    290.5    291.7      0.0    976.6     52.0     30.4    568.3
     6     1    26     1    10     5     0     1    -8.0   23.348  120.075      0.0   1008.6    291.6    292.3      0.0    946.1     47.0     80.5    456.1
     7     1    26     1    10     5     0     1    -8.0   24.900  120.862      0.0   1018.9    287.7    289.2      0.0    899.0     60.5      0.0    562.1
     8     1    26     1    10     5     0     1    -8.0   25.007  121.144      0.0   1019.4    287.5    289.1      0.0   1039.1     57.3      0.0    559.0
     9     1    26     1    10     5     0     1    -8.0   24.673  120.633      0.0   1017.7    288.1    289.6      0.0    757.7     62.7      3.8    563.8
    10     1    26     1    10     5     0     1    -8.0   24.149  120.348    249.9   1016.8    288.8    290.2      0.0    740.3     60.5      9.2    562.9
    11     1    26     1    10     5     0     1    -8.0   24.369  120.525    249.9   1017.1    288.2    289.6      0.0    801.3     62.1      7.9    562.1
    12     1    26     1    10     5     0     1    -8.0   24.040  120.232    250.0   1017.5    289.2    290.6      0.0    874.8     59.0      0.0    566.6
    13     1    26     1    10     5     0     1    -8.0   23.481  120.058    249.5   1012.5    291.2    292.2      0.0   1002.0     48.9     46.0    564.5
    14     1    26     1    10     5     0     1    -8.0   23.411  120.078    249.7   1013.6    290.6    291.7      0.0    977.7     51.9     31.4    568.3
    15     1    26     1    10     5     0     1    -8.0   23.338  120.076    249.2   1008.6    291.6    292.3      0.0    947.0     47.0     79.3    452.7
    16     1    26     1    10     5     0     1    -8.0   24.899  120.862    250.0   1018.9    287.7    289.2      0.0    898.7     60.5      0.0    562.1
    17     1    26     1    10     5     0     1    -8.0   25.007  121.143    250.0   1019.4    287.5    289.1      0.0   1039.1     57.3      0.0    559.0
    18     1    26     1    10     5     0     1    -8.0   24.673  120.633    250.0   1017.7    288.1    289.6      0.0    757.7     62.7      3.8    563.8
    19     1    26     1    10     5     0     1    -8.0   24.699  120.648     35.3    983.2    288.4    287.0      0.0    806.0     66.7     18.4    562.1
    20     1    26     1    10     5     0     1    -8.0   24.906  121.035    126.7    974.3    288.0    285.9      0.0   1031.4     67.8     13.8    555.7
    21     1    26     1    10     5     0     1    -8.0   24.263  120.394     25.1    984.1    289.3    288.0      0.0    829.1     63.0     13.5    565.0
    22     1    26     1    10     5     0     1    -8.0   23.413  120.124      0.0    983.6    291.3    289.9      0.0    978.6     53.6    117.5    546.5
    23     1    26     1    10     5     0     1    -8.0   23.856  120.202      0.0    988.8    289.3    288.4      0.0    790.9     61.6     18.9    564.6
    24     1    26     1    10     5     0     1    -8.0   23.344  120.136      0.0    978.8    291.5    289.7      0.0    945.4     53.8    126.2    466.4
    25     1    26     1    10     5     0     1    -8.0   25.006  121.200    465.5    934.6    288.4    282.9      0.0    963.3     80.8     18.2    555.7
    26     1    26     1    10     5     0     1    -8.0   24.961  121.518    435.7    937.8    288.2    283.0      0.0   1059.7     80.0     26.4    549.7
    27     1    26     1    10     5     0     1    -8.0   24.902  120.873    371.1    943.5    288.7    284.0      0.0    808.9     75.9     29.3    562.1
     1     1    26     1    10     4     0     2    -9.0   24.504  120.457      0.0   1018.3    287.9    289.4      0.0    752.0     63.0      0.0    527.9
     2     1    26     1    10     4     0     2    -9.0   24.689  120.680      0.0   1019.7    287.6    289.2      0.0    893.7     60.7      0.0    527.4
     3     1    26     1    10     4     0     2    -9.0   24.359  120.299      0.0   1017.8    288.4    289.8      0.0    741.5     61.5      4.6    527.7
     4     1    26     1    10     4     0     2    -9.0   23.627  120.035      0.0   1016.3    290.0    291.3      0.0    880.5     52.4     16.5    532.9
     5     1    26     1    10     4     0     2    -9.0   23.592  120.072      0.0   1016.3    289.4    290.7      0.0    843.3     55.8     12.6    530.4
     6     1    26     1    10     4     0     2    -9.0   23.410  120.021      0.0   1014.3    290.6    291.8      0.0    806.4     46.4     42.3    474.2
     7     1    26     1    10     4     0     2    -9.0   25.170  121.033      0.0   1020.0    287.3    289.0      0.0    980.8     58.4      1.0    526.8
     8     1    26     1    10     4     0     2    -9.0   25.210  121.336      0.0   1020.2    287.2    288.8      0.0   1041.4     54.9      0.0    524.5
     9     1    26     1    10     4     0     2    -9.0   24.985  120.758      0.0   1018.8    287.7    289.2      0.0    832.1     62.3      0.3    527.4
    10     1    26     1    10     4     0     2    -9.0   24.452  120.433    250.0   1018.1    288.0    289.5      0.0    743.3     62.5      3.3    528.0
    11     1    26     1    10     4     0     2    -9.0   24.666  120.665    250.0   1019.6    287.6    289.2      0.0    882.8     60.7      0.0    527.4
    12     1    26     1    10     4     0     2    -9.0   24.304  120.279    250.0   1017.9    288.3    289.8      0.0    747.8     61.9      2.7    527.7
    13     1    26     1    10     4     0     2    -9.0   23.612  120.032    249.8   1016.3    290.0    291.3      0.0    881.4     52.1     16.1    533.2
    14     1    26     1    10     4     0     2    -9.0   23.582  120.070    249.9   1016.3    289.4    290.7      0.0    847.2     55.7     12.6    530.5
    15     1    26     1    10     4     0     2    -9.0   23.399  120.021    249.6   1014.3    290.6    291.8      0.0    804.4     46.4     42.1    470.1
    16     1    26     1    10     4     0     2    -9.0   25.170  121.032    250.0   1020.0    287.3    289.0      0.0    980.6     58.4      1.0    526.9
    17     1    26     1    10     4     0     2    -9.0   25.210  121.336    250.0   1020.2    287.2    288.8      0.0   1041.4     54.9      0.0    524.5
    18     1    26     1    10     4     0     2    -9.0   24.985  120.758    250.0   1018.8    287.7    289.2      0.0    832.1     62.3      0.3    527.4
    19     1    26     1    10     4     0     2    -9.0   24.996  120.829     43.9    985.2    287.8    286.6      0.0    934.7     66.9      8.0    524.9
    20     1    26     1    10     4     0     2    -9.0   25.096  121.269    138.2    974.8    287.5    285.4      0.0   1048.5     66.7      5.7    517.5
    21     1    26     1    10     4     0     2    -9.0   24.562  120.462     17.8    986.6    288.2    287.1      0.0    688.4     66.9     15.0    527.5
    22     1    26     1    10     4     0     2    -9.0   23.505  120.086      0.0    988.1    290.3    289.3      0.0    882.8     55.0     61.8    534.5
    23     1    26     1    10     4     0     2    -9.0   24.167  120.284      4.6    985.5    288.4    287.2      0.0    722.4     65.8     34.6    527.8
    24     1    26     1    10     4     0     2    -9.0   23.397  120.083      0.0    981.9    290.7    289.1      0.0    806.3     53.8     97.3    476.8
    25     1    26     1    10     4     0     2    -9.0   25.178  121.428    509.0    930.3    288.2    282.3      0.0   1036.1     81.8     26.5    521.6
    26     1    26     1    10     4     0     2    -9.0   25.053  121.731    476.8    926.0    288.0    281.7      0.0   1050.2     83.5     86.9    460.4
    27     1    26     1    10     4     0     2    -9.0   25.160  121.056    407.6    942.2    288.1    283.3      0.0    899.0     78.5     15.7    526.3
     1     1    26     1    10     3     0     3   -10.0   24.794  120.599      0.0   1019.3    287.6    289.2      0.0    822.8     61.2      0.0    492.8
     2     1    26     1    10     3     0     3   -10.0   24.935  120.864      0.0   1020.5    287.4    289.1      0.0    977.7     58.0      2.8    491.8
     3     1    26     1    10     3     0     3   -10.0   24.660  120.395      0.0   1018.5    287.8    289.3      0.0    736.3     62.2      4.9    492.8
     4     1    26     1    10     3     0     3   -10.0   23.792  120.034      0.0   1017.9    289.0    290.5      0.0    806.2     56.4      6.8    493.7
     5     1    26     1    10     3     0     3   -10.0   23.820  120.103      0.0   1017.5    288.6    290.0      0.0    748.9     58.3      9.6    492.8
     6     1    26     1    10     3     0     3   -10.0   23.462  119.989      0.0   1017.0    289.8    291.2      0.0    678.4     46.7     22.4    488.9
     7     1    26     1    10     3     0     3   -10.0   25.378  121.231      0.0   1020.9    287.2    288.9      0.0   1009.3     56.0      0.0    492.8
     8     1    26     1    10     3     0     3   -10.0   25.346  121.537      0.0   1020.9    287.0    288.7      0.0   1072.8     53.8      0.0    492.8
     9     1    26     1    10     3     0     3   -10.0   25.262  120.920      0.0   1020.9    287.2    288.9      0.0    908.1     60.7      0.0    492.8
    10     1    26     1    10     3     0     3   -10.0   24.746  120.571    250.0   1018.8    287.7    289.3      0.0    809.4     61.7      0.7    492.8
    11     1    26     1    10     3     0     3   -10.0   24.917  120.847    250.0   1020.4    287.4    289.1      0.0    970.8     58.2      3.0    491.7
    12     1    26     1    10     3     0     3   -10.0   24.602  120.367    249.9   1018.4    287.9    289.4      0.0    726.8     62.0      6.5    492.8
    13     1    26     1    10     3     0     3   -10.0   23.771  120.029    249.9   1018.0    289.1    290.5      0.0    811.2     56.2      6.2    493.6
    14     1    26     1    10     3     0     3   -10.0   23.807  120.099    249.9   1017.5    288.6    290.0      0.0    752.5     58.3      9.3    492.8
    15     1    26     1    10     3     0     3   -10.0   23.450  119.988    249.8   1017.0    289.8    291.2      0.0    673.9     46.7     22.3    485.3
    16     1    26     1    10     3     0     3   -10.0   25.378  121.231    250.0   1020.9    287.2    288.9      0.0   1009.2     56.0      0.0    492.8
    17     1    26     1    10     3     0     3   -10.0   25.346  121.537    250.0   1020.9    287.0    288.7      0.0   1072.8     53.8      0.0    492.8
    18     1    26     1    10     3     0     3   -10.0   25.262  120.920    250.0   1020.9    287.2    288.9      0.0    908.1     60.7      0.0    492.8
    19     1    26     1    10     3     0     3   -10.0   25.218  121.066     54.4    985.2    287.6    286.4      0.0   1005.6     64.6      6.3    490.2
    20     1    26     1    10     3     0     3   -10.0   25.189  121.493    184.5    967.2    287.5    284.7      0.0   1107.3     67.6     28.2    470.1
    21     1    26     1    10     3     0     3   -10.0   24.874  120.603     19.5    984.6    288.0    286.7      0.0    771.4     66.0     31.6    492.8
    22     1    26     1    10     3     0     3   -10.0   23.601  120.064      0.0    990.7    289.3    288.6      0.0    782.7     57.4     33.7    498.4
    23     1    26     1    10     3     0     3   -10.0   24.459  120.429      0.0    989.2    288.0    287.1      0.0    788.5     64.9     17.9    492.8
    24     1    26     1    10     3     0     3   -10.0   23.435  120.046      0.0    983.5    289.9    288.5      0.0    671.5     53.6     68.5    484.4
    25     1    26     1    10     3     0     3   -10.0   25.259  121.655    538.6    921.7    288.0    281.3      0.0   1015.5     85.4     71.4    432.4
    26     1    26     1    10     3     0     3   -10.0   25.070  121.920    555.3    924.3    287.8    281.4      0.0   1169.1     83.5     39.0    443.3
    27     1    26     1    10     3     0     3   -10.0   25.357  121.291    458.8    936.6    288.0    282.6      0.0    981.0     79.4     22.4    488.4
     1     1    26     1    10     2     0     2   -11.0   25.046  120.772      0.0   1020.2    287.2    288.9      0.0    936.3     60.3      1.7    334.7
     2     1    26     1    10     2     0     2   -11.0   25.124  121.067      0.0   1020.5    287.1    288.8      0.0   1015.1     56.5      0.0    334.4
     3     1    26     1    10     2     0     2   -11.0   24.947  120.538      0.0   1018.6    287.4    288.9      0.0    822.6     61.7      4.9    335.1
     4     1    26     1    10     2     0     2   -11.0   24.016  120.076      0.0   1017.8    288.0    289.5      0.0    727.8     60.5      7.1    335.1
     5     1    26     1    10     2     0     2   -11.0   24.091  120.189      0.0   1017.9    287.7    289.1      0.0    717.4     62.0     11.2    335.1
     6     1    26     1    10     2     0     2   -11.0   23.519  119.980      0.0   1017.3    288.6    290.1      0.0    559.2     51.0     20.0    340.4
     7     1    26     1    10     2     0     2   -11.0   25.527  121.433      0.0   1020.5    286.9    288.5      0.0   1035.7     54.7      0.0    335.1
     8     1    26     1    10     2     0     2   -11.0   25.444  121.720      0.0   1020.5    286.9    288.5      0.0   1085.4     52.8      0.0    335.1
     9     1    26     1    10     2     0     2   -11.0   25.488  121.108      0.1   1020.4    287.0    288.7      0.0    980.7     57.8      0.5    335.0
    10     1    26     1    10     2     0     2   -11.0   25.005  120.741    250.0   1020.5    287.2    288.9      0.0    933.1     61.0      0.0    335.1
    11     1    26     1    10     2     0     2   -11.0   25.110  121.050    250.0   1020.5    287.1    288.8      0.0   1012.9     56.7      0.0    334.5
    12     1    26     1    10     2     0     2   -11.0   24.894  120.506    250.0   1018.9    287.4    288.9      0.0    812.0     62.2      1.7    335.1
    13     1    26     1    10     2     0     2   -11.0   23.990  120.068    249.9   1017.8    288.1    289.5      0.0    729.8     60.4      6.7    335.2
    14     1    26     1    10     2     0     2   -11.0   24.077  120.183    249.9   1017.8    287.7    289.1      0.0    713.7     62.0     11.9    335.1
    15     1    26     1    10     2     0     2   -11.0   23.506  119.979    249.8   1017.3    288.6    290.0      0.0    555.3     50.9     20.9    340.4
    16     1    26     1    10     2     0     2   -11.0   25.527  121.432    250.0   1020.5    286.9    288.5      0.0   1035.6     54.7      0.0    335.1
    17     1    26     1    10     2     0     2   -11.0   25.444  121.720    250.0   1020.5    286.9    288.5      0.0   1085.3     52.8      0.0    335.1
    18     1    26     1    10     2     0     2   -11.0   25.488  121.108    250.1   1020.4    287.0    288.7      0.0    980.7     57.8      0.5    335.0
    19     1    26     1    10     2     0     2   -11.0   25.355  121.302     40.9    985.3    287.4    286.2      0.0   1043.3     64.0     14.4    324.7
    20     1    26     1    10     2     0     2   -11.0   25.235  121.688    227.0    965.2    287.3    284.4      0.0   1179.7     68.1      2.9    332.4
    21     1    26     1    10     2     0     2   -11.0   25.143  120.792     16.2    988.0    287.5    286.5      0.0    861.6     66.3     13.1    334.6
    22     1    26     1    10     2     0     2   -11.0   23.752  120.071      0.0    991.7    288.2    287.5      0.0    707.2     62.7     15.6    336.6
    23     1    26     1    10     2     0     2   -11.0   24.711  120.626      0.0    989.1    287.6    286.7      0.0    880.6     65.2     21.9    332.9
    24     1    26     1    10     2     0     2   -11.0   23.480  120.027     15.4    983.5    289.1    287.7      0.0    526.4     55.2     53.4    337.2
    25     1    26     1    10     2     0     2   -11.0   25.264  121.843    654.7    908.4    287.9    280.1      0.0   1015.8     90.2     79.0    282.5
    26     1    26     1    10     2     0     2   -11.0   25.066  122.079    582.8    924.5    287.6    281.2      0.0   1214.5     84.1     11.8    299.8
    27     1    26     1    10     2     0     2   -11.0   25.469  121.533    477.0    933.7    287.8    282.2      0.0    996.4     81.6     29.8    323.2
     1     1    26     1    10     1     0     1   -12.0   25.247  120.958      1.8   1020.0    287.1    288.7      0.0   1011.3     58.5      0.2    177.4
     2     1    26     1    10     1     0     1   -12.0   25.265  121.256      0.0   1020.0    286.8    288.5      0.0   1047.5     55.1      0.0    177.5
     3     1    26     1    10     1     0     1   -12.0   25.198  120.708      0.0   1019.9    287.0    288.7      0.0    913.1     60.7      0.0    177.5
     4     1    26     1    10     1     0     1   -12.0   24.279  120.171      0.2   1017.3    287.3    288.7      0.0    710.3     63.1     14.1    177.5
     5     1    26     1    10     1     0     1   -12.0   24.360  120.333      0.0   1016.0    287.2    288.5      0.0    789.7     61.8     28.1    177.5
     6     1    26     1    10     1     0     1   -12.0   23.597  119.989      0.0   1017.7    287.5    289.0      0.0    438.6     54.9     13.6    180.1
     7     1    26     1    10     1     0     1   -12.0   25.645  121.608      0.0   1020.0    286.7    288.3      0.0   1040.2     53.7      0.0    177.5
     8     1    26     1    10     1     0     1   -12.0   25.533  121.868      0.0   1020.2    286.6    288.3      0.0   1087.9     51.8      0.0    177.5
     9     1    26     1    10     1     0     1   -12.0   25.665  121.296      0.0   1020.0    286.8    288.4      0.0    989.9     56.5      0.0    177.3
    10     1    26     1    10     1     0     1   -12.0   25.213  120.925    252.1   1019.6    287.0    288.6      0.0    979.0     58.7      2.5    177.2
    11     1    26     1    10     1     0     1   -12.0   25.254  121.239    250.0   1020.0    286.8    288.5      0.0   1044.8     55.2      0.0    177.5
    12     1    26     1    10     1     0     1   -12.0   25.151  120.674    250.0   1019.8    287.0    288.6      0.0    886.7     60.7      0.0    177.5
    13     1    26     1    10     1     0     1   -12.0   24.252  120.160    249.9   1017.2    287.3    288.7      0.0    703.0     63.2     14.9    177.5
    14     1    26     1    10     1     0     1   -12.0   24.347  120.325    249.7   1016.0    287.2    288.5      0.0    788.2     61.9     27.9    177.5
    15     1    26     1    10     1     0     1   -12.0   23.584  119.987    249.9   1017.6    287.5    289.0      0.0    435.3     54.8     14.8    180.1
    16     1    26     1    10     1     0     1   -12.0   25.645  121.607    250.0   1020.0    286.7    288.3      0.0   1040.1     53.7      0.0    177.5
    17     1    26     1    10     1     0     1   -12.0   25.533  121.868    250.0   1020.2    286.6    288.3      0.0   1087.8     51.8      0.0    177.5
    18     1    26     1    10     1     0     1   -12.0   25.665  121.296    250.0   1020.0    286.8    288.4      0.0    989.9     56.5      0.0    177.3
    19     1    26     1    10     1     0     1   -12.0   25.439  121.502     71.9    979.6    287.2    285.5      0.0   1032.8     65.0     28.9    168.4
    20     1    26     1    10     1     0     1   -12.0   25.279  121.838    234.7    964.1    287.2    284.2      0.0   1205.2     67.6      0.0    177.5
    21     1    26     1    10     1     0     1   -12.0   25.354  121.011     16.0    987.1    287.3    286.2      0.0    897.3     66.2     16.1    175.9
    22     1    26     1    10     1     0     1   -12.0   23.991  120.127      0.0    989.6    287.4    286.5      0.0    645.2     67.1     12.5    177.5
    23     1    26     1    10     1     0     1   -12.0   24.899  120.847      0.0    988.8    287.3    286.4      0.0    904.9     65.7     24.4    176.2
    24     1    26     1    10     1     0     1   -12.0   23.567  120.030     29.0    982.0    288.5    287.0      0.0    400.1     58.3     48.8    180.4
    25     1    26     1    10     1     0     1   -12.0   25.261  121.997    707.8    910.1    287.6    280.0      0.0   1164.4     91.5     23.6    159.4
    26     1    26     1    10     1     0     1   -12.0   25.077  122.205    606.5    921.9    287.5    280.9      0.0   1234.4     85.0      2.9    149.4
    27     1    26     1    10     1     0     1   -12.0   25.518  121.737    506.8    921.2    287.7    281.0      0.0    812.6     87.3    105.2    144.4