    10     1
    GFSQ    25    12     4     0     0
    GFSQ    25    12     5     0     0
    GFSQ    25    12     6     0     0
    GFSQ    25    12     7     0     0
    GFSQ    25    12     8     0     0
    GFSQ    25    12     9     0     0
    GFSQ    25    12    10     0     0
    GFSQ    25    12    11     0     0
    GFSQ    25    12    12     0     0
    GFSQ    25    12    13     0     0
    27 BACKWARD OMEGA   
    25    12    12     8   24.216  120.619    10.0
    25    12    12     8   24.216  120.619    10.0
    25    12    12     8   24.216  120.619    10.0
    25    12    12     8   24.216  120.619    10.0
    25    12    12     8   24.216  120.619    10.0
    25    12    12     8   24.216  120.619    10.0
    25    12    12     8   24.216  120.619    10.0
    25    12    12     8   24.216  120.619    10.0
    25    12    12     8   24.216  120.619    10.0
    25    12    12     8   24.216  120.619    10.0
    25    12    12     8   24.216  120.619    10.0
    25    12    12     8   24.216  120.619    10.0
    25    12    12     8   24.216  120.619    10.0
    25    12    12     8   24.216  120.619    10.0
    25    12    12     8   24.216  120.619    10.0
    25    12    12     8   24.216  120.619    10.0
    25    12    12     8   24.216  120.619    10.0
    25    12    12     8   24.216  120.619    10.0
    25    12    12     8   24.216  120.619    10.0
    25    12    12     8   24.216  120.619    10.0
    25    12    12     8   24.216  120.619    10.0
    25    12    12     8   24.216  120.619    10.0
    25    12    12     8   24.216  120.619    10.0
    25    12    12     8   24.216  120.619    10.0
    25    12    12     8   24.216  120.619    10.0
    25    12    12     8   24.216  120.619    10.0
    25    12    12     8   24.216  120.619    10.0
     8 PRESSURE THETA    AIR_TEMP RAINFALL MIXDEPTH RELHUMID TERR_MSL SUN_FLUX
     1     1    25    12    12     8     0     2     0.0   24.216  120.619     10.0    995.6    294.9    294.5      0.0    642.0     69.6    158.4    381.1
     2     1    25    12    12     8     0     2     0.0   24.216  120.619     10.0   1005.5    292.7    293.2      0.0    722.6     77.6     84.1    374.6
     3     1    25    12    12     8     0     2     0.0   24.216  120.619     10.0    993.7    296.4    295.8      0.0    605.6     61.3    168.3    386.4
     4     1    25    12    12     8     0     2     0.0   24.216  120.619     10.0    924.7    298.8    292.1      0.0    560.1     66.3    813.3    392.2
     5     1    25    12    12     8     0     2     0.0   24.216  120.619     10.0    947.9    296.1    291.4      0.0    578.0     76.2    601.0    368.9
     6     1    25    12    12     8     0     2     0.0   24.216  120.619     10.0    938.7    298.9    293.5      0.0    525.4     60.0    670.5    392.0
     7     1    25    12    12     8     0     2     0.0   24.216  120.619     10.0   1013.5    292.2    293.4      0.0    673.1     79.8     11.1    376.2
     8     1    25    12    12     8     0     2     0.0   24.216  120.619     10.0   1015.4    291.5    292.8      0.0    819.8     80.9      1.5    368.0
     9     1    25    12    12     8     0     2     0.0   24.216  120.619     10.0   1011.8    293.5    294.5      0.0    622.2     73.8     13.2    383.5
    10     1    25    12    12     8     0     2     0.0   24.216  120.619     10.0    995.6    294.9    294.5      0.0    642.0     69.6    158.4    381.1
    11     1    25    12    12     8     0     2     0.0   24.216  120.619     10.0   1005.5    292.7    293.2      0.0    722.6     77.6     84.1    374.6
    12     1    25    12    12     8     0     2     0.0   24.216  120.619     10.0    993.7    296.4    295.8      0.0    605.6     61.3    168.3    386.4
    13     1    25    12    12     8     0     2     0.0   24.216  120.619     10.0    924.7    298.8    292.1      0.0    560.1     66.3    813.3    392.2
    14     1    25    12    12     8     0     2     0.0   24.216  120.619     10.0    947.9    296.1    291.4      0.0    578.0     76.2    601.0    368.9
    15     1    25    12    12     8     0     2     0.0   24.216  120.619     10.0    938.7    298.9    293.5      0.0    525.4     60.0    670.5    392.0
    16     1    25    12    12     8     0     2     0.0   24.216  120.619     10.0   1013.5    292.2    293.4      0.0    673.1     79.8     11.1    376.2
    17     1    25    12    12     8     0     2     0.0   24.216  120.619     10.0   1015.4    291.5    292.8      0.0    819.8     80.9      1.5    368.0
    18     1    25    12    12     8     0     2     0.0   24.216  120.619     10.0   1011.8    293.5    294.5      0.0    622.2     73.8     13.2    383.5
    19     1    25    12    12     8     0     2     0.0   24.216  120.619     10.0    967.4    294.8    292.0      0.0    642.0     76.2    158.4    381.1
    20     1    25    12    12     8     0     2     0.0   24.216  120.619     10.0    976.8    292.6    290.6      0.0    722.6     84.3     84.1    374.6
    21     1    25    12    12     8     0     2     0.0   24.216  120.619     10.0    965.7    296.5    293.5      0.0    605.6     67.4    168.3    386.4
    22     1    25    12    12     8     0     2     0.0   24.216  120.619     10.0    899.0    299.1    290.0      0.0    560.1     70.5    813.3    392.2
    23     1    25    12    12     8     0     2     0.0   24.216  120.619     10.0    921.2    296.4    289.4      0.0    578.0     81.4    601.0    368.9
    24     1    25    12    12     8     0     2     0.0   24.216  120.619     10.0    912.5    299.5    291.7      0.0    525.4     62.7    670.5    392.0
    25     1    25    12    12     8     0     2     0.0   24.216  120.619     10.0    984.5    292.0    290.7      0.0    673.1     86.1     11.1    376.2
    26     1    25    12    12     8     0     2     0.0   24.216  120.619     10.0    986.3    291.3    290.2      0.0    819.8     86.2      1.5    368.0
    27     1    25    12    12     8     0     2     0.0   24.216  120.619     10.0    983.0    293.3    291.8      0.0    622.2     81.9     13.2    383.5
     1     1    25    12    12     7     0     1    -1.0   24.402  120.510      0.0    997.0    294.6    294.4      0.0    812.4     69.9    155.1    474.9
     2     1    25    12    12     7     0     1    -1.0   24.493  120.648      0.0   1010.2    292.2    293.0      0.0    885.2     77.5     53.5    423.6
     3     1    25    12    12     7     0     1    -1.0   24.294  120.404      0.0    996.6    296.5    296.2      0.0    871.8     60.4    145.7    482.6
     4     1    25    12    12     7     0     1    -1.0   24.214  120.394      0.0    931.4    299.5    293.4      0.0    924.0     59.9    752.0    490.9
     5     1    25    12    12     7     0     1    -1.0   24.306  120.494      0.0    957.8    296.0    292.2      0.0    780.2     73.2    517.9    465.8
     6     1    25    12    12     7     0     1    -1.0   24.171  120.359      0.0    957.1    299.4    295.6      0.0   1022.6     52.7    501.4    492.3
     7     1    25    12    12     7     0     1    -1.0   24.586  120.652      7.0   1012.2    292.0    293.1      0.0    855.3     79.0     28.1    459.9
     8     1    25    12    12     7     0     1    -1.0   24.584  120.717      9.8   1016.7    291.3    292.7      0.0    985.4     78.9      0.0    404.0
     9     1    25    12    12     7     0     1    -1.0   24.516  120.538     10.8   1012.7    292.6    293.7      0.0    659.7     78.3     16.1    471.6
    10     1    25    12    12     7     0     1    -1.0   24.402  120.510    248.4    997.0    294.6    294.4      0.0    812.4     69.9    155.1    474.9
    11     1    25    12    12     7     0     1    -1.0   24.493  120.648    249.5   1010.2    292.2    293.0      0.0    885.2     77.5     53.5    423.6
    12     1    25    12    12     7     0     1    -1.0   24.294  120.404    248.5    996.6    296.5    296.2      0.0    871.8     60.4    145.7    482.6
    13     1    25    12    12     7     0     1    -1.0   24.214  120.394    242.5    931.4    299.5    293.4      0.0    924.0     59.9    752.0    490.9
    14     1    25    12    12     7     0     1    -1.0   24.306  120.494    244.8    957.8    296.0    292.2      0.0    780.2     73.2    518.0    465.8
    15     1    25    12    12     7     0     1    -1.0   24.171  120.359    245.0    957.1    299.4    295.6      0.0   1022.6     52.7    501.4    492.3
    16     1    25    12    12     7     0     1    -1.0   24.582  120.648    249.7   1012.2    292.0    293.1      0.0    853.4     79.0     28.3    460.0
    17     1    25    12    12     7     0     1    -1.0   24.583  120.717    250.0   1016.7    291.3    292.7      0.0    985.3     78.9      0.0    404.0
    18     1    25    12    12     7     0     1    -1.0   24.516  120.538    252.9   1012.8    292.6    293.7      0.0    659.6     78.3     16.1    471.7
    19     1    25    12    12     7     0     1    -1.0   24.474  120.594      2.2    954.9    294.7    290.8      0.0    784.9     79.5    294.7    471.1
    20     1    25    12    12     7     0     1    -1.0   24.573  120.769     37.8    975.8    291.9    289.8      0.2    895.8     86.6     76.5    334.2
    21     1    25    12    12     7     0     1    -1.0   24.358  120.443      0.0    966.0    296.4    293.5      0.0    905.3     66.2    193.4    482.0
    22     1    25    12    12     7     0     1    -1.0   24.236  120.412      0.0    907.0    299.3    290.9      0.0    893.9     66.2    806.2    490.3
    23     1    25    12    12     7     0     1    -1.0   24.357  120.578      0.0    933.0    295.6    289.6      0.0    748.9     82.0    544.6    449.8
    24     1    25    12    12     7     0     1    -1.0   24.188  120.340      0.0    945.9    299.2    294.4      0.0   1051.2     55.0    421.4    491.0
    25     1    25    12    12     7     0     1    -1.0   24.678  120.768     44.7    981.7    291.5    290.0      0.0    880.2     87.0      6.4    456.7
    26     1    25    12    12     7     0     1    -1.0   24.674  120.836     46.8    983.1    290.9    289.5      0.1   1022.0     85.1      5.8    334.0
    27     1    25    12    12     7     0     1    -1.0   24.608  120.632     29.8    974.7    293.2    291.0      0.0    770.1     81.9     80.2    471.4
     1     1    25    12    12     6     0     0    -2.0   24.678  120.675      0.0   1003.9    293.4    293.7      0.0    881.0     74.3    107.1    560.6
     2     1    25    12    12     6     0     0    -2.0   24.760  120.912      0.3   1011.7    291.1    292.1      0.4    941.5     81.4     50.7    141.6
     3     1    25    12    12     6     0     0    -2.0   24.493  120.435      0.0    994.6    296.4    295.9      0.0   1016.2     61.7    168.9    577.3
     4     1    25    12    12     6     0     0    -2.0   24.299  120.382      0.0    946.3    299.4    294.6      0.0   1146.7     56.8    613.7    587.5
     5     1    25    12    12     6     0     0    -2.0   24.477  120.629      0.0    982.3    294.4    292.8      0.1    822.0     74.3    303.1    473.2
     6     1    25    12    12     6     0     0    -2.0   24.173  120.288      0.0    979.3    299.8    298.0      0.0   1559.9     45.1    299.4    591.5
     7     1    25    12    12     6     0     0    -2.0   24.956  120.953      4.2   1015.0    291.1    292.4      0.2    995.9     79.9     14.3    332.2
     8     1    25    12    12     6     0     0    -2.0   24.929  121.044     14.4   1016.7    290.9    292.3      0.3   1124.1     74.4      1.1    117.2
     9     1    25    12    12     6     0     0    -2.0   24.903  120.755      0.0   1013.2    292.2    293.3      0.0    882.8     79.4     19.1    553.3
    10     1    25    12    12     6     0     0    -2.0   24.678  120.675    248.9   1003.9    293.4    293.7      0.0    881.1     74.3    107.1    560.6
    11     1    25    12    12     6     0     0    -2.0   24.760  120.912    249.8   1011.7    291.1    292.1      0.4    941.5     81.4     50.7    141.6
    12     1    25    12    12     6     0     0    -2.0   24.493  120.435    248.3    994.6    296.4    295.9      0.0   1016.2     61.7    168.9    577.3
    13     1    25    12    12     6     0     0    -2.0   24.299  120.382    243.9    946.3    299.4    294.6      0.0   1146.8     56.8    613.6    587.5
    14     1    25    12    12     6     0     0    -2.0   24.477  120.629    247.0    982.3    294.4    292.8      0.1    822.1     74.3    303.0    473.2
    15     1    25    12    12     6     0     0    -2.0   24.173  120.288    247.0    979.3    299.8    298.0      0.0   1559.9     45.1    299.4    591.5
    16     1    25    12    12     6     0     0    -2.0   24.953  120.949    252.0   1015.0    291.1    292.4      0.2    996.1     80.0     14.1    337.2
    17     1    25    12    12     6     0     0    -2.0   24.927  121.042    254.5   1017.2    290.9    292.3      0.3   1123.3     74.6      1.3    119.1
    18     1    25    12    12     6     0     0    -2.0   24.902  120.754    249.8   1013.1    292.2    293.3      0.0    882.8     79.3     19.7    553.4
    19     1    25    12    12     6     0     0    -2.0   24.782  120.870     15.0    962.4    293.2    290.0      0.1    847.5     85.7    225.5    408.8
    20     1    25    12    12     6     0     0    -2.0   24.856  121.139     99.4    969.2    291.2    288.6      0.6    890.9     92.2     80.0     38.6
    21     1    25    12    12     6     0     0    -2.0   24.592  120.524      0.0    969.6    296.1    293.5      0.0   1054.6     66.1    201.2    577.4
    22     1    25    12    12     6     0     0    -2.0   24.360  120.427      0.0    925.1    298.8    292.1      0.0   1055.8     64.8    721.0    586.2
    23     1    25    12    12     6     0     0    -2.0   24.506  120.807     90.3    918.7    294.7    287.6      0.2    693.6     91.5    553.1    315.0
    24     1    25    12    12     6     0     0    -2.0   24.204  120.255      0.0    965.7    298.9    295.9      0.0   1481.0     51.1    245.2    589.5
    25     1    25    12    12     6     0     0    -2.0   25.068  121.189    133.1    969.9    291.1    288.5      0.4    983.5     91.9     39.3    105.9
    26     1    25    12    12     6     0     0    -2.0   25.041  121.247     80.6    980.0    290.8    289.1      0.3   1076.3     85.3      0.0     76.8
    27     1    25    12    12     6     0     0    -2.0   25.033  120.958     17.3    978.8    292.2    290.4      0.1    917.3     84.8     69.7    479.8
     1     1    25    12    12     5     0     1    -3.0   24.927  120.901      0.0   1008.7    291.2    291.9      0.1    845.0     82.6     82.9    172.6
     2     1    25    12    12     5     0     1    -3.0   24.995  121.189      0.0   1011.7    291.1    292.0      0.4    982.3     77.3     55.5     50.6
     3     1    25    12    12     5     0     1    -3.0   24.752  120.537      0.0   1003.0    294.3    294.5      0.0    875.4     69.7    112.7    541.0
     4     1    25    12    12     5     0     1    -3.0   24.433  120.403      0.0    953.9    297.7    293.6      0.0    951.1     64.0    551.0    554.9
     5     1    25    12    12     5     0     1    -3.0   24.615  120.784      0.0    986.4    292.5    291.3      0.2    735.5     83.6    285.6    166.7
     6     1    25    12    12     5     0     1    -3.0   24.192  120.215      0.0    990.5    298.4    297.5      0.0   1230.3     48.2    202.6    559.3
     7     1    25    12    12     5     0     1    -3.0   25.246  121.266      2.2   1018.5    291.0    292.5      0.2   1093.2     75.0      0.0     62.0
     8     1    25    12    12     5     0     1    -3.0   25.227  121.360      9.7   1018.7    290.9    292.5      0.0   1090.0     71.9      0.0    113.8
     9     1    25    12    12     5     0     1    -3.0   25.238  121.042      4.2   1015.2    291.0    292.3      0.0    963.7     79.2     19.6    213.2
    10     1    25    12    12     5     0     1    -3.0   24.927  120.901    249.2   1008.7    291.2    291.9      0.1    845.0     82.6     82.9    172.6
    11     1    25    12    12     5     0     1    -3.0   24.995  121.189    249.4   1011.7    291.1    292.0      0.4    982.3     77.3     55.5     50.6
    12     1    25    12    12     5     0     1    -3.0   24.752  120.537    248.9   1003.0    294.3    294.5      0.0    875.4     69.7    112.7    541.0
    13     1    25    12    12     5     0     1    -3.0   24.433  120.403    244.5    953.9    297.7    293.6      0.0    951.1     64.0    550.9    555.0
    14     1    25    12    12     5     0     1    -3.0   24.615  120.784    247.1    986.4    292.5    291.3      0.2    735.6     83.6    285.6    166.8
    15     1    25    12    12     5     0     1    -3.0   24.192  120.215    248.0    990.5    298.4    297.5      0.0   1230.3     48.2    202.6    559.3
    16     1    25    12    12     5     0     1    -3.0   25.243  121.262    250.7   1018.5    291.0    292.5      0.2   1094.0     75.0      0.0     62.2
    17     1    25    12    12     5     0     1    -3.0   25.223  121.356    250.0   1018.7    290.9    292.5      0.0   1088.6     72.0      0.0    112.8
    18     1    25    12    12     5     0     1    -3.0   25.237  121.041    254.0   1015.2    291.0    292.3      0.0    963.6     79.2     19.4    214.4
    19     1    25    12    12     5     0     1    -3.0   24.981  121.169     85.7    965.0    291.4    288.4      0.6    710.9     95.4    137.7     31.5
    20     1    25    12    12     5     0     1    -3.0   25.099  121.469      0.0    991.8    291.5    290.8      0.2   1093.2     78.0     18.5    105.0
    21     1    25    12    12     5     0     1    -3.0   24.905  120.716      0.0    972.9    293.7    291.3      0.0    883.4     78.2    199.4    535.9
    22     1    25    12    12     5     0     1    -3.0   24.550  120.499      0.0    945.0    296.4    291.6      0.0    940.6     70.9    543.5    548.6
    23     1    25    12    12     5     0     1    -3.0   24.571  121.023    139.7    920.0    293.5    286.6      0.8    426.3     98.4    496.0     36.1
    24     1    25    12    12     5     0     1    -3.0   24.269  120.198      0.0    970.9    297.2    294.7      0.0   1139.0     57.2    191.7    557.2
    25     1    25    12    12     5     0     1    -3.0   25.351  121.558     66.9    978.0    291.2    289.3      0.2   1013.5     84.0     40.0     82.6
    26     1    25    12    12     5     0     1    -3.0   25.349  121.598     72.0    982.1    291.0    289.5      0.0   1156.2     78.7      0.0    165.5
    27     1    25    12    12     5     0     1    -3.0   25.339  121.333     85.4    973.5    291.1    288.9      0.4    920.0     90.6     65.0     41.6
     1     1    25    12    12     4     0     2    -4.0   25.125  121.132      0.0   1011.0    291.0    291.9      0.5    934.1     79.9     69.8     35.8
     2     1    25    12    12     4     0     2    -4.0   25.239  121.476      1.0   1019.6    291.4    293.1      0.0   1154.5     70.7      0.0    163.0
     3     1    25    12    12     4     0     2    -4.0   25.049  120.749      0.0   1008.6    292.5    293.2      0.0    890.9     74.5     80.1    388.0
     4     1    25    12    12     4     0     2    -4.0   24.619  120.495      0.0    979.4    295.2    293.4      0.0    902.1     68.0    334.7    514.0
     5     1    25    12    12     4     0     2    -4.0   24.722  120.917      0.0   1002.6    290.9    291.1      0.6    658.2     87.2    140.3     31.2
     6     1    25    12    12     4     0     2    -4.0   24.274  120.167      0.0    996.7    296.7    296.4      0.0    955.0     54.5    158.6    527.7
     7     1    25    12    12     4     0     2    -4.0   25.520  121.576      5.0   1019.6    291.2    292.8      0.0   1121.2     70.8      0.0    151.3
     8     1    25    12    12     4     0     2    -4.0   25.517  121.670     14.0   1019.2    290.9    292.5      0.0   1177.4     68.5      0.0    209.1
     9     1    25    12    12     4     0     2    -4.0   25.503  121.349      0.0   1016.9    291.0    292.4      0.3   1072.8     75.3     21.0     55.0
    10     1    25    12    12     4     0     2    -4.0   25.125  121.132    249.3   1011.0    291.0    291.9      0.5    934.1     79.9     69.8     35.8
    11     1    25    12    12     4     0     2    -4.0   25.239  121.476    251.0   1019.6    291.4    293.1      0.0   1154.5     70.7      0.0    163.0
    12     1    25    12    12     4     0     2    -4.0   25.049  120.749    249.2   1008.6    292.5    293.2      0.0    890.9     74.5     80.1    388.0
    13     1    25    12    12     4     0     2    -4.0   24.618  120.495    246.7    979.4    295.2    293.4      0.0    902.1     68.0    334.8    514.0
    14     1    25    12    12     4     0     2    -4.0   24.722  120.917    248.6   1002.6    290.9    291.1      0.6    658.2     87.2    140.3     31.3
    15     1    25    12    12     4     0     2    -4.0   24.274  120.167    248.4    996.7    296.7    296.4      0.0    955.0     54.5    158.6    527.7
    16     1    25    12    12     4     0     2    -4.0   25.518  121.572    254.7   1019.6    291.2    292.8      0.0   1119.9     70.8      0.0    150.0
    17     1    25    12    12     4     0     2    -4.0   25.511  121.663    254.4   1019.7    290.9    292.5      0.0   1175.7     68.6      0.0    209.5
    18     1    25    12    12     4     0     2    -4.0   25.502  121.347    249.8   1017.0    291.0    292.4      0.3   1073.5     75.3     20.6     54.9
    19     1    25    12    12     4     0     2    -4.0   25.146  121.444      0.0    986.6    291.7    290.6      0.5    959.8     81.7     99.4     30.7
    20     1    25    12    12     4     0     2    -4.0   25.396  121.819      0.0    992.1    291.5    290.8      0.0   1209.6     74.1      0.0    140.4
    21     1    25    12    12     4     0     2    -4.0   25.177  121.027     60.1    968.9    291.3    288.7      0.3    703.3     93.0    143.6     75.6
    22     1    25    12    12     4     0     2    -4.0   24.770  120.720     19.5    944.7    293.8    289.0      0.1    734.3     85.1    399.1    336.2
    23     1    25    12    12     4     0     2    -4.0   24.636  121.203      0.0    956.1    292.1    288.4      1.0    491.4     95.6    324.6     17.1
    24     1    25    12    12     4     0     2    -4.0   24.430  120.205      0.0    968.6    296.1    293.4      0.0    930.9     62.5    213.0    527.2
    25     1    25    12    12     4     0     2    -4.0   25.650  121.910     39.7    986.8    291.3    290.1      0.0   1201.5     76.4      0.0    153.4
    26     1    25    12    12     4     0     2    -4.0   25.666  121.952     63.8    984.1    290.8    289.5      0.0   1254.9     73.8      0.0    188.9
    27     1    25    12    12     4     0     2    -4.0   25.585  121.679      0.0    993.9    291.5    291.0      0.2   1093.5     77.3     27.6    100.0
     1     1    25    12    12     3     0     3    -5.0   25.325  121.401      0.0   1016.2    291.5    292.9      0.2   1105.4     72.9     35.5     95.4
     2     1    25    12    12     3     0     3    -5.0   25.518  121.792      2.2   1020.7    291.3    293.0      0.0   1217.2     67.8      0.0    147.2
     3     1    25    12    12     3     0     3    -5.0   25.282  120.988      0.0   1013.2    290.8    291.9      0.3    855.2     81.2     62.7     63.2
     4     1    25    12    12     3     0     3    -5.0   24.818  120.659      0.0    992.5    292.8    292.2      0.1    765.8     77.0    236.2    277.2
     5     1    25    12    12     3     0     3    -5.0   24.826  121.071      0.0   1001.0    291.1    291.2      0.8    762.4     83.8    151.2     20.7
     6     1    25    12    12     3     0     3    -5.0   24.439  120.173      0.0    996.7    295.3    295.0      0.0    785.8     61.5    176.1    499.5
     7     1    25    12    12     3     0     3    -5.0   25.807  121.892      9.0   1020.7    291.1    292.8      0.0   1209.8     68.0      0.0    176.4
     8     1    25    12    12     3     0     3    -5.0   25.817  121.980     17.7   1019.8    290.7    292.3      0.0   1265.3     65.5      0.0    207.4
     9     1    25    12    12     3     0     3    -5.0   25.767  121.661      3.2   1020.7    291.3    293.0      0.0   1133.0     70.8      0.0    169.6
    10     1    25    12    12     3     0     3    -5.0   25.325  121.401    249.6   1016.2    291.5    292.9      0.2   1105.4     72.9     35.5     95.4
    11     1    25    12    12     3     0     3    -5.0   25.518  121.792    252.2   1020.7    291.3    293.0      0.0   1217.2     67.8      0.0    147.2
    12     1    25    12    12     3     0     3    -5.0   25.282  120.988    249.4   1013.2    290.8    291.9      0.3    855.3     81.2     62.7     63.2
    13     1    25    12    12     3     0     3    -5.0   24.818  120.659    247.6    992.5    292.8    292.2      0.1    765.8     77.0    236.2    277.3
    14     1    25    12    12     3     0     3    -5.0   24.826  121.071    248.5   1001.0    291.1    291.2      0.8    762.3     83.9    151.2     20.7
    15     1    25    12    12     3     0     3    -5.0   24.439  120.173    248.2    996.7    295.3    295.0      0.0    785.8     61.5    176.1    499.5
    16     1    25    12    12     3     0     3    -5.0   25.804  121.888    258.8   1020.7    291.1    292.8      0.0   1208.5     68.1      0.0    176.3
    17     1    25    12    12     3     0     3    -5.0   25.808  121.969    256.6   1020.7    290.7    292.4      0.0   1262.3     65.7      0.0    206.7
    18     1    25    12    12     3     0     3    -5.0   25.766  121.660    253.2   1020.7    291.3    293.0      0.0   1132.7     70.8      0.0    169.3
    19     1    25    12    12     3     0     3    -5.0   25.396  121.801      0.0    996.8    292.0    291.7      0.0   1189.9     74.7      0.0    213.0
    20     1    25    12    12     3     0     3    -5.0   25.692  122.175      0.0    993.2    291.2    290.7      0.0   1302.1     69.8      0.0    250.1
    21     1    25    12    12     3     0     3    -5.0   25.361  121.324      0.0    975.7    291.4    289.3      0.7    835.5     87.6    137.5     22.2
    22     1    25    12    12     3     0     3    -5.0   24.904  120.960     77.6    953.8    291.9    287.9      0.7    497.5     96.0    254.5     43.5
    23     1    25    12    12     3     0     3    -5.0   24.718  121.382      0.0    985.5    292.4    291.2      0.7    900.1     81.2    201.7     34.4
    24     1    25    12    12     3     0     3    -5.0   24.677  120.306      0.0    973.7    294.4    292.1      0.0    900.7     71.6    217.3    497.2
    25     1    25    12    12     3     0     3    -5.0   25.951  122.271     22.2    990.0    291.2    290.4      0.0   1332.8     71.0      0.0    207.4
    26     1    25    12    12     3     0     3    -5.0   25.976  122.292     57.8    985.8    290.4    289.3      0.0   1299.8     72.4      0.0    233.2
    27     1    25    12    12     3     0     3    -5.0   25.878  122.049      0.0    993.2    291.4    290.8      0.0   1179.8     74.8      0.0    153.6
     1     1    25    12    12     2     0     2    -6.0   25.595  121.723      0.0   1020.1    291.6    293.3      0.0   1198.0     68.7      0.0    117.5
     2     1    25    12    12     2     0     2    -6.0   25.800  122.105      2.4   1020.7    291.1    292.8      0.0   1286.6     65.2      0.0    157.1
     3     1    25    12    12     2     0     2    -6.0   25.484  121.252      0.0   1009.3    291.2    291.9      0.0   1032.5     76.3     83.5     28.7
     4     1    25    12    12     2     0     2    -6.0   24.968  120.826      0.0   1007.1    290.7    291.3      0.0    707.0     84.6    116.3     28.7
     5     1    25    12    12     2     0     2    -6.0   24.990  121.317      0.0   1018.9    292.1    293.7      0.3   1235.3     69.5     16.7     52.7
     6     1    25    12    12     2     0     2    -6.0   24.651  120.257      0.0   1000.0    293.9    293.9      0.0    750.0     66.5    153.4    337.6
     7     1    25    12    12     2     0     2    -6.0   26.097  122.200      9.7   1020.9    290.8    292.6      0.0   1277.8     65.4      0.0    151.3
     8     1    25    12    12     2     0     2    -6.0   26.112  122.284     22.0   1019.7    290.2    291.8      0.0   1257.1     66.2      0.0    143.2
     9     1    25    12    12     2     0     2    -6.0   26.053  121.983      5.3   1020.5    291.2    292.9      0.0   1243.2     66.7      0.0    113.6
    10     1    25    12    12     2     0     2    -6.0   25.595  121.723    250.0   1020.1    291.6    293.3      0.0   1198.0     68.7      0.0    117.5
    11     1    25    12    12     2     0     2    -6.0   25.800  122.105    252.4   1020.7    291.1    292.8      0.0   1286.6     65.2      0.0    157.1
    12     1    25    12    12     2     0     2    -6.0   25.484  121.252    249.2   1009.3    291.2    291.9      0.0   1032.6     76.3     83.5     28.7
    13     1    25    12    12     2     0     2    -6.0   24.968  120.826    248.8   1007.1    290.7    291.3      0.0    707.0     84.6    116.2     28.7
    14     1    25    12    12     2     0     2    -6.0   24.990  121.317    249.8   1018.9    292.1    293.7      0.3   1235.3     69.5     16.7     52.6
    15     1    25    12    12     2     0     2    -6.0   24.651  120.257    248.5   1000.0    293.9    293.9      0.0    749.9     66.5    153.4    337.6
    16     1    25    12    12     2     0     2    -6.0   26.095  122.197    259.6   1020.9    290.8    292.6      0.0   1278.0     65.4      0.0    150.9
    17     1    25    12    12     2     0     2    -6.0   26.098  122.265    258.9   1021.1    290.3    292.0      0.0   1254.0     66.4      0.0    144.9
    18     1    25    12    12     2     0     2    -6.0   26.052  121.982    255.3   1020.5    291.2    292.9      0.0   1242.8     66.7      0.0    113.6
    19     1    25    12    12     2     0     2    -6.0   25.679  122.167      0.0    992.8    291.7    291.1      0.0   1297.0     71.8      0.0     90.2
    20     1    25    12    12     2     0     2    -6.0   25.993  122.525      4.8    991.9    290.8    290.1      0.0   1273.3     69.7      0.0    111.5
    21     1    25    12    12     2     0     2    -6.0   25.603  121.677      0.0   1002.0    291.9    292.1      0.2   1198.2     72.2      3.7    115.3
    22     1    25    12    12     2     0     2    -6.0   25.005  121.171      0.0    970.4    291.6    289.1      0.1    655.9     90.2    215.9     13.7
    23     1    25    12    12     2     0     2    -6.0   24.932  121.717      0.0    998.6    292.4    292.3      0.7   1207.3     72.6      0.2     62.0
    24     1    25    12    12     2     0     2    -6.0   24.985  120.548      0.0    979.6    292.3    290.6      0.0    803.2     80.2    143.6    287.7
    25     1    25    12    12     2     0     2    -6.0   26.253  122.622     27.6    989.2    290.6    289.7      0.0   1258.4     71.2      0.0    123.8
    26     1    25    12    12     2     0     2    -6.0   26.272  122.640     71.5    984.5    290.0    288.7      0.0   1272.6     72.2      0.0    103.9
    27     1    25    12    12     2     0     2    -6.0   26.177  122.416      0.0    993.4    291.2    290.7      0.0   1292.4     69.5      0.0    166.9
     1     1    25    12    12     1     0     1    -7.0   25.877  122.044      0.0   1020.2    291.5    293.1      0.0   1295.6     65.1      0.0     72.7
     2     1    25    12    12     1     0     1    -7.0   26.084  122.414      5.1   1021.0    290.6    292.3      0.0   1251.0     66.1      0.0     58.8
     3     1    25    12    12     1     0     1    -7.0   25.733  121.558      0.0   1020.2    291.6    293.3      0.0   1186.7     68.3      0.0     68.1
     4     1    25    12    12     1     0     1    -7.0   25.096  121.010      0.0   1003.4    291.0    291.3      0.0    839.6     81.5    131.8      9.0
     5     1    25    12    12     1     0     1    -7.0   25.255  121.646      0.0   1019.7    292.0    293.7      0.0   1231.0     67.7      0.0     61.1
     6     1    25    12    12     1     0     1    -7.0   24.871  120.421      0.0    992.7    293.0    292.3      0.0    719.1     71.4    223.4    176.1
     7     1    25    12    12     1     0     1    -7.0   26.382  122.510     11.9   1021.0    290.3    292.1      0.0   1229.9     66.9      0.0     60.6
     8     1    25    12    12     1     0     1    -7.0   26.392  122.604     26.2   1019.6    289.9    291.6      0.0   1275.1     64.0      0.0     57.0
     9     1    25    12    12     1     0     1    -7.0   26.344  122.296      5.9   1021.0    290.9    292.6      0.0   1255.2     65.6      0.0     82.9
    10     1    25    12    12     1     0     1    -7.0   25.877  122.044    250.0   1020.2    291.5    293.1      0.0   1295.6     65.1      0.0     72.7
    11     1    25    12    12     1     0     1    -7.0   26.084  122.414    255.1   1021.0    290.6    292.3      0.0   1251.0     66.1      0.0     58.8
    12     1    25    12    12     1     0     1    -7.0   25.733  121.558    250.0   1020.2    291.6    293.3      0.0   1186.7     68.3      0.0     68.1
    13     1    25    12    12     1     0     1    -7.0   25.096  121.010    248.7   1003.4    291.0    291.3      0.0    839.6     81.5    131.8      9.0
    14     1    25    12    12     1     0     1    -7.0   25.255  121.646    250.0   1019.7    292.0    293.7      0.0   1231.0     67.7      0.0     61.1
    15     1    25    12    12     1     0     1    -7.0   24.871  120.421    247.8    992.6    293.0    292.3      0.0    719.0     71.3    223.5    176.1
    16     1    25    12    12     1     0     1    -7.0   26.379  122.506    261.7   1021.1    290.3    292.1      0.0   1230.0     66.9      0.0     61.0
    17     1    25    12    12     1     0     1    -7.0   26.370  122.576    260.5   1021.5    290.0    291.8      0.0   1261.7     64.7      0.0     56.6
    18     1    25    12    12     1     0     1    -7.0   26.343  122.295    255.9   1021.0    290.9    292.6      0.0   1255.4     65.6      0.0     82.8
    19     1    25    12    12     1     0     1    -7.0   25.983  122.533      1.1    992.0    291.3    290.6      0.0   1232.8     69.8      0.0     99.6
    20     1    25    12    12     1     0     1    -7.0   26.286  122.868     21.9    990.7    290.2    289.5      0.0   1335.7     70.1      0.0     55.7
    21     1    25    12    12     1     0     1    -7.0   25.900  122.050      0.0    992.4    291.6    291.0      0.0   1279.4     71.6      0.0     45.9
    22     1    25    12    12     1     0     1    -7.0   25.180  121.446      0.0   1004.8    292.3    292.7      0.5   1243.4     70.7     14.0     30.5
    23     1    25    12    12     1     0     1    -7.0   25.214  122.081      0.0    992.0    292.2    291.6      0.0   1316.8     72.7      0.0     42.4
    24     1    25    12    12     1     0     1    -7.0   25.207  120.862    104.0    965.8    291.1    288.2      0.0    695.0     93.0    130.7     14.0
    25     1    25    12    12     1     0     1    -7.0   26.546  122.968     36.1    989.1    290.2    289.3      0.0   1333.7     70.5      0.0     55.0
    26     1    25    12    12     1     0     1    -7.0   26.554  122.969    103.2    981.2    289.8    288.3      0.0   1471.3     68.9      0.0     52.2
    27     1    25    12    12     1     0     1    -7.0   26.482  122.775      6.3    991.5    290.7    290.0      0.0   1260.7     70.8      0.0     59.1
     1     1    25    12    12     0     0     0    -8.0   26.166  122.364      1.7   1020.0    291.0    292.6      0.0   1230.4     65.7      0.0      7.1
     2     1    25    12    12     0     0     0    -8.0   26.354  122.719      6.1   1022.0    290.2    292.0      0.0   1379.6     64.1      0.0      6.1
     3     1    25    12    12     0     0     0    -8.0   26.025  121.883      0.0   1020.0    291.5    293.1      0.0   1283.7     65.4      0.0     12.8
     4     1    25    12    12     0     0     0    -8.0   25.279  121.266      0.0   1017.8    291.8    293.3      0.2   1234.9     68.9     21.0      3.5
     5     1    25    12    12     0     0     0    -8.0   25.536  121.967      0.0   1020.0    291.8    293.5      0.0   1274.9     64.9      0.0     13.2
     6     1    25    12    12     0     0     0    -8.0   25.059  120.620     15.0    996.4    291.6    291.3      0.0    728.3     78.5    196.9     13.9
     7     1    25    12    12     0     0     0    -8.0   26.657  122.819     13.1   1021.6    290.2    291.9      0.0   1374.6     63.4      0.0      6.1
     8     1    25    12    12     0     0     0    -8.0   26.679  122.900     33.5   1019.2    289.7    291.2      0.0   1479.9     60.2      0.0      6.1
     9     1    25    12    12     0     0     0    -8.0   26.627  122.613      8.2   1021.5    290.3    292.1      0.0   1229.0     67.8      0.0      6.1
    10     1    25    12    12     0     0     0    -8.0   26.166  122.364    251.7   1020.0    291.0    292.6      0.0   1230.4     65.7      0.0      7.1
    11     1    25    12    12     0     0     0    -8.0   26.354  122.719    256.1   1022.0    290.2    292.0      0.0   1379.6     64.1      0.0      6.1
    12     1    25    12    12     0     0     0    -8.0   26.025  121.883    250.0   1020.0    291.5    293.1      0.0   1283.7     65.4      0.0     12.8
    13     1    25    12    12     0     0     0    -8.0   25.279  121.266    249.8   1017.8    291.8    293.3      0.2   1234.9     68.9     21.0      3.5
    14     1    25    12    12     0     0     0    -8.0   25.536  121.967    250.0   1020.0    291.8    293.5      0.0   1274.9     64.9      0.0     13.2
    15     1    25    12    12     0     0     0    -8.0   25.059  120.620    263.0    996.4    291.6    291.3      0.0    728.2     78.5    196.9     14.0
    16     1    25    12    12     0     0     0    -8.0   26.654  122.816    262.9   1021.6    290.2    291.9      0.0   1371.7     63.4      0.0      6.1
    17     1    25    12    12     0     0     0    -8.0   26.647  122.865    263.4   1021.6    289.7    291.5      0.0   1452.5     61.3      0.0      6.1
    18     1    25    12    12     0     0     0    -8.0   26.626  122.612    258.2   1021.5    290.3    292.1      0.0   1228.9     67.8      0.0      6.1
    19     1    25    12    12     0     0     0    -8.0   26.284  122.890     16.2    990.6    290.6    289.8      0.0   1277.9     73.1      0.0      6.1
    20     1    25    12    12     0     0     0    -8.0   26.573  123.193     34.4    989.7    290.0    289.1      0.0   1497.2     65.7      0.0      6.1
    21     1    25    12    12     0     0     0    -8.0   26.211  122.423      0.0    992.2    291.3    290.6      0.0   1234.9     69.6      0.0     15.1
    22     1    25    12    12     0     0     0    -8.0   25.472  121.823      0.0    992.2    292.0    291.4      0.0   1291.1     72.6      0.0      6.6
    23     1    25    12    12     0     0     0    -8.0   25.527  122.453     16.0    990.1    291.8    291.0      0.0   1269.7     69.9      0.0     14.9
    24     1    25    12    12     0     0     0    -8.0   25.370  121.153      0.0    978.2    291.5    289.7      0.1    931.2     83.2    126.4      2.1
    25     1    25    12    12     0     0     0    -8.0   26.831  123.298     43.0    988.6    289.9    288.9      0.0   1507.1     66.3      0.0      6.1
    26     1    25    12    12     0     0     0    -8.0   26.836  123.278     87.0    983.5    289.3    287.9      0.0   1473.5     68.9      0.0      8.3
    27     1    25    12    12     0     0     0    -8.0   26.776  123.126     23.9    990.9    290.1    289.3      0.0   1319.1     71.4      0.0      6.1
     1     1    25    12    11    23     0     1    -9.0   26.437  122.678      4.0   1021.0    290.5    292.2      0.0   1304.6     65.3      0.0      4.1
     2     1    25    12    11    23     0     1    -9.0   26.616  123.010      6.2   1021.1    290.3    292.1      0.0   1504.0     58.9      0.0      4.1
     3     1    25    12    11    23     0     1    -9.0   26.323  122.201      1.1   1020.0    291.1    292.8      0.0   1286.1     64.7      0.0      7.8
     4     1    25    12    11    23     0     1    -9.0   25.570  121.592      0.0   1019.4    291.9    293.5      0.0   1265.2     65.5      0.0      5.4
     5     1    25    12    11    23     0     1    -9.0   25.829  122.289      1.9   1019.7    291.4    293.0      0.0   1290.1     64.6      0.0      6.4
     6     1    25    12    11    23     0     1    -9.0   25.210  120.839     36.5   1002.9    290.8    291.1      0.1    818.4     81.3    123.2      1.4
     7     1    25    12    11    23     0     1    -9.0   26.925  123.104     13.4   1020.7    290.3    292.0      0.0   1543.2     57.7      0.0      4.1
     8     1    25    12    11    23     0     1    -9.0   26.967  123.188     36.5   1018.2    289.5    291.0      0.0   1491.4     61.0      0.0      5.5
     9     1    25    12    11    23     0     1    -9.0   26.896  122.920      8.6   1021.1    290.4    292.1      0.0   1439.0     61.4      0.0      4.1
    10     1    25    12    11    23     0     1    -9.0   26.437  122.678    254.0   1021.0    290.5    292.2      0.0   1304.6     65.3      0.0      4.1
    11     1    25    12    11    23     0     1    -9.0   26.615  123.010    256.2   1021.1    290.3    292.1      0.0   1504.0     58.9      0.0      4.1
    12     1    25    12    11    23     0     1    -9.0   26.323  122.201    251.1   1020.0    291.1    292.8      0.0   1286.1     64.7      0.0      7.8
    13     1    25    12    11    23     0     1    -9.0   25.570  121.592    250.0   1019.4    291.9    293.5      0.0   1265.2     65.5      0.0      5.4
    14     1    25    12    11    23     0     1    -9.0   25.829  122.289    251.9   1019.7    291.4    293.0      0.0   1290.1     64.6      0.0      6.4
    15     1    25    12    11    23     0     1    -9.0   25.210  120.839    285.4   1002.9    290.8    291.1      0.1    818.3     81.3    123.2      1.4
    16     1    25    12    11    23     0     1    -9.0   26.923  123.101    263.2   1020.7    290.3    292.0      0.0   1543.6     57.7      0.0      4.1
    17     1    25    12    11    23     0     1    -9.0   26.923  123.139    264.9   1020.8    289.6    291.4      0.0   1505.3     61.0      0.0      5.0
    18     1    25    12    11    23     0     1    -9.0   26.895  122.919    258.6   1021.1    290.4    292.1      0.0   1438.5     61.5      0.0      4.1
    19     1    25    12    11    23     0     1    -9.0   26.587  123.226     37.4    988.5    290.4    289.4      0.0   1432.0     68.1      0.0      4.1
    20     1    25    12    11    23     0     1    -9.0   26.879  123.506     20.6    990.4    289.9    289.1      0.0   1474.9     63.8      0.0      6.1
    21     1    25    12    11    23     0     1    -9.0   26.515  122.784     18.3    989.8    290.7    289.8      0.0   1315.4     71.6      0.0      4.1
    22     1    25    12    11    23     0     1    -9.0   25.786  122.191      0.0    991.5    291.7    290.9      0.0   1277.3     69.4      0.0     10.1
    23     1    25    12    11    23     0     1    -9.0   25.834  122.796     51.1    985.7    291.2    290.0      0.0   1395.5     72.1      0.0      4.1
    24     1    25    12    11    23     0     1    -9.0   25.653  121.510      0.0    994.2    291.9    291.5      0.0   1231.1     70.4      0.4      3.7
    25     1    25    12    11    23     0     1    -9.0   27.132  123.613     37.0    988.5    289.8    288.8      0.0   1487.4     64.8      0.0      6.1
    26     1    25    12    11    23     0     1    -9.0   27.135  123.597    117.3    979.5    289.2    287.5      0.0   1484.6     68.1      0.0      6.7
    27     1    25    12    11    23     0     1    -9.0   27.070  123.456     29.3    989.4    290.2    289.3      0.0   1484.4     64.8      0.0      4.1
     1     1    25    12    11    22     0     2   -10.0   26.703  122.975      4.9   1020.2    290.7    292.3      0.0   1490.3     58.8      0.0      2.0
     2     1    25    12    11    22     0     2   -10.0   26.892  123.293      6.8   1020.2    290.2    291.9      0.0   1512.9     58.7      0.0      3.1
     3     1    25    12    11    22     0     2   -10.0   26.599  122.511      3.6   1019.9    290.8    292.5      0.0   1402.9     62.8      0.0      2.0
     4     1    25    12    11    22     0     2   -10.0   25.874  121.908      0.6   1019.5    291.6    293.2      0.0   1294.3     64.3      0.0      5.3
     5     1    25    12    11    22     0     2   -10.0   26.105  122.595      3.4   1019.9    290.9    292.5      0.0   1379.2     63.7      0.0      2.0
     6     1    25    12    11    22     0     2   -10.0   25.342  121.038     10.3   1000.7    291.2    291.3      0.3    891.9     78.9    143.6      0.7
     7     1    25    12    11    22     0     2   -10.0   27.203  123.391     14.5   1019.7    289.9    291.5      0.0   1510.9     60.4      0.0      3.3
     8     1    25    12    11    22     0     2   -10.0   27.263  123.493     43.9   1017.4    289.2    290.7      0.0   1495.5     60.2      0.0      2.8
     9     1    25    12    11    22     0     2   -10.0   27.160  123.209      8.6   1020.2    290.5    292.2      0.0   1507.8     57.4      0.0      2.0
    10     1    25    12    11    22     0     2   -10.0   26.703  122.975    254.9   1020.2    290.7    292.3      0.0   1490.3     58.8      0.0      2.0
    11     1    25    12    11    22     0     2   -10.0   26.892  123.293    256.8   1020.2    290.2    291.9      0.0   1512.9     58.7      0.0      3.1
    12     1    25    12    11    22     0     2   -10.0   26.599  122.511    253.6   1019.9    290.8    292.5      0.0   1402.9     62.8      0.0      2.0
    13     1    25    12    11    22     0     2   -10.0   25.874  121.908    250.6   1019.5    291.6    293.2      0.0   1294.3     64.3      0.0      5.3
    14     1    25    12    11    22     0     2   -10.0   26.105  122.595    253.4   1019.9    290.9    292.5      0.0   1379.2     63.7      0.0      2.0
    15     1    25    12    11    22     0     2   -10.0   25.342  121.038    258.9   1000.7    291.2    291.3      0.3    891.8     78.9    143.6      0.7
    16     1    25    12    11    22     0     2   -10.0   27.200  123.388    264.3   1019.7    289.9    291.6      0.0   1511.6     60.4      0.0      3.3
    17     1    25    12    11    22     0     2   -10.0   27.207  123.432    268.0   1020.5    289.3    291.0      0.0   1454.6     61.8      0.0      2.7
    18     1    25    12    11    22     0     2   -10.0   27.159  123.208    258.6   1020.2    290.5    292.2      0.0   1507.9     57.4      0.0      2.0
    19     1    25    12    11    22     0     2   -10.0   26.894  123.547     37.3    987.6    290.5    289.5      0.0   1461.5     64.7      0.0      2.0
    20     1    25    12    11    22     0     2   -10.0   27.192  123.820     30.9    988.3    289.6    288.6      0.0   1495.0     65.6      0.0      4.9
    21     1    25    12    11    22     0     2   -10.0   26.817  123.121     30.6    988.4    290.5    289.6      0.0   1428.1     67.1      0.0      2.0
    22     1    25    12    11    22     0     2   -10.0   26.105  122.541     30.1    987.9    291.1    290.1      0.0   1368.6     70.6      0.0      2.0
    23     1    25    12    11    22     0     2   -10.0   26.145  123.124     73.8    983.2    290.7    289.3      0.0   1381.6     71.1      0.0      2.0
    24     1    25    12    11    22     0     2   -10.0   25.987  121.876      0.0    991.5    291.6    290.9      0.0   1320.8     68.9      0.0      3.9
    25     1    25    12    11    22     0     2   -10.0   27.442  123.932     42.5    987.5    289.4    288.4      0.0   1509.5     66.2      0.0      4.1
    26     1    25    12    11    22     0     2   -10.0   27.438  123.908    125.2    978.5    289.2    287.4      0.0   1533.7     64.6      0.0      5.2
    27     1    25    12    11    22     0     2   -10.0   27.377  123.776     11.9    990.5    290.2    289.4      0.0   1478.1     63.2      0.0      3.0
     1     1    25    12    11    21     0     3   -11.0   26.974  123.265      4.9   1019.3    290.8    292.4      0.0   1489.0     56.9      0.0      0.0
     2     1    25    12    11    21     0     3   -11.0   27.185  123.579      8.9   1020.9    289.5    291.3      0.0   1543.0     62.2      0.0      0.0
     3     1    25    12    11    21     0     3   -11.0   26.866  122.808      3.9   1019.3    290.9    292.5      0.0   1479.0     58.6      0.0      0.0
     4     1    25    12    11    21     0     3   -11.0   26.168  122.212      3.4   1019.3    291.2    292.7      0.0   1463.5     62.8      0.0      0.0
     5     1    25    12    11    21     0     3   -11.0   26.380  122.887      4.0   1019.3    290.9    292.5      0.0   1446.1     58.5      0.0      0.0
     6     1    25    12    11    21     0     3   -11.0   25.551  121.283      0.0   1017.1    292.0    293.4      0.2   1319.6     65.9     14.6      0.0
     7     1    25    12    11    21     0     3   -11.0   27.498  123.684     18.6   1020.2    289.4    291.1      0.0   1538.5     61.0      0.0      0.0
     8     1    25    12    11    21     0     3   -11.0   27.561  123.784     47.7   1016.8    289.2    290.6      0.0   1607.6     56.2      0.0      0.0
     9     1    25    12    11    21     0     3   -11.0   27.440  123.498      8.8   1019.3    290.3    291.9      0.0   1544.3     59.1      0.0      0.0
    10     1    25    12    11    21     0     3   -11.0   26.974  123.265    254.9   1019.3    290.8    292.4      0.0   1489.0     56.9      0.0      0.0
    11     1    25    12    11    21     0     3   -11.0   27.185  123.579    258.9   1020.9    289.5    291.3      0.0   1543.0     62.2      0.0      0.0
    12     1    25    12    11    21     0     3   -11.0   26.866  122.808    253.9   1019.3    290.9    292.5      0.0   1479.0     58.6      0.0      0.0
    13     1    25    12    11    21     0     3   -11.0   26.168  122.212    253.4   1019.3    291.2    292.7      0.0   1463.5     62.8      0.0      0.0
    14     1    25    12    11    21     0     3   -11.0   26.380  122.887    254.0   1019.3    290.9    292.5      0.0   1446.1     58.5      0.0      0.0
    15     1    25    12    11    21     0     3   -11.0   25.551  121.283    249.9   1017.1    292.0    293.4      0.2   1319.6     65.9     14.6      0.0
    16     1    25    12    11    21     0     3   -11.0   27.495  123.680    268.3   1020.3    289.4    291.1      0.0   1536.6     61.2      0.0      0.0
    17     1    25    12    11    21     0     3   -11.0   27.496  123.716    270.3   1020.0    289.4    291.1      0.0   1604.1     55.6      0.0      0.0
    18     1    25    12    11    21     0     3   -11.0   27.439  123.497    258.8   1019.3    290.3    291.9      0.0   1544.1     59.1      0.0      0.0
    19     1    25    12    11    21     0     3   -11.0   27.218  123.869     39.0    986.5    290.1    289.0      0.0   1485.3     66.0      0.0      0.0
    20     1    25    12    11    21     0     3   -11.0   27.523  124.119     59.7    985.9    289.2    288.0      0.0   1480.4     64.0      0.0      0.0
    21     1    25    12    11    21     0     3   -11.0   27.121  123.444     29.5    987.7    290.7    289.6      0.0   1462.8     63.3      0.0      0.0
    22     1    25    12    11    21     0     3   -11.0   26.413  122.875     36.1    986.9    290.8    289.7      0.0   1416.4     67.9      0.0      0.0
    23     1    25    12    11    21     0     3   -11.0   26.466  123.443     83.3    981.5    290.9    289.3      0.0   1422.9     65.5      0.0      0.0
    24     1    25    12    11    21     0     3   -11.0   26.319  122.221     28.9    987.8    291.1    290.1      0.0   1387.3     69.0      0.0      0.0
    25     1    25    12    11    21     0     3   -11.0   27.769  124.236     73.9    984.3    289.1    287.8      0.0   1489.8     64.4      0.0      0.0
    26     1    25    12    11    21     0     3   -11.0   27.749  124.204    155.0    974.8    288.6    286.5      0.0   1485.6     68.5      0.0      0.0
    27     1    25    12    11    21     0     3   -11.0   27.703  124.096     12.7    989.6    289.7    288.8      0.0   1529.9     65.1      0.0      0.0
     1     1    25    12    11    20     0     2   -12.0   27.260  123.553      5.5   1020.0    290.3    291.9      0.0   1497.9     59.1      0.0      0.0
     2     1    25    12    11    20     0     2   -12.0   27.488  123.853     11.1   1020.8    289.6    291.3      0.0   1513.9     58.2      0.0      0.0
     3     1    25    12    11    20     0     2   -12.0   27.137  123.096      4.4   1019.6    290.7    292.3      0.0   1481.2     58.5      0.0      0.0
     4     1    25    12    11    20     0     2   -12.0   26.447  122.503      4.3   1019.1    291.0    292.5      0.0   1422.5     61.1      0.0      0.0
     5     1    25    12    11    20     0     2   -12.0   26.658  123.173      4.6   1019.6    290.8    292.4      0.0   1477.2     58.6      0.0      0.0
     6     1    25    12    11    20     0     2   -12.0   25.862  121.582      0.0   1018.6    292.1    293.6      0.2   1312.0     63.6      0.0      0.0
     7     1    25    12    11    20     0     2   -12.0   27.798  123.966     21.4   1019.6    289.4    291.1      0.0   1533.0     57.8      0.0      0.0
     8     1    25    12    11    20     0     2   -12.0   27.869  124.068     52.7   1015.9    288.9    290.2      0.0   1525.6     58.0      0.0      0.0
     9     1    25    12    11    20     0     2   -12.0   27.734  123.786     10.5   1020.9    289.7    291.5      0.0   1535.7     60.0      0.0      0.0
    10     1    25    12    11    20     0     2   -12.0   27.260  123.553    255.5   1020.0    290.3    291.9      0.0   1497.9     59.1      0.0      0.0
    11     1    25    12    11    20     0     2   -12.0   27.488  123.853    261.1   1020.8    289.6    291.3      0.0   1513.9     58.2      0.0      0.0
    12     1    25    12    11    20     0     2   -12.0   27.137  123.096    254.4   1019.6    290.7    292.3      0.0   1481.2     58.5      0.0      0.0
    13     1    25    12    11    20     0     2   -12.0   26.447  122.503    254.3   1019.1    291.0    292.5      0.0   1422.5     61.1      0.0      0.0
    14     1    25    12    11    20     0     2   -12.0   26.658  123.173    254.6   1019.6    290.8    292.4      0.0   1477.1     58.6      0.0      0.0
    15     1    25    12    11    20     0     2   -12.0   25.862  121.582    250.0   1018.6    292.1    293.6      0.2   1312.0     63.6      0.0      0.0
    16     1    25    12    11    20     0     2   -12.0   27.795  123.962    271.0   1019.6    289.4    291.1      0.0   1534.2     57.8      0.0      0.0
    17     1    25    12    11    20     0     2   -12.0   27.791  123.990    271.8   1019.5    289.1    290.7      0.0   1525.8     58.3      0.0      0.0
    18     1    25    12    11    20     0     2   -12.0   27.734  123.785    260.5   1020.9    289.7    291.5      0.0   1535.4     60.0      0.0      0.0
    19     1    25    12    11    20     0     2   -12.0   27.559  124.179     38.8    987.5    289.8    288.7      0.0   1486.0     63.7      0.0      0.0
    20     1    25    12    11    20     0     2   -12.0   27.857  124.407     72.2    984.1    288.9    287.6      0.0   1487.4     65.5      0.0      0.0
    21     1    25    12    11    20     0     2   -12.0   27.442  123.766     26.2    988.4    290.1    289.2      0.0   1486.3     66.0      0.0      0.0
    22     1    25    12    11    20     0     2   -12.0   26.729  123.191     44.4    986.0    290.7    289.5      0.0   1426.5     65.4      0.0      0.0
    23     1    25    12    11    20     0     2   -12.0   26.792  123.759     98.6    979.6    290.5    288.8      0.0   1469.6     68.0      0.0      0.0
    24     1    25    12    11    20     0     2   -12.0   26.634  122.548     46.5    985.4    290.8    289.6      0.0   1411.5     68.5      0.0      0.0
    25     1    25    12    11    20     0     2   -12.0   28.099  124.527     92.2    981.8    288.9    287.4      0.0   1506.5     65.9      0.0      0.0
    26     1    25    12    11    20     0     2   -12.0   28.073  124.493    160.1    973.9    288.5    286.3      0.0   1502.1     68.3      0.0      0.0
    27     1    25    12    11    20     0     2   -12.0   28.045  124.400     36.1    988.4    289.4    288.4      0.0   1488.5     63.6      0.0      0.0
