    10     1
    GFSQ    26     1     2     0     0
    GFSQ    26     1     3     0     0
    GFSQ    26     1     4     0     0
    GFSQ    26     1     5     0     0
    GFSQ    26     1     6     0     0
    GFSQ    26     1     7     0     0
    GFSQ    26     1     8     0     0
    GFSQ    26     1     9     0     0
    GFSQ    26     1    10     0     0
    GFSQ    26     1    11     0     0
    27 BACKWARD OMEGA   
    26     1    10     2   22.711  120.310    10.0
    26     1    10     2   22.711  120.310    10.0
    26     1    10     2   22.711  120.310    10.0
    26     1    10     2   22.711  120.310    10.0
    26     1    10     2   22.711  120.310    10.0
    26     1    10     2   22.711  120.310    10.0
    26     1    10     2   22.711  120.310    10.0
    26     1    10     2   22.711  120.310    10.0
    26     1    10     2   22.711  120.310    10.0
    26     1    10     2   22.711  120.310    10.0
    26     1    10     2   22.711  120.310    10.0
    26     1    10     2   22.711  120.310    10.0
    26     1    10     2   22.711  120.310    10.0
    26     1    10     2   22.711  120.310    10.0
    26     1    10     2   22.711  120.310    10.0
    26     1    10     2   22.711  120.310    10.0
    26     1    10     2   22.711  120.310    10.0
    26     1    10     2   22.711  120.310    10.0
    26     1    10     2   22.711  120.310    10.0
    26     1    10     2   22.711  120.310    10.0
    26     1    10     2   22.711  120.310    10.0
    26     1    10     2   22.711  120.310    10.0
    26     1    10     2   22.711  120.310    10.0
    26     1    10     2   22.711  120.310    10.0
    26     1    10     2   22.711  120.310    10.0
    26     1    10     2   22.711  120.310    10.0
    26     1    10     2   22.711  120.310    10.0
     8 PRESSURE THETA    AIR_TEMP RAINFALL MIXDEPTH RELHUMID TERR_MSL SUN_FLUX
     1     1    26     1    10     2     0     2     0.0   22.711  120.310     10.0   1015.0    289.4    290.6      0.0    434.5     55.0     34.8    174.7
     2     1    26     1    10     2     0     2     0.0   22.711  120.310     10.0   1013.1    289.0    290.0      0.0    456.0     50.9     51.7    277.6
     3     1    26     1    10     2     0     2     0.0   22.711  120.310     10.0   1017.2    290.6    292.0      0.0    665.0     62.0     11.2    168.7
     4     1    26     1    10     2     0     2     0.0   22.711  120.310     10.0    984.1    291.9    290.5      0.0    576.9     54.1    288.6    239.2
     5     1    26     1    10     2     0     2     0.0   22.711  120.310     10.0    973.8    291.8    289.5      0.0    547.2     54.6    381.9    323.4
     6     1    26     1    10     2     0     2     0.0   22.711  120.310     10.0    996.2    291.4    291.0      0.0    656.9     60.9    194.3    190.6
     7     1    26     1    10     2     0     2     0.0   22.711  120.310     10.0   1018.2    289.0    290.5      0.0    472.0     57.7      4.7    164.3
     8     1    26     1    10     2     0     2     0.0   22.711  120.310     10.0   1018.2    288.7    290.2      0.0    542.2     57.4      5.6    293.8
     9     1    26     1    10     2     0     2     0.0   22.711  120.310     10.0   1018.5    290.0    291.5      0.0    555.0     62.6      0.0    153.2
    10     1    26     1    10     2     0     2     0.0   22.711  120.310     10.0   1015.0    289.4    290.6      0.0    434.5     55.0     34.8    174.7
    11     1    26     1    10     2     0     2     0.0   22.711  120.310     10.0   1013.1    289.0    290.0      0.0    456.0     50.9     51.7    277.6
    12     1    26     1    10     2     0     2     0.0   22.711  120.310     10.0   1017.2    290.6    292.0      0.0    665.0     62.0     11.2    168.7
    13     1    26     1    10     2     0     2     0.0   22.711  120.310     10.0    984.1    291.9    290.5      0.0    576.9     54.1    288.6    239.2
    14     1    26     1    10     2     0     2     0.0   22.711  120.310     10.0    973.8    291.8    289.5      0.0    547.2     54.6    381.9    323.4
    15     1    26     1    10     2     0     2     0.0   22.711  120.310     10.0    996.2    291.4    291.0      0.0    656.9     60.9    194.3    190.6
    16     1    26     1    10     2     0     2     0.0   22.711  120.310     10.0   1018.2    289.0    290.5      0.0    472.0     57.7      4.7    164.3
    17     1    26     1    10     2     0     2     0.0   22.711  120.310     10.0   1018.2    288.7    290.2      0.0    542.2     57.4      5.6    293.8
    18     1    26     1    10     2     0     2     0.0   22.711  120.310     10.0   1018.5    290.0    291.5      0.0    555.0     62.6      0.0    153.2
    19     1    26     1    10     2     0     2     0.0   22.711  120.310     10.0    985.6    289.5    288.4      0.0    434.5     61.8     34.8    174.7
    20     1    26     1    10     2     0     2     0.0   22.711  120.310     10.0    983.8    289.3    288.0      0.0    456.0     55.8     51.7    277.6
    21     1    26     1    10     2     0     2     0.0   22.711  120.310     10.0    987.9    290.4    289.4      0.0    665.0     69.9     11.2    168.7
    22     1    26     1    10     2     0     2     0.0   22.711  120.310     10.0    955.8    291.8    288.0      0.0    576.9     61.4    288.6    239.2
    23     1    26     1    10     2     0     2     0.0   22.711  120.310     10.0    945.9    292.0    287.3      0.0    547.2     59.4    381.9    323.4
    24     1    26     1    10     2     0     2     0.0   22.711  120.310     10.0    967.6    291.3    288.5      0.0    656.9     68.5    194.3    190.6
    25     1    26     1    10     2     0     2     0.0   22.711  120.310     10.0    988.7    289.0    288.1      0.0    472.0     64.5      4.7    164.3
    26     1    26     1    10     2     0     2     0.0   22.711  120.310     10.0    988.6    288.7    287.8      0.0    542.2     64.1      5.6    293.8
    27     1    26     1    10     2     0     2     0.0   22.711  120.310     10.0    989.1    289.8    288.8      0.0    555.0     70.5      0.0    153.2
     1     1    26     1    10     1     0     1    -1.0   22.747  120.282      0.0   1015.9    288.3    289.6      0.0    275.2     54.9     31.3     95.5
     2     1    26     1    10     1     0     1    -1.0   22.740  120.288      0.0   1014.6    287.7    288.9      0.0    295.6     53.5     42.7    154.6
     3     1    26     1    10     1     0     1    -1.0   22.697  120.313      6.3   1016.8    290.1    291.5      0.0    555.1     61.4     10.9     91.9
     4     1    26     1    10     1     0     1    -1.0   22.711  120.272      0.0    998.3    290.2    290.0      0.0    369.7     55.2    159.4    121.4
     5     1    26     1    10     1     0     1    -1.0   22.702  120.272      0.0    991.0    289.4    288.6      0.0    322.2     58.5    226.5    168.1
     6     1    26     1    10     1     0     1    -1.0   22.697  120.321     17.0    992.9    290.7    290.1      0.0    477.1     62.6    212.0    101.9
     7     1    26     1    10     1     0     1    -1.0   22.791  120.323      7.9   1017.8    288.5    290.0      0.0    417.1     57.0      6.9    106.1
     8     1    26     1    10     1     0     1    -1.0   22.811  120.334      7.7   1017.8    288.2    289.7      0.0    493.6     57.6      7.9    170.7
     9     1    26     1    10     1     0     1    -1.0   22.750  120.328      8.6   1018.0    289.6    291.1      0.0    502.4     61.7      0.0     81.3
    10     1    26     1    10     1     0     1    -1.0   22.747  120.282    249.7   1015.9    288.3    289.6      0.0    275.2     54.9     31.3     95.5
    11     1    26     1    10     1     0     1    -1.0   22.740  120.288    249.6   1014.6    287.7    288.9      0.0    295.6     53.5     42.7    154.6
    12     1    26     1    10     1     0     1    -1.0   22.697  120.313    249.9   1016.8    290.1    291.5      0.0    555.1     61.4     10.9     91.9
    13     1    26     1    10     1     0     1    -1.0   22.711  120.272    248.4    998.3    290.2    290.0      0.0    369.7     55.2    159.4    121.4
    14     1    26     1    10     1     0     1    -1.0   22.702  120.272    247.7    991.0    289.4    288.6      0.0    322.2     58.5    226.5    168.1
    15     1    26     1    10     1     0     1    -1.0   22.698  120.320    257.7    993.7    290.7    290.2      0.0    477.1     62.3    211.8    101.9
    16     1    26     1    10     1     0     1    -1.0   22.791  120.323    249.9   1017.8    288.5    290.0      0.0    417.1     57.0      6.9    106.1
    17     1    26     1    10     1     0     1    -1.0   22.811  120.334    249.9   1017.8    288.2    289.7      0.0    493.6     57.6      7.9    170.7
    18     1    26     1    10     1     0     1    -1.0   22.750  120.328    250.0   1018.0    289.6    291.1      0.0    502.4     61.7      0.0     81.3
    19     1    26     1    10     1     0     1    -1.0   22.718  120.288      0.0    987.7    289.1    288.1      0.0    305.1     61.2     29.9     95.3
    20     1    26     1    10     1     0     1    -1.0   22.739  120.288      4.9    985.7    288.6    287.4      0.0    295.6     55.9     42.7    154.6
    21     1    26     1    10     1     0     1    -1.0   22.677  120.323      0.0    990.0    290.1    289.2      0.0    570.4     69.1     11.4     92.6
    22     1    26     1    10     1     0     1    -1.0   22.694  120.277      0.0    969.8    290.6    288.0      0.0    378.0     61.5    170.8    121.0
    23     1    26     1    10     1     0     1    -1.0   22.694  120.274      0.0    963.9    290.4    287.3      0.0    323.5     60.2    231.3    166.5
    24     1    26     1    10     1     0     1    -1.0   22.692  120.329     18.2    962.2    291.0    287.8      0.0    474.8     69.6    229.3    101.6
    25     1    26     1    10     1     0     1    -1.0   22.777  120.319     28.1    986.2    288.8    287.6      0.0    416.7     63.6      6.5    102.3
    26     1    26     1    10     1     0     1    -1.0   22.816  120.329     25.8    986.4    288.4    287.3      0.0    501.0     63.9      7.4    171.2
    27     1    26     1    10     1     0     1    -1.0   22.731  120.332      0.0    991.2    289.5    288.7      0.0    517.0     68.9      0.0     82.9
     1     1    26     1    10     0     0     0    -2.0   22.792  120.277      0.0   1016.2    287.3    288.7      0.0    164.8     56.0     31.4     19.8
     2     1    26     1    10     0     0     0    -2.0   22.777  120.287      0.0   1014.6    286.5    287.7      0.0    141.6     57.1     44.8     19.8
     3     1    26     1    10     0     0     0    -2.0   22.690  120.345     10.9   1015.7    289.7    291.0      0.0    432.1     60.9     16.0     13.7
     4     1    26     1    10     0     0     0    -2.0   22.719  120.254      0.0   1004.6    288.8    289.2      0.0    158.1     56.3     98.8     18.9
     5     1    26     1    10     0     0     0    -2.0   22.692  120.250      0.0   1001.0    287.5    287.5      0.0     93.0     62.6    136.5     19.8
     6     1    26     1    10     0     0     0    -2.0   22.693  120.362     89.4    973.2    290.2    287.9      0.0    280.5     67.1    306.4     14.4
     7     1    26     1    10     0     0     0    -2.0   22.877  120.357      7.1   1017.6    287.9    289.3      0.0    341.5     57.1     10.0     19.8
     8     1    26     1    10     0     0     0    -2.0   22.926  120.373      5.8   1017.6    287.4    288.8      0.0    404.1     58.7     11.6     19.8
     9     1    26     1    10     0     0     0    -2.0   22.796  120.371      6.9   1017.6    289.1    290.6      0.0    421.3     60.1      2.1     13.3
    10     1    26     1    10     0     0     0    -2.0   22.792  120.277    249.7   1016.2    287.3    288.7      0.0    164.8     56.0     31.4     19.8
    11     1    26     1    10     0     0     0    -2.0   22.777  120.287    249.6   1014.6    286.5    287.7      0.0    141.6     57.1     44.8     19.8
    12     1    26     1    10     0     0     0    -2.0   22.690  120.345    254.4   1015.9    289.7    291.0      0.0    432.1     60.9     16.0     13.7
    13     1    26     1    10     0     0     0    -2.0   22.719  120.254    249.0   1004.6    288.8    289.2      0.0    158.1     56.3     98.8     18.9
    14     1    26     1    10     0     0     0    -2.0   22.692  120.250    248.6   1001.0    287.5    287.5      0.0     93.0     62.6    136.5     19.8
    15     1    26     1    10     0     0     0    -2.0   22.693  120.360    326.6    974.7    290.2    288.0      0.0    281.4     66.8    303.6     14.4
    16     1    26     1    10     0     0     0    -2.0   22.877  120.357    249.9   1017.6    287.9    289.3      0.0    341.5     57.1     10.0     19.8
    17     1    26     1    10     0     0     0    -2.0   22.926  120.373    249.9   1017.6    287.4    288.8      0.0    404.1     58.7     11.6     19.8
    18     1    26     1    10     0     0     0    -2.0   22.796  120.371    250.0   1017.6    289.1    290.6      0.0    421.3     60.1      2.1     13.3
    19     1    26     1    10     0     0     0    -2.0   22.723  120.290      0.0    987.8    288.9    287.8      0.0    191.8     61.0     30.9     18.9
    20     1    26     1    10     0     0     0    -2.0   22.786  120.284      3.2    985.9    287.9    286.7      0.0    145.3     57.2     44.3     19.8
    21     1    26     1    10     0     0     0    -2.0   22.648  120.369      0.0    990.9    289.8    289.0      0.0    479.7     68.9     15.6     15.1
    22     1    26     1    10     0     0     0    -2.0   22.673  120.267     21.5    970.9    290.0    287.5      0.0    180.4     62.4    133.2     17.5
    23     1    26     1    10     0     0     0    -2.0   22.672  120.258      0.0    970.6    289.4    286.9      0.0     99.1     61.5    163.5     19.8
    24     1    26     1    10     0     0     0    -2.0   22.683  120.383     92.2    940.5    291.4    286.3      0.0    277.7     71.0    345.8     14.3
    25     1    26     1    10     0     0     0    -2.0   22.849  120.348     52.2    983.1    288.6    287.2      0.0    348.3     63.1      9.2     19.8
    26     1    26     1    10     0     0     0    -2.0   22.952  120.365     14.2    987.5    288.0    286.9      0.0    427.0     63.3     10.8     19.8
    27     1    26     1    10     0     0     0    -2.0   22.756  120.381      0.0    995.5    289.1    288.7      0.0    440.3     66.2      0.3     12.0
     1     1    26     1     9    23     0     1    -3.0   22.842  120.287      1.6   1014.9    286.9    288.1      0.0    153.9     57.4     36.2     13.2
     2     1    26     1     9    23     0     1    -3.0   22.826  120.298      0.3   1012.5    286.3    287.3      0.0    145.2     58.6     57.2     13.2
     3     1    26     1     9    23     0     1    -3.0   22.695  120.389     26.9   1012.6    289.4    290.5      0.0    368.7     61.1     24.1      9.1
     4     1    26     1     9    23     0     1    -3.0   22.736  120.252     21.6   1003.8    288.3    288.6      0.0    127.1     58.2     92.1     12.9
     5     1    26     1     9    23     0     1    -3.0   22.692  120.243      0.9   1001.0    287.2    287.2      0.0     75.1     63.8    133.2     13.2
     6     1    26     1     9    23     0     1    -3.0   22.705  120.428    212.2    939.3    291.2    286.0      0.0    187.3     69.3    477.1     10.3
     7     1    26     1     9    23     0     1    -3.0   22.966  120.397      7.1   1017.2    287.2    288.6      0.0    296.9     57.8     13.8     13.2
     8     1    26     1     9    23     0     1    -3.0   23.050  120.419      4.4   1017.2    286.8    288.2      0.0    358.6     59.6     12.7     13.2
     9     1    26     1     9    23     0     1    -3.0   22.851  120.420      5.2   1017.2    288.6    290.0      0.0    368.7     59.1      6.4     10.0
    10     1    26     1     9    23     0     1    -3.0   22.842  120.287    251.3   1014.9    286.9    288.1      0.0    153.9     57.4     36.2     13.2
    11     1    26     1     9    23     0     1    -3.0   22.826  120.298    249.7   1012.5    286.3    287.3      0.0    145.2     58.6     57.2     13.2
    12     1    26     1     9    23     0     1    -3.0   22.695  120.389    270.8   1013.3    289.4    290.5      0.0    368.5     60.9     24.1      9.0
    13     1    26     1     9    23     0     1    -3.0   22.736  120.252    270.7   1003.8    288.3    288.6      0.0    127.1     58.2     92.1     12.9
    14     1    26     1     9    23     0     1    -3.0   22.692  120.243    249.6   1001.0    287.2    287.2      0.0     75.1     63.8    133.2     13.2
    15     1    26     1     9    23     0     1    -3.0   22.704  120.426    447.5    940.9    291.2    286.1      0.0    188.5     69.3    473.2     10.2
    16     1    26     1     9    23     0     1    -3.0   22.966  120.397    249.9   1017.2    287.2    288.6      0.0    296.9     57.8     13.8     13.2
    17     1    26     1     9    23     0     1    -3.0   23.050  120.419    249.9   1017.2    286.8    288.2      0.0    358.6     59.6     12.7     13.2
    18     1    26     1     9    23     0     1    -3.0   22.851  120.420    249.9   1017.2    288.6    290.0      0.0    368.7     59.1      6.4     10.0
    19     1    26     1     9    23     0     1    -3.0   22.737  120.309      3.0    985.7    288.9    287.7      0.0    172.1     60.8     37.2     12.9
    20     1    26     1     9    23     0     1    -3.0   22.864  120.300      5.8    982.7    288.3    286.8      0.0    153.2     57.2     63.7     13.2
    21     1    26     1     9    23     0     1    -3.0   22.631  120.430      3.7    986.3    289.8    288.6      0.0    437.2     70.0     21.0     10.4
    22     1    26     1     9    23     0     1    -3.0   22.658  120.275     54.1    964.8    290.2    287.2      0.0    153.5     63.8    155.5     11.4
    23     1    26     1     9    23     0     1    -3.0   22.662  120.258     22.0    967.4    289.7    286.9      0.0     80.8     61.6    160.6     13.2
    24     1    26     1     9    23     0     1    -3.0   22.699  120.453    187.2    909.2    293.0    285.1      0.0    178.4     70.1    529.3     10.2
    25     1    26     1     9    23     0     1    -3.0   22.933  120.385     65.3    981.2    288.6    287.0      0.0    313.2     61.7     12.6     13.2
    26     1    26     1     9    23     0     1    -3.0   23.129  120.420      0.0    989.2    287.6    286.7      0.0    385.6     63.3      7.7     13.2
    27     1    26     1     9    23     0     1    -3.0   22.783  120.437      0.0    994.6    289.0    288.5      0.0    403.0     65.1      2.3      8.6
     1     1    26     1     9    22     0     2    -4.0   22.902  120.304      8.4   1013.1    286.5    287.6      0.0    136.6     59.2     45.6      6.6
     2     1    26     1     9    22     0     2    -4.0   22.886  120.319     12.4   1008.6    286.2    286.9      0.0    136.2     60.3     82.3      6.6
     3     1    26     1     9    22     0     2    -4.0   22.718  120.429     54.6   1008.1    289.0    289.7      0.0    272.3     61.1     34.6      4.3
     4     1    26     1     9    22     0     2    -4.0   22.765  120.260     65.4    994.7    288.2    287.7      0.0     96.9     60.2    126.2      6.6
     5     1    26     1     9    22     0     2    -4.0   22.710  120.250     33.2    996.7    287.1    286.8      0.0     48.0     64.7    141.9      6.6
     6     1    26     1     9    22     0     2    -4.0   22.729  120.489    315.0    906.2    292.9    284.7      0.0    101.1     69.6    663.4      6.0
     7     1    26     1     9    22     0     2    -4.0   23.061  120.435      7.1   1016.7    286.5    287.9      0.0    252.6     58.8     17.4      6.6
     8     1    26     1     9    22     0     2    -4.0   23.170  120.472      3.7   1016.5    286.2    287.5      0.0    291.9     60.0      6.7      6.6
     9     1    26     1     9    22     0     2    -4.0   22.924  120.459      4.3   1016.5    287.7    289.1      0.0    284.7     58.4     13.6      5.8
    10     1    26     1     9    22     0     2    -4.0   22.902  120.304    257.9   1013.1    286.5    287.6      0.0    136.6     59.2     45.6      6.6
    11     1    26     1     9    22     0     2    -4.0   22.886  120.319    261.6   1008.6    286.2    286.9      0.0    136.2     60.3     82.3      6.6
    12     1    26     1     9    22     0     2    -4.0   22.718  120.429    298.8   1008.8    289.0    289.8      0.0    271.9     60.9     34.6      4.3
    13     1    26     1     9    22     0     2    -4.0   22.765  120.260    314.1    994.7    288.2    287.7      0.0     96.9     60.2    126.2      6.6
    14     1    26     1     9    22     0     2    -4.0   22.710  120.250    281.8    996.7    287.1    286.8      0.0     48.0     64.7    141.9      6.6
    15     1    26     1     9    22     0     2    -4.0   22.728  120.488    549.6    907.6    292.8    284.8      0.0    102.1     69.7    660.0      5.9
    16     1    26     1     9    22     0     2    -4.0   23.061  120.435    249.8   1016.7    286.5    287.9      0.0    252.6     58.8     17.4      6.6
    17     1    26     1     9    22     0     2    -4.0   23.170  120.472    249.9   1016.5    286.2    287.5      0.0    291.9     60.0      6.7      6.6
    18     1    26     1     9    22     0     2    -4.0   22.924  120.459    249.9   1016.5    287.7    289.1      0.0    284.7     58.4     13.6      5.8
    19     1    26     1     9    22     0     2    -4.0   22.780  120.337     10.0    982.9    288.9    287.5      0.0    145.2     60.5     48.4      6.6
    20     1    26     1     9    22     0     2    -4.0   22.973  120.337     21.7    974.3    289.0    286.9      0.0    138.6     57.1    117.3      6.6
    21     1    26     1     9    22     0     2    -4.0   22.638  120.487     28.4    982.4    289.6    288.2      0.0    354.0     69.9     29.1      5.1
    22     1    26     1     9    22     0     2    -4.0   22.665  120.290     74.1    956.6    290.6    286.9      0.0    115.5     64.1    208.2      5.8
    23     1    26     1     9    22     0     2    -4.0   22.681  120.266     48.8    960.0    290.3    286.9      0.0     55.4     61.6    197.2      6.6
    24     1    26     1     9    22     0     2    -4.0   22.739  120.499    225.4    884.9    294.5    284.4      0.0     88.9     65.4    707.7      6.3
    25     1    26     1     9    22     0     2    -4.0   23.047  120.428     67.9    980.3    288.6    287.0      0.0    259.8     59.1     16.7      6.6
    26     1    26     1     9    22     0     2    -4.0   23.342  120.495     13.6    986.2    287.5    286.4      0.0    341.5     64.5      0.0      6.6
    27     1    26     1     9    22     0     2    -4.0   22.828  120.483      0.0    992.2    288.7    288.1      0.0    331.7     63.8      6.9      4.8
     1     1    26     1     9    21     0     3    -5.0   22.973  120.329     25.7   1008.4    286.2    286.9      0.0    109.8     61.3     61.6      0.0
     2     1    26     1     9    21     0     3    -5.0   22.968  120.357     54.5    996.7    286.8    286.5      0.0    106.6     61.2    138.0      0.0
     3     1    26     1     9    21     0     3    -5.0   22.750  120.470     99.9   1001.5    288.7    288.8      0.0    144.5     61.2     48.7      0.0
     4     1    26     1     9    21     0     3    -5.0   22.808  120.278    113.0    980.0    288.9    287.2      0.0     61.2     60.8    206.6      0.0
     5     1    26     1     9    21     0     3    -5.0   22.752  120.268     90.9    980.1    288.5    286.8      0.0     17.6     63.4    224.6      0.0
     6     1    26     1     9    21     0     3    -5.0   22.762  120.527    372.4    897.3    293.4    284.4      0.0     80.7     69.2    683.4      0.0
     7     1    26     1     9    21     0     3    -5.0   23.159  120.474      7.0   1015.9    285.9    287.2      0.0    204.5     59.6     21.0      0.0
     8     1    26     1     9    21     0     3    -5.0   23.269  120.529      6.1   1013.7    285.9    287.0      0.0    228.3     60.4     20.4      0.0
     9     1    26     1     9    21     0     3    -5.0   23.016  120.494      4.1   1015.7    286.7    288.0      0.0    184.4     58.5     22.8      0.0
    10     1    26     1     9    21     0     3    -5.0   22.973  120.329    275.1   1008.4    286.2    286.9      0.0    109.8     61.3     61.6      0.0
    11     1    26     1     9    21     0     3    -5.0   22.968  120.357    303.1    996.7    286.8    286.5      0.0    106.6     61.2    138.0      0.0
    12     1    26     1     9    21     0     3    -5.0   22.751  120.469    344.1   1002.1    288.7    288.8      0.0    144.9     61.1     48.7      0.0
    13     1    26     1     9    21     0     3    -5.0   22.808  120.278    360.9    980.0    288.9    287.2      0.0     61.2     60.8    206.7      0.0
    14     1    26     1     9    21     0     3    -5.0   22.752  120.268    338.7    980.1    288.5    286.8      0.0     17.6     63.4    224.6      0.0
    15     1    26     1     9    21     0     3    -5.0   22.761  120.527    609.4    898.2    293.3    284.4      0.0     81.4     69.5    681.2      0.0
    16     1    26     1     9    21     0     3    -5.0   23.159  120.474    249.8   1015.9    285.9    287.2      0.0    204.5     59.6     21.0      0.0
    17     1    26     1     9    21     0     3    -5.0   23.269  120.529    252.3   1013.7    285.9    287.0      0.0    228.3     60.4     20.4      0.0
    18     1    26     1     9    21     0     3    -5.0   23.016  120.494    249.8   1015.7    286.7    288.0      0.0    184.4     58.5     22.8      0.0
    19     1    26     1     9    21     0     3    -5.0   22.853  120.373     19.6    978.7    289.1    287.4      0.0    110.7     60.2     67.9      0.0
    20     1    26     1     9    21     0     3    -5.0   23.096  120.389     66.5    964.6    289.7    286.7      0.0    106.2     57.3    152.5      0.0
    21     1    26     1     9    21     0     3    -5.0   22.664  120.540     79.1    965.7    290.1    287.1      0.0    233.3     71.3    124.9      0.0
    22     1    26     1     9    21     0     3    -5.0   22.698  120.306     78.4    949.1    291.0    286.6      0.0     74.0     63.1    269.9      0.0
    23     1    26     1     9    21     0     3    -5.0   22.728  120.280     84.9    948.0    291.1    286.6      0.0     22.6     61.2    266.2      0.0
    24     1    26     1     9    21     0     3    -5.0   22.784  120.510    223.1    881.1    294.9    284.4      0.0     56.9     63.5    741.6      0.0
    25     1    26     1     9    21     0     3    -5.0   23.197  120.488     82.2    977.7    288.9    287.1      0.0    189.4     55.5     22.3      0.0
    26     1    26     1     9    21     0     3    -5.0   23.548  120.584     39.0    981.2    287.7    286.2      0.0    314.4     64.1     16.5      0.0
    27     1    26     1     9    21     0     3    -5.0   22.899  120.528      0.0    987.3    288.7    287.6      0.0    237.5     62.5     20.6      0.0
     1     1    26     1     9    20     0     2    -6.0   23.059  120.360     57.7   1000.5    286.7    286.8      0.0     99.3     61.0     96.6      0.0
     2     1    26     1     9    20     0     2    -6.0   23.069  120.411    126.4    983.2    288.0    286.6      0.0     90.5     60.0    183.7      0.0
     3     1    26     1     9    20     0     2    -6.0   22.790  120.502    146.5    993.9    288.9    288.4      0.0    116.7     61.1     66.8      0.0
     4     1    26     1     9    20     0     2    -6.0   22.859  120.294    143.6    968.0    289.8    287.0      0.0     47.4     60.4    282.9      0.0
     5     1    26     1     9    20     0     2    -6.0   22.808  120.283    146.3    963.4    289.9    286.7      0.0     17.7     61.0    323.5      0.0
     6     1    26     1     9    20     0     2    -6.0   22.805  120.544    385.2    895.0    293.5    284.3      0.0     82.1     69.6    699.4      0.0
     7     1    26     1     9    20     0     2    -6.0   23.248  120.510      8.6   1015.0    285.7    286.9      0.0    181.3     59.0     34.9      0.0
     8     1    26     1     9    20     0     2    -6.0   23.361  120.589     22.8   1010.2    286.3    287.1      0.0    223.5     60.1     45.2      0.0
     9     1    26     1     9    20     0     2    -6.0   23.109  120.522      7.3   1014.9    286.5    287.7      0.0    164.0     58.6     31.3      0.0
    10     1    26     1     9    20     0     2    -6.0   23.059  120.360    306.8   1000.5    286.7    286.8      0.0     99.3     61.0     96.6      0.0
    11     1    26     1     9    20     0     2    -6.0   23.069  120.411    374.6    983.2    288.0    286.6      0.0     90.5     60.0    183.7      0.0
    12     1    26     1     9    20     0     2    -6.0   22.791  120.502    390.7    994.6    288.9    288.4      0.0    116.7     61.0     65.9      0.0
    13     1    26     1     9    20     0     2    -6.0   22.859  120.294    390.7    968.0    289.8    287.0      0.0     47.4     60.4    282.9      0.0
    14     1    26     1     9    20     0     2    -6.0   22.808  120.283    393.0    963.4    289.9    286.7      0.0     17.7     61.0    323.5      0.0
    15     1    26     1     9    20     0     2    -6.0   22.803  120.546    624.8    896.0    293.4    284.3      0.0     84.7     69.9    693.8      0.0
    16     1    26     1     9    20     0     2    -6.0   23.248  120.510    251.2   1015.0    285.7    286.9      0.0    181.3     59.0     34.9      0.0
    17     1    26     1     9    20     0     2    -6.0   23.359  120.589    269.0   1010.6    286.3    287.1      0.0    223.5     60.2     45.2      0.0
    18     1    26     1     9    20     0     2    -6.0   23.109  120.522    252.9   1014.9    286.5    287.7      0.0    164.0     58.6     31.3      0.0
    19     1    26     1     9    20     0     2    -6.0   22.934  120.406     36.1    973.6    289.4    287.2      0.0     83.6     59.8     92.6      0.0
    20     1    26     1     9    20     0     2    -6.0   23.199  120.438    133.4    956.6    289.8    286.2      0.0     91.6     57.4    158.9      0.0
    21     1    26     1     9    20     0     2    -6.0   22.696  120.583    139.8    946.1    291.0    286.3      0.0    172.5     72.9    241.7      0.0
    22     1    26     1     9    20     0     2    -6.0   22.741  120.310     65.6    947.1    291.1    286.5      0.0     67.6     62.3    300.5      0.0
    23     1    26     1     9    20     0     2    -6.0   22.780  120.291    132.5    935.5    291.7    286.1      0.0     17.7     61.2    336.6      0.0
    24     1    26     1     9    20     0     2    -6.0   22.827  120.496    211.7    877.4    295.0    284.2      0.0     33.7     63.2    794.5      0.0
    25     1    26     1     9    20     0     2    -6.0   23.351  120.550    136.6    966.6    289.3    286.5      0.0    177.4     56.8     63.2      0.0
    26     1    26     1     9    20     0     2    -6.0   23.720  120.668     80.3    976.8    287.9    286.0      0.0    281.2     61.7     18.3      0.0
    27     1    26     1     9    20     0     2    -6.0   22.981  120.566      0.0    985.5    288.7    287.5      0.0    172.0     60.5     38.4      0.0
     1     1    26     1     9    19     0     1    -7.0   23.149  120.394    102.4    989.3    287.6    286.7      0.0     89.2     60.5    151.9      0.0
     2     1    26     1     9    19     0     1    -7.0   23.152  120.449    187.1    975.9    288.3    286.3      0.0     77.9     59.8    188.0      0.0
     3     1    26     1     9    19     0     1    -7.0   22.837  120.516    174.0    985.0    289.3    288.1      0.0    110.7     60.9    113.7      0.0
     4     1    26     1     9    19     0     1    -7.0   22.906  120.301    157.8    961.8    290.1    286.8      0.0     37.0     60.2    324.7      0.0
     5     1    26     1     9    19     0     1    -7.0   22.854  120.292    183.5    952.8    290.4    286.4      0.0     17.7     60.7    386.3      0.0
     6     1    26     1     9    19     0     1    -7.0   22.849  120.544    376.7    890.7    293.6    284.0      0.0     64.6     69.6    753.6      0.0
     7     1    26     1     9    19     0     1    -7.0   23.331  120.548     22.6   1009.7    286.1    286.9      0.0    183.0     59.4     64.6      0.0
     8     1    26     1     9    19     0     1    -7.0   23.452  120.649     40.5   1008.3    286.4    287.0      0.0    202.0     59.6     47.6      0.0
     9     1    26     1     9    19     0     1    -7.0   23.194  120.543     17.9   1012.2    286.3    287.3      0.0    149.6     59.2     43.1      0.0
    10     1    26     1     9    19     0     1    -7.0   23.149  120.394    350.8    989.3    287.6    286.7      0.0     89.2     60.5    151.9      0.0
    11     1    26     1     9    19     0     1    -7.0   23.152  120.449    435.2    975.9    288.3    286.3      0.0     77.9     59.8    188.0      0.0
    12     1    26     1     9    19     0     1    -7.0   22.839  120.516    418.0    985.5    289.3    288.1      0.0    110.5     60.8    113.7      0.0
    13     1    26     1     9    19     0     1    -7.0   22.906  120.301    404.6    961.8    290.1    286.8      0.0     37.0     60.2    324.7      0.0
    14     1    26     1     9    19     0     1    -7.0   22.854  120.292    429.6    952.8    290.4    286.4      0.0     17.7     60.7    386.3      0.0
    15     1    26     1     9    19     0     1    -7.0   22.848  120.547    617.3    891.7    293.6    284.1      0.0     68.3     69.9    746.2      0.0
    16     1    26     1     9    19     0     1    -7.0   23.329  120.547    264.9   1010.6    286.0    286.9      0.0    183.1     59.4     64.2      0.0
    17     1    26     1     9    19     0     1    -7.0   23.448  120.647    287.5   1008.5    286.4    287.1      0.0    202.2     59.6     48.2      0.0
    18     1    26     1     9    19     0     1    -7.0   23.193  120.543    263.6   1012.7    286.3    287.3      0.0    149.8     59.2     43.0      0.0
    19     1    26     1     9    19     0     1    -7.0   22.998  120.427     57.8    968.4    289.7    287.0      0.0     62.0     59.9    113.5      0.0
    20     1    26     1     9    19     0     1    -7.0   23.267  120.472    192.8    950.6    290.0    285.8      0.0     78.4     56.9    155.1      0.0
    21     1    26     1     9    19     0     1    -7.0   22.726  120.604    182.3    933.5    291.6    285.8      0.0    124.3     74.0    316.0      0.0
    22     1    26     1     9    19     0     1    -7.0   22.775  120.307     54.7    948.2    291.0    286.5      0.0     62.1     62.4    302.5      0.0
    23     1    26     1     9    19     0     1    -7.0   22.810  120.293    168.6    929.1    291.8    285.6      0.0     17.7     62.3    362.7      0.0
    24     1    26     1     9    19     0     1    -7.0   22.864  120.466    179.0    887.5    294.2    284.3      0.0     35.3     65.7    740.0      0.0
    25     1    26     1     9    19     0     1    -7.0   23.471  120.599    195.2    957.8    289.5    285.9      0.0    172.2     57.8     80.5      0.0
    26     1    26     1     9    19     0     1    -7.0   23.884  120.746    105.0    974.1    288.0    285.8      0.0    286.5     60.4     23.0      0.0
    27     1    26     1     9    19     0     1    -7.0   23.059  120.590      0.5    983.7    288.7    287.4      0.0    146.6     59.3     51.8      0.0
     1     1    26     1     9    18     0     0    -8.0   23.224  120.419    146.7    978.4    288.2    286.4      0.0     78.7     61.3    207.2      0.0
     2     1    26     1     9    18     0     0    -8.0   23.211  120.477    244.1    969.9    288.4    285.9      0.0     65.2     59.6    184.7      0.0
     3     1    26     1     9    18     0     0    -8.0   22.886  120.514    186.2    982.6    289.5    288.0      0.0    105.6     60.0    118.7      0.0
     4     1    26     1     9    18     0     0    -8.0   22.948  120.301    157.2    960.2    290.1    286.7      0.0     28.5     60.0    340.9      0.0
     5     1    26     1     9    18     0     0    -8.0   22.884  120.292    206.8    948.7    290.5    286.1      0.0     17.8     61.3    402.1      0.0
     6     1    26     1     9    18     0     0    -8.0   22.888  120.524    358.5    884.8    293.8    283.7      0.0     36.0     69.7    832.1      0.0
     7     1    26     1     9    18     0     0    -8.0   23.415  120.594     49.9   1003.4    286.5    286.8      0.0    172.2     59.1     90.0      0.0
     8     1    26     1     9    18     0     0    -8.0   23.526  120.702     48.8   1008.4    286.2    286.8      0.0    171.5     58.7     42.1      0.0
     9     1    26     1     9    18     0     0    -8.0   23.283  120.565     35.2   1007.6    286.3    287.0      0.0    139.0     59.6     62.5      0.0
    10     1    26     1     9    18     0     0    -8.0   23.224  120.419    394.6    978.4    288.2    286.4      0.0     78.7     61.3    207.2      0.0
    11     1    26     1     9    18     0     0    -8.0   23.211  120.477    492.2    969.9    288.4    285.9      0.0     65.2     59.6    184.7      0.0
    12     1    26     1     9    18     0     0    -8.0   22.888  120.515    430.2    983.0    289.5    288.0      0.0    105.0     59.9    120.4      0.0
    13     1    26     1     9    18     0     0    -8.0   22.948  120.301    403.8    960.2    290.1    286.7      0.0     28.5     60.0    340.9      0.0
    14     1    26     1     9    18     0     0    -8.0   22.884  120.292    452.8    948.7    290.5    286.1      0.0     17.8     61.3    402.1      0.0
    15     1    26     1     9    18     0     0    -8.0   22.888  120.529    599.8    885.7    293.7    283.7      0.0     40.1     70.0    823.6      0.0
    16     1    26     1     9    18     0     0    -8.0   23.409  120.591    292.3   1004.3    286.4    286.8      0.0    172.8     59.2     89.6      0.0
    17     1    26     1     9    18     0     0    -8.0   23.522  120.701    296.5   1008.6    286.2    286.9      0.0    171.8     58.7     42.2      0.0
    18     1    26     1     9    18     0     0    -8.0   23.280  120.565    280.9   1008.1    286.3    287.0      0.0    139.0     59.7     61.7      0.0
    19     1    26     1     9    18     0     0    -8.0   23.041  120.437     83.0    962.9    289.7    286.6      0.0     59.3     60.9    138.9      0.0
    20     1    26     1     9    18     0     0    -8.0   23.305  120.488    234.5    946.8    290.1    285.6      0.0     75.3     57.0    147.6      0.0
    21     1    26     1     9    18     0     0    -8.0   22.751  120.603    209.1    929.1    291.8    285.6      0.0     93.0     75.7    332.3      0.0
    22     1    26     1     9    18     0     0    -8.0   22.798  120.301     49.3    950.5    290.8    286.6      0.0     58.9     62.6    287.8      0.0
    23     1    26     1     9    18     0     0    -8.0   22.820  120.286    191.4    928.8    291.5    285.3      0.0     17.8     64.3    342.3      0.0
    24     1    26     1     9    18     0     0    -8.0   22.892  120.433    140.8    901.0    293.2    284.5      0.0     42.4     68.2    658.1      0.0
    25     1    26     1     9    18     0     0    -8.0   23.559  120.633    238.9    953.1    289.6    285.6      0.0    173.1     58.2     81.6      0.0
    26     1    26     1     9    18     0     0    -8.0   24.048  120.822    117.2    965.6    288.5    285.6      0.0    308.4     60.1     93.7      0.0
    27     1    26     1     9    18     0     0    -8.0   23.133  120.602      1.7    982.0    288.8    287.3      0.0    133.7     58.8     63.4      0.0
     1     1    26     1     9    17     0     1    -9.0   23.288  120.444    198.8    970.1    288.8    286.3      0.0     78.6     60.3    231.2      0.0
     2     1    26     1     9    17     0     1    -9.0   23.255  120.503    300.8    962.5    289.0    285.8      0.0     72.3     57.5    195.9      0.0
     3     1    26     1     9    17     0     1    -9.0   22.927  120.505    187.0    984.7    289.4    288.2      0.0    124.6     59.1     96.2      0.0
     4     1    26     1     9    17     0     1    -9.0   22.984  120.300    149.3    960.5    290.0    286.6      0.0     21.9     60.0    350.7      0.0
     5     1    26     1     9    17     0     1    -9.0   22.903  120.292    232.9    945.1    290.7    286.0      0.0     18.1     60.8    415.2      0.0
     6     1    26     1     9    17     0     1    -9.0   22.917  120.491    343.2    882.5    293.8    283.5      0.0     25.5     69.3    869.7      0.0
     7     1    26     1     9    17     0     1    -9.0   23.502  120.643     84.4    997.6    286.9    286.7      0.0    173.0     58.5    104.0      0.0
     8     1    26     1     9    17     0     1    -9.0   23.591  120.750     51.8   1007.7    286.1    286.7      0.0    181.1     57.7     44.1      0.0
     9     1    26     1     9    17     0     1    -9.0   23.375  120.593     61.2   1001.1    286.9    287.0      0.0    148.7     59.4    100.9      0.0
    10     1    26     1     9    17     0     1    -9.0   23.288  120.444    446.5    970.1    288.8    286.3      0.0     78.6     60.3    231.2      0.0
    11     1    26     1     9    17     0     1    -9.0   23.255  120.503    548.8    962.5    289.0    285.8      0.0     72.3     57.5    195.9      0.0
    12     1    26     1     9    17     0     1    -9.0   22.930  120.507    431.7    984.8    289.4    288.1      0.0    123.1     59.1    100.1      0.0
    13     1    26     1     9    17     0     1    -9.0   22.984  120.300    395.8    960.5    290.0    286.6      0.0     21.9     60.0    350.7      0.0
    14     1    26     1     9    17     0     1    -9.0   22.903  120.292    478.7    945.1    290.7    286.0      0.0     18.1     60.8    415.2      0.0
    15     1    26     1     9    17     0     1    -9.0   22.918  120.497    583.7    880.3    293.9    283.4      0.0     22.8     69.3    890.7      0.0
    16     1    26     1     9    17     0     1    -9.0   23.494  120.640    327.0    998.3    286.8    286.7      0.0    173.2     58.5    104.7      0.0
    17     1    26     1     9    17     0     1    -9.0   23.586  120.748    299.5   1007.9    286.1    286.7      0.0    181.1     57.7     44.1      0.0
    18     1    26     1     9    17     0     1    -9.0   23.371  120.592    306.5   1001.7    286.9    287.0      0.0    148.8     59.4     99.2      0.0
    19     1    26     1     9    17     0     1    -9.0   23.070  120.447    111.8    958.2    290.0    286.4      0.0     59.4     60.6    159.6      0.0
    20     1    26     1     9    17     0     1    -9.0   23.335  120.500    262.6    944.5    290.5    285.8      0.0     97.0     55.6    139.7      0.0
    21     1    26     1     9    17     0     1    -9.0   22.766  120.586    210.2    933.3    291.5    285.8      0.0    142.5     75.9    293.4      0.0
    22     1    26     1     9    17     0     1    -9.0   22.812  120.293     47.3    953.4    290.7    286.7      0.0     64.5     61.3    264.3      0.0
    23     1    26     1     9    17     0     1    -9.0   22.816  120.281    212.7    929.3    291.5    285.4      0.0     18.1     63.0    320.4      0.0
    24     1    26     1     9    17     0     1    -9.0   22.911  120.402    116.8    912.8    292.5    284.9      0.0     65.9     68.4    573.2      0.0
    25     1    26     1     9    17     0     1    -9.0   23.637  120.663    267.3    950.7    289.9    285.7      0.0    199.9     57.2     73.9      0.0
    26     1    26     1     9    17     0     1    -9.0   24.215  120.913    153.5    959.7    288.2    284.8      0.0    310.3     62.0    114.2      0.0
    27     1    26     1     9    17     0     1    -9.0   23.208  120.614      7.3    979.9    288.8    287.1      0.0    126.6     58.3     76.7      0.0
     1     1    26     1     9    16     0     2   -10.0   23.339  120.479    272.5    960.5    289.5    286.2      0.0     67.6     58.9    244.4      0.0
     2     1    26     1     9    16     0     2   -10.0   23.297  120.531    352.3    946.3    290.2    285.6      0.0     97.7     56.6    291.0      0.0
     3     1    26     1     9    16     0     2   -10.0   22.958  120.493    182.4    986.9    289.3    288.2      0.0    137.8     57.8     80.2      0.0
     4     1    26     1     9    16     0     2   -10.0   23.011  120.301    148.2    959.6    289.9    286.4      0.0     18.4     60.0    366.6      0.0
     5     1    26     1     9    16     0     2   -10.0   22.914  120.303    279.4    935.1    291.4    285.7      0.0     18.4     60.4    466.3      0.0
     6     1    26     1     9    16     0     2   -10.0   22.935  120.461    337.6    892.1    293.3    283.8      0.0     43.1     69.4    787.4      0.0
     7     1    26     1     9    16     0     2   -10.0   23.601  120.695    119.2    993.7    287.1    286.6      0.0    184.7     58.0    102.5      0.0
     8     1    26     1     9    16     0     2   -10.0   23.672  120.800     63.0    999.7    286.6    286.5      0.0    216.7     58.0    102.6      0.0
     9     1    26     1     9    16     0     2   -10.0   23.469  120.633    101.8    989.7    287.7    286.8      0.0    144.3     59.3    165.6      0.0
    10     1    26     1     9    16     0     2   -10.0   23.339  120.479    520.1    960.5    289.5    286.2      0.0     67.6     58.9    244.4      0.0
    11     1    26     1     9    16     0     2   -10.0   23.297  120.531    599.4    946.3    290.2    285.6      0.0     97.7     56.6    291.0      0.0
    12     1    26     1     9    16     0     2   -10.0   22.961  120.494    427.7    987.3    289.3    288.2      0.0    134.9     57.7     80.9      0.0
    13     1    26     1     9    16     0     2   -10.0   23.011  120.301    394.5    959.6    289.9    286.4      0.0     18.4     60.0    366.6      0.0
    14     1    26     1     9    16     0     2   -10.0   22.914  120.303    524.7    935.1    291.4    285.7      0.0     18.4     60.4    466.3      0.0
    15     1    26     1     9    16     0     2   -10.0   22.936  120.467    578.9    890.0    293.3    283.7      0.0     40.1     69.5    807.2      0.0
    16     1    26     1     9    16     0     2   -10.0   23.592  120.692    362.5    994.1    287.1    286.6      0.0    183.8     58.0    104.9      0.0
    17     1    26     1     9    16     0     2   -10.0   23.666  120.798    310.5   1000.0    286.6    286.5      0.0    216.5     57.9    101.7      0.0
    18     1    26     1     9    16     0     2   -10.0   23.464  120.631    346.4    990.5    287.6    286.8      0.0    145.2     59.3    162.2      0.0
    19     1    26     1     9    16     0     2   -10.0   23.088  120.465    140.6    953.1    290.3    286.3      0.0     50.2     59.9    181.9      0.0
    20     1    26     1     9    16     0     2   -10.0   23.366  120.519    285.8    936.4    291.1    285.6      0.0    123.9     54.6    191.9      0.0
    21     1    26     1     9    16     0     2   -10.0   22.768  120.562    175.4    944.5    291.1    286.3      0.0    206.9     74.8    227.6      0.0
    22     1    26     1     9    16     0     2   -10.0   22.818  120.286     47.5    956.5    290.5    286.8      0.0     71.6     59.9    237.2      0.0
    23     1    26     1     9    16     0     2   -10.0   22.806  120.283    232.2    927.8    291.7    285.5      0.0     18.4     61.7    319.7      0.0
    24     1    26     1     9    16     0     2   -10.0   22.919  120.378    102.7    922.5    292.0    285.2      0.0     90.5     67.7    498.1      0.0
    25     1    26     1     9    16     0     2   -10.0   23.718  120.700    281.3    950.9    290.0    285.8      0.0    222.4     56.1     57.5      0.0
    26     1    26     1     9    16     0     2   -10.0   24.378  121.036    232.4    947.8    288.3    283.8      0.0    402.9     63.9    145.5      0.0
    27     1    26     1     9    16     0     2   -10.0   23.286  120.635     25.2    975.2    288.9    286.8      0.0    116.1     58.2    105.1      0.0
     1     1    26     1     9    15     0     3   -11.0   23.371  120.519    342.8    943.8    290.8    286.0      0.0     61.8     57.4    328.5      0.0
     2     1    26     1     9    15     0     3   -11.0   23.336  120.558    391.0    934.2    291.1    285.4      0.0    117.8     55.6    362.3      0.0
     3     1    26     1     9    15     0     3   -11.0   22.987  120.477    180.3    987.3    289.2    288.1      0.0    144.8     56.3     79.8      0.0
     4     1    26     1     9    15     0     3   -11.0   23.029  120.305    155.9    956.7    290.1    286.3      0.0     18.6     59.8    391.8      0.0
     5     1    26     1     9    15     0     3   -11.0   22.915  120.322    333.7    921.8    292.2    285.4      0.0     18.6     60.2    540.2      0.0
     6     1    26     1     9    15     0     3   -11.0   22.941  120.439    339.2    899.5    292.8    284.0      0.0     60.5     69.5    718.0      0.0
     7     1    26     1     9    15     0     3   -11.0   23.710  120.746    140.4    994.3    287.0    286.5      0.0    199.5     56.7     74.6      0.0
     8     1    26     1     9    15     0     3   -11.0   23.776  120.857     76.8    995.0    286.7    286.3      0.0    237.0     58.9    134.4      0.0
     9     1    26     1     9    15     0     3   -11.0   23.556  120.686    166.5    976.6    288.5    286.6      0.0    118.3     58.5    215.1      0.0
    10     1    26     1     9    15     0     3   -11.0   23.371  120.519    589.5    943.8    290.8    286.0      0.0     61.8     57.4    328.5      0.0
    11     1    26     1     9    15     0     3   -11.0   23.336  120.558    637.4    934.2    291.1    285.4      0.0    117.8     55.6    362.3      0.0
    12     1    26     1     9    15     0     3   -11.0   22.989  120.478    426.0    987.6    289.2    288.1      0.0    141.2     56.2     80.5      0.0
    13     1    26     1     9    15     0     3   -11.0   23.029  120.305    402.0    956.7    290.1    286.3      0.0     18.6     59.8    391.9      0.0
    14     1    26     1     9    15     0     3   -11.0   22.915  120.322    578.3    921.8    292.2    285.4      0.0     18.6     60.2    540.2      0.0
    15     1    26     1     9    15     0     3   -11.0   22.943  120.444    581.7    897.5    292.9    283.9      0.0     57.0     69.6    737.2      0.0
    16     1    26     1     9    15     0     3   -11.0   23.700  120.744    385.8    994.3    287.0    286.6      0.0    198.0     56.7     79.0      0.0
    17     1    26     1     9    15     0     3   -11.0   23.769  120.854    323.2    995.6    286.7    286.3      0.0    236.9     58.8    131.0      0.0
    18     1    26     1     9    15     0     3   -11.0   23.551  120.684    410.0    977.2    288.5    286.6      0.0    118.8     58.5    215.2      0.0
    19     1    26     1     9    15     0     3   -11.0   23.090  120.490    166.6    948.5    290.7    286.4      0.0     28.9     58.7    201.5      0.0
    20     1    26     1     9    15     0     3   -11.0   23.394  120.543    317.8    926.5    291.8    285.5      0.0    143.5     53.7    251.7      0.0
    21     1    26     1     9    15     0     3   -11.0   22.754  120.528    102.3    963.5    290.6    287.6      0.0    302.4     71.3    132.6      0.0
    22     1    26     1     9    15     0     3   -11.0   22.817  120.277     49.0    960.0    290.3    286.9      0.0     81.4     58.4    204.5      0.0
    23     1    26     1     9    15     0     3   -11.0   22.787  120.288    245.4    925.6    291.9    285.5      0.0     18.6     60.3    331.1      0.0
    24     1    26     1     9    15     0     3   -11.0   22.916  120.357     91.1    931.4    291.6    285.6      0.0    121.0     66.9    428.5      0.0
    25     1    26     1     9    15     0     3   -11.0   23.797  120.741    285.6    951.5    290.0    285.9      0.0    250.6     54.7     47.7      0.0
    26     1    26     1     9    15     0     3   -11.0   24.528  121.197    351.6    939.6    287.7    282.6      0.0    398.0     68.5    108.5      0.0
    27     1    26     1     9    15     0     3   -11.0   23.351  120.671     58.5    966.6    289.4    286.6      0.0    102.2     58.1    154.8      0.0
     1     1    26     1     9    14     0     2   -12.0   23.396  120.551    389.0    925.1    291.8    285.2      0.0    105.3     57.9    458.8     31.4
     2     1    26     1     9    14     0     2   -12.0   23.377  120.584    418.8    926.4    291.4    285.0      0.0    166.7     56.8    406.7     41.1
     3     1    26     1     9    14     0     2   -12.0   23.021  120.467    184.7    986.6    289.4    288.3      0.0    144.7     55.3     83.8     56.0
     4     1    26     1     9    14     0     2   -12.0   23.047  120.308    168.5    953.0    290.5    286.4      0.0     21.1     59.1    414.7     23.4
     5     1    26     1     9    14     0     2   -12.0   22.914  120.337    379.3    910.7    292.9    285.0      0.0     21.1     60.1    597.9     18.9
     6     1    26     1     9    14     0     2   -12.0   22.942  120.423    348.6    904.6    292.7    284.3      0.0     79.2     69.0    663.4     58.5
     7     1    26     1     9    14     0     2   -12.0   23.839  120.797    147.1    987.5    287.6    286.6      0.0    267.9     57.3    126.4     42.0
     8     1    26     1     9    14     0     2   -12.0   23.900  120.924    114.3    981.6    287.4    285.8      0.0    247.7     59.4    215.2     41.5
     9     1    26     1     9    14     0     2   -12.0   23.631  120.737    234.6    966.9    289.2    286.5      0.0    130.8     56.9    232.7     32.9
    10     1    26     1     9    14     0     2   -12.0   23.396  120.551    634.4    925.1    291.8    285.2      0.0    105.3     57.9    458.8     31.4
    11     1    26     1     9    14     0     2   -12.0   23.377  120.584    664.7    926.4    291.4    285.0      0.0    166.7     56.8    406.7     41.1
    12     1    26     1     9    14     0     2   -12.0   23.024  120.469    430.3    986.9    289.4    288.3      0.0    142.6     55.3     84.8     55.7
    13     1    26     1     9    14     0     2   -12.0   23.047  120.308    414.3    953.0    290.5    286.4      0.0     21.1     59.1    414.7     23.4
    14     1    26     1     9    14     0     2   -12.0   22.914  120.337    623.3    910.7    292.9    285.0      0.0     21.1     60.1    597.9     18.9
    15     1    26     1     9    14     0     2   -12.0   22.945  120.428    592.5    902.5    292.8    284.2      0.0     75.1     69.2    681.6     58.6
    16     1    26     1     9    14     0     2   -12.0   23.828  120.794    393.0    987.9    287.6    286.6      0.0    265.7     57.1    125.8     42.6
    17     1    26     1     9    14     0     2   -12.0   23.892  120.920    357.0    982.8    287.3    285.9      0.0    249.3     59.3    210.0     41.2
    18     1    26     1     9    14     0     2   -12.0   23.626  120.736    478.1    967.3    289.2    286.5      0.0    129.5     56.9    233.5     32.3
    19     1    26     1     9    14     0     2   -12.0   23.087  120.514    188.5    939.4    291.3    286.1      0.0     21.1     58.7    264.2     22.9
    20     1    26     1     9    14     0     2   -12.0   23.415  120.569    362.9    915.4    292.2    284.9      0.0    187.8     55.1    310.1     43.0
    21     1    26     1     9    14     0     2   -12.0   22.738  120.500     12.2    983.5    290.5    289.1      0.0    400.4     65.3     52.6     45.9
    22     1    26     1     9    14     0     2   -12.0   22.816  120.272     50.9    961.8    290.4    287.2      0.0     92.7     57.8    186.5     50.4
    23     1    26     1     9    14     0     2   -12.0   22.772  120.295    253.8    922.9    292.2    285.4      0.0     21.1     60.0    347.8     24.6
    24     1    26     1     9    14     0     2   -12.0   22.910  120.342     78.5    938.6    291.4    286.1      0.0    152.3     65.9    377.2     55.7
    25     1    26     1     9    14     0     2   -12.0   23.879  120.789    291.4    945.3    290.1    285.5      0.0    295.1     56.2    100.0     40.5
    26     1    26     1     9    14     0     2   -12.0   24.632  121.373    494.3    910.0    288.6    280.9      0.0    370.7     72.1    235.8     56.2
    27     1    26     1     9    14     0     2   -12.0   23.399  120.710     95.2    956.3    290.2    286.5      0.0     74.3     58.0    211.0     19.6