    10     1
    GFSQ    26     1     1     0     0
    GFSQ    26     1     2     0     0
    GFSQ    26     1     3     0     0
    GFSQ    26     1     4     0     0
    GFSQ    26     1     5     0     0
    GFSQ    26     1     6     0     0
    GFSQ    26     1     7     0     0
    GFSQ    26     1     8     0     0
    GFSQ    26     1     9     0     0
    GFSQ    26     1    10     0     0
    27 BACKWARD OMEGA   
    26     1     9    11   22.711  120.310    10.0
    26     1     9    11   22.711  120.310    10.0
    26     1     9    11   22.711  120.310    10.0
    26     1     9    11   22.711  120.310    10.0
    26     1     9    11   22.711  120.310    10.0
    26     1     9    11   22.711  120.310    10.0
    26     1     9    11   22.711  120.310    10.0
    26     1     9    11   22.711  120.310    10.0
    26     1     9    11   22.711  120.310    10.0
    26     1     9    11   22.711  120.310    10.0
    26     1     9    11   22.711  120.310    10.0
    26     1     9    11   22.711  120.310    10.0
    26     1     9    11   22.711  120.310    10.0
    26     1     9    11   22.711  120.310    10.0
    26     1     9    11   22.711  120.310    10.0
    26     1     9    11   22.711  120.310    10.0
    26     1     9    11   22.711  120.310    10.0
    26     1     9    11   22.711  120.310    10.0
    26     1     9    11   22.711  120.310    10.0
    26     1     9    11   22.711  120.310    10.0
    26     1     9    11   22.711  120.310    10.0
    26     1     9    11   22.711  120.310    10.0
    26     1     9    11   22.711  120.310    10.0
    26     1     9    11   22.711  120.310    10.0
    26     1     9    11   22.711  120.310    10.0
    26     1     9    11   22.711  120.310    10.0
    26     1     9    11   22.711  120.310    10.0
     8 PRESSURE THETA    AIR_TEMP RAINFALL MIXDEPTH RELHUMID TERR_MSL SUN_FLUX
     1     1    26     1     9    11     0     1     0.0   22.711  120.310     10.0   1015.2    290.0    291.2      0.0    415.3     48.4     34.8    231.4
     2     1    26     1     9    11     0     1     0.0   22.711  120.310     10.0   1013.5    288.9    290.0      0.0    346.8     49.9     51.7    100.2
     3     1    26     1     9    11     0     1     0.0   22.711  120.310     10.0   1017.2    290.4    291.8      0.0    568.1     55.9     11.2    204.6
     4     1    26     1     9    11     0     1     0.0   22.711  120.310     10.0    984.2    290.6    289.3      0.0    244.7     56.9    288.6    230.5
     5     1    26     1     9    11     0     1     0.0   22.711  120.310     10.0    974.0    289.6    287.3      0.0     66.7     61.4    381.9    121.6
     6     1    26     1     9    11     0     1     0.0   22.711  120.310     10.0    996.8    290.6    290.3      0.0    481.0     62.6    194.3    190.8
     7     1    26     1     9    11     0     1     0.0   22.711  120.310     10.0   1019.1    289.7    291.2      0.0    691.2     56.1      4.7    187.3
     8     1    26     1     9    11     0     1     0.0   22.711  120.310     10.0   1019.0    288.9    290.5      0.0    679.2     57.7      5.6     82.7
     9     1    26     1     9    11     0     1     0.0   22.711  120.310     10.0   1019.2    290.2    291.8      0.0    755.6     57.3      0.0    229.9
    10     1    26     1     9    11     0     1     0.0   22.711  120.310     10.0   1015.2    290.0    291.2      0.0    415.3     48.4     34.8    231.4
    11     1    26     1     9    11     0     1     0.0   22.711  120.310     10.0   1013.5    288.9    290.0      0.0    346.8     49.9     51.7    100.2
    12     1    26     1     9    11     0     1     0.0   22.711  120.310     10.0   1017.2    290.4    291.8      0.0    568.1     55.9     11.2    204.6
    13     1    26     1     9    11     0     1     0.0   22.711  120.310     10.0    984.2    290.6    289.3      0.0    244.7     56.9    288.6    230.5
    14     1    26     1     9    11     0     1     0.0   22.711  120.310     10.0    974.0    289.6    287.3      0.0     66.7     61.4    381.9    121.6
    15     1    26     1     9    11     0     1     0.0   22.711  120.310     10.0    996.8    290.6    290.3      0.0    481.0     62.6    194.3    190.8
    16     1    26     1     9    11     0     1     0.0   22.711  120.310     10.0   1019.1    289.7    291.2      0.0    691.2     56.1      4.7    187.3
    17     1    26     1     9    11     0     1     0.0   22.711  120.310     10.0   1019.0    288.9    290.5      0.0    679.2     57.7      5.6     82.7
    18     1    26     1     9    11     0     1     0.0   22.711  120.310     10.0   1019.2    290.2    291.8      0.0    755.6     57.3      0.0    229.9
    19     1    26     1     9    11     0     1     0.0   22.711  120.310     10.0    985.9    290.1    289.0      0.0    415.3     53.3     34.8    231.4
    20     1    26     1     9    11     0     1     0.0   22.711  120.310     10.0    984.1    289.4    288.0      0.0    346.8     53.8     51.7    100.2
    21     1    26     1     9    11     0     1     0.0   22.711  120.310     10.0    987.9    290.3    289.3      0.0    568.1     62.6     11.2    204.6
    22     1    26     1     9    11     0     1     0.0   22.711  120.310     10.0    955.9    291.4    287.6      0.0    244.7     60.2    288.6    230.5
    23     1    26     1     9    11     0     1     0.0   22.711  120.310     10.0    945.9    291.4    286.7      0.0     66.7     58.9    381.9    121.6
    24     1    26     1     9    11     0     1     0.0   22.711  120.310     10.0    968.2    290.9    288.1      0.0    481.0     68.4    194.3    190.8
    25     1    26     1     9    11     0     1     0.0   22.711  120.310     10.0    989.6    289.5    288.6      0.0    691.2     61.4      4.7    187.3
    26     1    26     1     9    11     0     1     0.0   22.711  120.310     10.0    989.5    288.8    287.9      0.0    679.2     63.3      5.6     82.7
    27     1    26     1     9    11     0     1     0.0   22.711  120.310     10.0    989.8    290.0    289.2      0.0    755.6     63.2      0.0    229.9
     1     1    26     1     9    10     0     2    -1.0   22.793  120.305     14.6   1013.8    290.1    291.2      0.0    463.0     47.5     39.8    259.2
     2     1    26     1     9    10     0     2    -1.0   22.788  120.316     15.9   1010.8    289.1    290.0      0.0    351.6     49.5     63.7     92.1
     3     1    26     1     9    10     0     2    -1.0   22.760  120.299      8.9   1017.1    290.2    291.7      0.0    523.4     56.4     11.8    255.9
     4     1    26     1     9    10     0     2    -1.0   22.745  120.307     34.8    981.0    291.2    289.5      0.0    298.2     54.7    288.3    294.8
     5     1    26     1     9    10     0     2    -1.0   22.742  120.311     35.5    968.7    290.1    287.3      0.0     63.1     60.8    399.4    130.2
     6     1    26     1     9    10     0     2    -1.0   22.706  120.301      5.5    999.2    290.9    290.8      0.0    526.4     61.0    170.0    235.5
     7     1    26     1     9    10     0     2    -1.0   22.914  120.330      8.6   1018.3    289.3    290.8      0.0    678.5     56.0      7.5    132.3
     8     1    26     1     9    10     0     2    -1.0   22.934  120.343      8.4   1018.2    288.9    290.4      0.0    650.7     56.5      8.7    115.5
     9     1    26     1     9    10     0     2    -1.0   22.877  120.315      8.3   1018.6    289.9    291.4      0.0    701.8     57.2      3.1    255.1
    10     1    26     1     9    10     0     2    -1.0   22.793  120.304    254.4   1014.3    290.1    291.3      0.0    463.5     47.4     39.7    259.8
    11     1    26     1     9    10     0     2    -1.0   22.786  120.316    255.3   1011.6    289.1    290.1      0.0    351.6     49.4     63.2     92.3
    12     1    26     1     9    10     0     2    -1.0   22.760  120.299    249.9   1017.1    290.2    291.7      0.0    523.4     56.4     11.8    255.9
    13     1    26     1     9    10     0     2    -1.0   22.744  120.307    275.0    981.9    291.2    289.6      0.0    298.9     54.6    288.2    294.5
    14     1    26     1     9    10     0     2    -1.0   22.741  120.312    273.7    969.5    290.0    287.4      0.0     64.1     61.0    400.5    130.8
    15     1    26     1     9    10     0     2    -1.0   22.706  120.301    248.3    999.2    290.9    290.8      0.0    526.5     61.0    169.8    235.5
    16     1    26     1     9    10     0     2    -1.0   22.914  120.330    249.9   1018.3    289.3    290.8      0.0    678.5     56.0      7.5    132.3
    17     1    26     1     9    10     0     2    -1.0   22.934  120.343    249.9   1018.2    288.9    290.4      0.0    650.7     56.5      8.7    115.5
    18     1    26     1     9    10     0     2    -1.0   22.877  120.315    250.0   1018.6    289.9    291.4      0.0    701.8     57.2      3.1    255.1
    19     1    26     1     9    10     0     2    -1.0   22.800  120.310      1.9    985.7    290.1    288.9      0.0    454.8     52.5     41.8    253.9
    20     1    26     1     9    10     0     2    -1.0   22.834  120.315      9.8    981.7    289.6    288.1      0.0    358.6     53.2     70.4     88.5
    21     1    26     1     9    10     0     2    -1.0   22.754  120.300      0.0    989.9    290.1    289.2      0.0    524.2     63.1     11.5    254.9
    22     1    26     1     9    10     0     2    -1.0   22.735  120.304      0.0    959.3    291.5    288.0      0.0    308.3     58.6    274.8    292.0
    23     1    26     1     9    10     0     2    -1.0   22.747  120.301     20.5    946.7    291.1    286.5      0.0     54.2     59.4    360.2    127.8
    24     1    26     1     9    10     0     2    -1.0   22.709  120.307      0.0    971.5    290.9    288.5      0.0    521.6     67.2    185.6    235.7
    25     1    26     1     9    10     0     2    -1.0   22.919  120.341      1.7    989.7    289.1    288.2      0.0    665.8     60.8      8.5    130.9
    26     1    26     1     9    10     0     2    -1.0   22.952  120.357     11.8    988.3    288.8    287.8      0.0    635.5     61.1     10.0    115.2
    27     1    26     1     9    10     0     2    -1.0   22.875  120.321      0.0    990.9    289.7    288.9      0.0    697.0     62.5      3.3    256.3
     1     1    26     1     9     9     0     3    -2.0   22.871  120.291     14.0   1013.5    290.0    291.2      0.0    499.9     47.1     39.1    233.7
     2     1    26     1     9     9     0     3    -2.0   22.851  120.317      9.3   1009.7    289.7    290.5      0.0    366.4     47.7     75.0    105.7
     3     1    26     1     9     9     0     3    -2.0   22.829  120.260      5.5   1017.3    290.1    291.5      0.0    526.2     55.7      9.9    324.4
     4     1    26     1     9     9     0     3    -2.0   22.795  120.287     14.2    989.2    291.2    290.2      0.0    332.9     52.6    235.8    318.0
     5     1    26     1     9     9     0     3    -2.0   22.767  120.302      6.5    973.9    290.1    287.8      0.0     64.2     60.4    376.1    147.9
     6     1    26     1     9     9     0     3    -2.0   22.708  120.255      0.0   1011.7    291.0    291.9      0.0    550.9     57.7     57.4    275.1
     7     1    26     1     9     9     0     3    -2.0   23.114  120.348      7.2   1017.5    289.2    290.7      0.0    663.7     54.7      9.1    122.3
     8     1    26     1     9     9     0     3    -2.0   23.154  120.377      2.1   1017.9    288.7    290.2      0.0    652.2     55.0      4.6    251.7
     9     1    26     1     9     9     0     3    -2.0   23.072  120.314      7.7   1017.8    289.6    291.1      0.0    713.9     56.5      6.0    220.0
    10     1    26     1     9     9     0     3    -2.0   22.869  120.291    253.8   1014.0    290.1    291.2      0.0    501.8     47.0     38.9    235.8
    11     1    26     1     9     9     0     3    -2.0   22.846  120.317    249.3   1009.8    289.7    290.5      0.0    366.7     47.7     74.0    106.1
    12     1    26     1     9     9     0     3    -2.0   22.829  120.260    249.9   1017.3    290.1    291.5      0.0    526.2     55.7      9.9    324.4
    13     1    26     1     9     9     0     3    -2.0   22.793  120.287    256.4    989.6    291.2    290.3      0.0    335.5     52.5    236.2    319.6
    14     1    26     1     9     9     0     3    -2.0   22.765  120.303    246.2    973.8    290.1    287.8      0.0     64.5     60.4    376.6    148.2
    15     1    26     1     9     9     0     3    -2.0   22.708  120.255    249.4   1011.7    291.0    291.9      0.0    550.8     57.7     57.2    275.1
    16     1    26     1     9     9     0     3    -2.0   23.114  120.348    249.9   1017.5    289.2    290.7      0.0    663.7     54.7      9.1    122.3
    17     1    26     1     9     9     0     3    -2.0   23.154  120.377    250.0   1017.9    288.7    290.2      0.0    652.2     55.0      4.6    251.7
    18     1    26     1     9     9     0     3    -2.0   23.072  120.314    249.9   1017.8    289.6    291.1      0.0    713.9     56.5      6.0    220.0
    19     1    26     1     9     9     0     3    -2.0   22.890  120.295      0.0    985.6    290.0    288.8      0.0    482.3     52.1     41.4    216.3
    20     1    26     1     9     9     0     3    -2.0   22.943  120.318      0.0    983.3    290.2    288.8      0.0    363.7     50.1     92.2     98.2
    21     1    26     1     9     9     0     3    -2.0   22.820  120.262      0.0    989.7    289.9    289.0      0.0    521.7     62.9      9.4    322.5
    22     1    26     1     9     9     0     3    -2.0   22.776  120.286      0.0    966.3    291.4    288.5      0.0    358.8     56.5    225.3    332.9
    23     1    26     1     9     9     0     3    -2.0   22.784  120.290     44.0    946.6    291.0    286.4      0.0     57.2     59.9    333.7    146.9
    24     1    26     1     9     9     0     3    -2.0   22.716  120.274      0.0    982.0    290.9    289.4      0.0    552.8     64.1    106.7    276.0
    25     1    26     1     9     9     0     3    -2.0   23.125  120.366     13.1    987.5    289.2    288.1      0.0    640.7     58.9     10.9    120.8
    26     1    26     1     9     9     0     3    -2.0   23.203  120.408      0.0    991.2    288.4    287.7      0.0    646.2     59.3      2.8    282.7
    27     1    26     1     9     9     0     3    -2.0   23.068  120.327      0.8    989.3    289.4    288.5      0.0    703.9     61.4      7.2    227.0
     1     1    26     1     9     8     0     2    -3.0   22.934  120.279     11.2   1014.4    289.5    290.7      0.0    498.6     47.0     36.4    192.6
     2     1    26     1     9     8     0     2    -3.0   22.904  120.319      0.0   1008.8    289.7    290.4      0.0    426.8     47.3     85.6    139.9
     3     1    26     1     9     8     0     2    -3.0   22.920  120.213      4.2   1017.2    289.8    291.2      0.0    582.8     53.5     13.5    349.0
     4     1    26     1     9     8     0     2    -3.0   22.846  120.266      0.0    996.1    290.7    290.3      0.0    393.1     51.7    173.4    280.4
     5     1    26     1     9     8     0     2    -3.0   22.789  120.293      0.0    976.9    290.0    288.0      0.0    151.0     58.8    350.1    155.5
     6     1    26     1     9     8     0     2    -3.0   22.730  120.176      0.0   1014.0    290.7    291.9      0.0    641.8     56.8     35.9    356.0
     7     1    26     1     9     8     0     2    -3.0   23.309  120.373      0.0   1017.6    289.0    290.5      0.0    695.5     52.7      8.8    229.2
     8     1    26     1     9     8     0     2    -3.0   23.404  120.421      0.5   1018.2    288.1    289.6      0.0    752.4     55.2      0.0    368.3
     9     1    26     1     9     8     0     2    -3.0   23.270  120.319      6.9   1017.8    289.0    290.5      0.0    725.0     54.8      6.5    138.4
    10     1    26     1     9     8     0     2    -3.0   22.931  120.279    251.0   1014.6    289.6    290.8      0.0    500.5     47.0     36.0    194.6
    11     1    26     1     9     8     0     2    -3.0   22.899  120.318    249.2   1008.9    289.7    290.4      0.0    426.7     47.4     84.4    140.0
    12     1    26     1     9     8     0     2    -3.0   22.920  120.213    249.9   1017.2    289.8    291.2      0.0    582.8     53.5     13.5    349.0
    13     1    26     1     9     8     0     2    -3.0   22.843  120.266    248.3    996.1    290.7    290.3      0.0    396.5     51.6    173.5    282.1
    14     1    26     1     9     8     0     2    -3.0   22.787  120.293    246.5    976.8    290.0    288.0      0.0    151.6     58.9    350.5    155.7
    15     1    26     1     9     8     0     2    -3.0   22.730  120.176    249.6   1014.0    290.7    291.9      0.0    641.7     56.9     35.9    356.0
    16     1    26     1     9     8     0     2    -3.0   23.309  120.373    249.9   1017.6    289.0    290.5      0.0    695.5     52.7      8.8    229.2
    17     1    26     1     9     8     0     2    -3.0   23.404  120.421    250.0   1018.2    288.1    289.6      0.0    752.4     55.2      0.0    368.3
    18     1    26     1     9     8     0     2    -3.0   23.270  120.319    249.9   1017.8    289.0    290.5      0.0    725.0     54.8      6.5    138.4
    19     1    26     1     9     8     0     2    -3.0   22.966  120.277      0.0    986.7    289.4    288.3      0.0    486.0     52.0     36.1    165.3
    20     1    26     1     9     8     0     2    -3.0   23.044  120.328      0.0    983.1    289.9    288.5      0.0    450.7     50.6    103.8    169.3
    21     1    26     1     9     8     0     2    -3.0   22.908  120.216      8.4    988.1    289.5    288.5      0.0    575.8     60.8     12.8    352.3
    22     1    26     1     9     8     0     2    -3.0   22.827  120.266      0.0    970.8    290.9    288.4      0.0    422.9     55.6    168.2    295.3
    23     1    26     1     9     8     0     2    -3.0   22.820  120.285     80.3    942.5    290.9    286.0      0.0    140.5     60.7    336.1    151.7
    24     1    26     1     9     8     0     2    -3.0   22.737  120.208      0.0    988.0    290.7    289.7      0.0    665.5     61.7     43.7    351.3
    25     1    26     1     9     8     0     2    -3.0   23.329  120.404      0.0    992.2    289.0    288.3      0.0    680.9     55.3      9.9    233.2
    26     1    26     1     9     8     0     2    -3.0   23.491  120.477     11.3    988.6    287.6    286.6      0.0    748.2     62.6      0.0    374.8
    27     1    26     1     9     8     0     2    -3.0   23.260  120.339     18.0    987.2    288.9    287.8      0.0    700.7     59.8      8.4    135.1
     1     1    26     1     9     7     0     1    -4.0   22.983  120.278      9.1   1014.5    289.2    290.4      0.0    505.6     46.9     37.2    181.8
     2     1    26     1     9     7     0     1    -4.0   22.956  120.325      0.0   1007.2    289.5    290.1      0.0    489.8     47.2    101.1    180.4
     3     1    26     1     9     7     0     1    -4.0   23.017  120.169      0.0   1017.1    289.4    290.8      0.0    615.2     51.9     15.8    309.2
     4     1    26     1     9     7     0     1    -4.0   22.892  120.257      0.0    998.3    290.2    290.0      0.0    436.8     51.9    151.9    244.5
     5     1    26     1     9     7     0     1    -4.0   22.815  120.291      0.0    976.1    290.0    287.9      0.0    231.5     58.0    358.9    164.4
     6     1    26     1     9     7     0     1    -4.0   22.784  120.086      0.0   1015.5    289.9    291.2      0.0    612.0     57.9     22.5    428.7
     7     1    26     1     9     7     0     1    -4.0   23.521  120.411      0.0   1017.7    288.8    290.2      0.0    813.5     51.0      0.0    387.9
     8     1    26     1     9     7     0     1    -4.0   23.685  120.497      0.0   1018.5    287.2    288.7      0.0    745.6     57.3      0.0    473.2
     9     1    26     1     9     7     0     1    -4.0   23.463  120.341      3.2   1017.8    288.8    290.3      0.0    758.6     53.3      8.5    235.0
    10     1    26     1     9     7     0     1    -4.0   22.980  120.277    249.6   1014.6    289.2    290.4      0.0    507.6     46.9     36.5    183.4
    11     1    26     1     9     7     0     1    -4.0   22.950  120.325    249.0   1007.3    289.5    290.1      0.0    489.2     47.2     99.9    180.1
    12     1    26     1     9     7     0     1    -4.0   23.017  120.169    249.8   1017.1    289.4    290.8      0.0    615.2     51.9     15.8    309.2
    13     1    26     1     9     7     0     1    -4.0   22.890  120.257    248.5    998.4    290.2    290.1      0.0    440.2     51.8    151.2    246.0
    14     1    26     1     9     7     0     1    -4.0   22.813  120.292    246.4    976.0    290.0    287.9      0.0    232.4     58.0    359.3    164.6
    15     1    26     1     9     7     0     1    -4.0   22.784  120.086    249.8   1015.5    289.9    291.2      0.0    611.9     57.9     22.5    428.7
    16     1    26     1     9     7     0     1    -4.0   23.521  120.411    250.0   1017.7    288.8    290.2      0.0    813.5     51.0      0.0    387.9
    17     1    26     1     9     7     0     1    -4.0   23.685  120.497    250.0   1018.5    287.2    288.7      0.0    745.6     57.3      0.0    473.2
    18     1    26     1     9     7     0     1    -4.0   23.463  120.341    249.9   1017.8    288.8    290.3      0.0    758.6     53.3      8.5    235.0
    19     1    26     1     9     7     0     1    -4.0   23.029  120.273      0.0    988.0    289.1    288.1      0.0    517.4     51.6     36.8    173.2
    20     1    26     1     9     7     0     1    -4.0   23.152  120.340      0.0    982.8    289.6    288.1      0.0    602.3     50.7     90.3    266.8
    21     1    26     1     9     7     0     1    -4.0   23.003  120.179     21.0    986.4    289.2    288.1      0.0    609.9     59.1     16.7    319.4
    22     1    26     1     9     7     0     1    -4.0   22.874  120.259      7.2    969.7    290.4    287.9      0.0    467.6     56.6    152.8    258.8
    23     1    26     1     9     7     0     1    -4.0   22.853  120.292    134.8    931.5    291.3    285.4      0.0    215.2     61.6    384.9    163.3
    24     1    26     1     9     7     0     1    -4.0   22.785  120.126      0.0    987.3    290.0    288.9      0.0    664.2     62.9     31.8    424.7
    25     1    26     1     9     7     0     1    -4.0   23.553  120.452      0.0    990.5    288.6    287.8      0.0    818.3     55.1      0.0    385.2
    26     1    26     1     9     7     0     1    -4.0   23.814  120.588     28.0    985.5    287.2    286.0      0.0    754.2     60.6      8.2    483.7
    27     1    26     1     9     7     0     1    -4.0   23.441  120.368      0.4    989.2    288.7    287.8      0.0    731.9     56.7     11.0    222.1
     1     1    26     1     9     6     0     0    -5.0   23.025  120.289      9.8   1013.5    289.0    290.1      0.0    535.7     47.1     46.0    204.9
     2     1    26     1     9     6     0     0    -5.0   23.004  120.334      0.0   1005.3    289.3    289.8      0.0    555.4     47.2    119.3    226.0
     3     1    26     1     9     6     0     0    -5.0   23.112  120.137      0.0   1017.5    288.9    290.3      0.0    636.7     51.7     12.8    266.9
     4     1    26     1     9     6     0     0    -5.0   22.935  120.262      0.2    995.0    289.9    289.5      0.0    476.5     52.8    181.8    213.7
     5     1    26     1     9     6     0     0    -5.0   22.844  120.295      0.0    972.5    290.1    287.7      0.0    301.8     57.5    392.8    179.3
     6     1    26     1     9     6     0     0    -5.0   22.856  119.996      0.0   1017.8    288.8    290.3      0.0    518.1     58.7      9.8    438.5
     7     1    26     1     9     6     0     0    -5.0   23.764  120.461      0.0   1018.6    287.9    289.5      0.0    856.7     52.3      0.0    511.8
     8     1    26     1     9     6     0     0    -5.0   24.010  120.612      0.0   1017.7    286.8    288.2      0.0    748.7     54.9     10.0    600.4
     9     1    26     1     9     6     0     0    -5.0   23.665  120.380      0.0   1017.6    288.8    290.2      0.0    851.8     50.6      4.1    377.9
    10     1    26     1     9     6     0     0    -5.0   23.022  120.288    250.2   1013.7    289.0    290.1      0.0    535.7     47.0     45.0    204.8
    11     1    26     1     9     6     0     0    -5.0   22.999  120.334    248.8   1005.2    289.3    289.8      0.0    551.1     47.2    119.8    224.0
    12     1    26     1     9     6     0     0    -5.0   23.112  120.137    249.9   1017.5    288.9    290.3      0.0    636.7     51.7     12.8    266.9
    13     1    26     1     9     6     0     0    -5.0   22.934  120.262    248.2    995.1    289.9    289.5      0.0    479.7     52.7    180.3    215.0
    14     1    26     1     9     6     0     0    -5.0   22.842  120.296    246.1    972.4    290.1    287.7      0.0    303.0     57.5    393.5    179.4
    15     1    26     1     9     6     0     0    -5.0   22.856  119.996    249.9   1017.8    288.8    290.3      0.0    518.1     58.7      9.8    438.5
    16     1    26     1     9     6     0     0    -5.0   23.764  120.461    250.0   1018.6    287.9    289.5      0.0    856.7     52.3      0.0    511.8
    17     1    26     1     9     6     0     0    -5.0   24.010  120.612    249.9   1017.7    286.8    288.2      0.0    748.7     54.9     10.0    600.4
    18     1    26     1     9     6     0     0    -5.0   23.665  120.380    250.0   1017.6    288.8    290.2      0.0    851.8     50.6      4.1    377.9
    19     1    26     1     9     6     0     0    -5.0   23.085  120.285      0.0    987.3    288.9    287.8      0.0    573.3     51.8     48.6    215.8
    20     1    26     1     9     6     0     0    -5.0   23.251  120.350      0.0    983.6    289.5    288.2      0.0    783.2     48.8     73.5    328.8
    21     1    26     1     9     6     0     0    -5.0   23.095  120.150     26.0    986.0    288.7    287.5      0.0    623.3     59.1     14.1    275.5
    22     1    26     1     9     6     0     0    -5.0   22.917  120.268     53.7    959.3    290.3    286.8      0.0    509.6     59.0    199.2    229.7
    23     1    26     1     9     6     0     0    -5.0   22.876  120.305    217.6    915.5    292.1    284.7      0.0    285.3     62.3    451.4    185.3
    24     1    26     1     9     6     0     0    -5.0   22.848  120.043     23.9    985.1    289.0    287.7      0.0    584.0     65.3     19.1    445.4
    25     1    26     1     9     6     0     0    -5.0   23.815  120.524      0.0    989.7    287.7    286.8      0.0    859.7     57.3      4.6    518.2
    26     1    26     1     9     6     0     0    -5.0   24.156  120.742    102.3    977.3    286.4    284.6      0.0    786.1     60.8      8.5    600.4
    27     1    26     1     9     6     0     0    -5.0   23.626  120.411      0.0    991.7    288.7    288.0      0.0    841.1     53.5      7.5    345.2
     1     1    26     1     9     5     0     1    -6.0   23.071  120.301     10.6   1012.9    288.5    289.6      0.0    495.9     46.8     58.7    191.7
     2     1    26     1     9     5     0     1    -6.0   23.056  120.340      0.0   1006.9    289.0    289.5      0.0    565.4     46.5    113.0    253.3
     3     1    26     1     9     5     0     1    -6.0   23.217  120.129      0.0   1018.3    288.4    289.9      0.0    631.7     50.2     12.1    182.8
     4     1    26     1     9     5     0     1    -6.0   22.972  120.267      0.0    992.7    289.2    288.6      0.0    353.3     54.3    211.7    171.4
     5     1    26     1     9     5     0     1    -6.0   22.870  120.293      0.0    972.8    289.9    287.5      0.0    297.1     57.2    399.5    184.0
     6     1    26     1     9     5     0     1    -6.0   22.929  119.921      0.0   1018.4    288.6    290.1      0.0    588.2     55.7     11.4    312.8
     7     1    26     1     9     5     0     1    -6.0   24.071  120.561      0.0   1018.5    286.9    288.4      0.0    788.5     53.8      5.7    564.4
     8     1    26     1     9     5     0     1    -6.0   24.338  120.769      0.0   1019.1    285.9    287.5      0.0    873.6     54.4      7.6    565.8
     9     1    26     1     9     5     0     1    -6.0   23.887  120.433      0.0   1018.9    288.1    289.6      0.0    832.7     49.7      0.0    437.1
    10     1    26     1     9     5     0     1    -6.0   23.068  120.300    251.0   1013.1    288.5    289.6      0.0    496.1     46.7     57.4    191.2
    11     1    26     1     9     5     0     1    -6.0   23.050  120.340    248.9   1006.8    289.0    289.5      0.0    559.7     46.6    114.5    250.7
    12     1    26     1     9     5     0     1    -6.0   23.217  120.129    249.9   1018.3    288.4    289.9      0.0    631.7     50.2     12.1    182.8
    13     1    26     1     9     5     0     1    -6.0   22.971  120.266    247.9    992.9    289.2    288.6      0.0    355.6     54.3    209.5    172.0
    14     1    26     1     9     5     0     1    -6.0   22.868  120.294    246.0    972.7    289.9    287.5      0.0    297.6     57.2    400.4    183.9
    15     1    26     1     9     5     0     1    -6.0   22.929  119.920    249.9   1018.4    288.6    290.1      0.0    588.2     55.7     11.4    312.7
    16     1    26     1     9     5     0     1    -6.0   24.071  120.561    249.9   1018.5    286.9    288.4      0.0    788.5     53.8      5.7    564.4
    17     1    26     1     9     5     0     1    -6.0   24.338  120.769    249.9   1019.1    285.9    287.5      0.0    873.6     54.4      7.6    565.8
    18     1    26     1     9     5     0     1    -6.0   23.887  120.433    250.0   1018.9    288.1    289.6      0.0    832.7     49.7      0.0    437.1
    19     1    26     1     9     5     0     1    -6.0   23.144  120.299      0.0    984.9    288.5    287.2      0.0    531.4     52.0     66.8    212.9
    20     1    26     1     9     5     0     1    -6.0   23.356  120.364      0.0    985.5    288.6    287.4      0.0    779.2     50.6     58.8    367.6
    21     1    26     1     9     5     0     1    -6.0   23.192  120.142     16.7    987.9    288.1    287.1      0.0    616.0     56.8     13.3    191.8
    22     1    26     1     9     5     0     1    -6.0   22.944  120.277    102.6    949.9    290.2    285.9      0.0    394.9     60.8    243.8    188.0
    23     1    26     1     9     5     0     1    -6.0   22.877  120.315    317.2    901.5    292.7    284.0      0.0    304.6     64.0    488.6    194.3
    24     1    26     1     9     5     0     1    -6.0   22.899  119.968     63.5    982.6    288.5    287.1      0.0    570.8     65.8     12.2    341.0
    25     1    26     1     9     5     0     1    -6.0   24.126  120.641      1.6    989.0    287.0    286.1      0.0    802.1     55.3     13.2    563.5
    26     1    26     1     9     5     0     1    -6.0   24.463  120.939    203.0    965.4    286.0    283.2      0.0    914.8     61.5     17.0    565.8
    27     1    26     1     9     5     0     1    -6.0   23.826  120.463      0.0    991.2    288.1    287.4      0.0    837.0     52.7      0.0    405.8
     1     1    26     1     9     4     0     2    -7.0   23.126  120.304      5.7   1013.0    288.1    289.1      0.0    468.0     46.3     68.8    196.4
     2     1    26     1     9     4     0     2    -7.0   23.121  120.339      0.0   1009.7    288.6    289.4      0.0    586.5     45.3     96.5    283.4
     3     1    26     1     9     4     0     2    -7.0   23.340  120.149      0.0   1019.3    287.8    289.4      0.0    606.6     48.8     14.0    185.9
     4     1    26     1     9     4     0     2    -7.0   23.003  120.258      0.0    996.3    288.4    288.1      0.0    264.1     54.6    186.9    148.4
     5     1    26     1     9     4     0     2    -7.0   22.889  120.276      0.0    980.0    289.3    287.6      0.0    307.4     56.1    342.9    185.2
     6     1    26     1     9     4     0     2    -7.0   23.007  119.879      0.0   1019.1    288.1    289.6      0.0    589.1     53.6     12.1    195.4
     7     1    26     1     9     4     0     2    -7.0   24.408  120.720      0.0   1019.6    286.0    287.6      0.0    812.8     53.3      7.6    531.1
     8     1    26     1     9     4     0     2    -7.0   24.631  120.977      0.0   1021.3    285.4    287.2      0.0   1033.2     52.4      0.0    531.1
     9     1    26     1     9     4     0     2    -7.0   24.166  120.521      0.0   1019.7    286.8    288.4      0.0    780.3     52.7      2.9    493.4
    10     1    26     1     9     4     0     2    -7.0   23.123  120.303    249.3   1013.2    288.1    289.1      0.0    468.0     46.2     67.4    195.5
    11     1    26     1     9     4     0     2    -7.0   23.113  120.339    249.0   1009.5    288.6    289.3      0.0    580.8     45.4     98.2    280.8
    12     1    26     1     9     4     0     2    -7.0   23.340  120.149    249.9   1019.3    287.8    289.4      0.0    606.6     48.8     14.0    185.9
    13     1    26     1     9     4     0     2    -7.0   23.001  120.258    248.2    996.6    288.4    288.1      0.0    263.5     54.5    184.0    147.8
    14     1    26     1     9     4     0     2    -7.0   22.887  120.277    246.6    979.8    289.3    287.6      0.0    307.2     56.1    344.0    185.0
    15     1    26     1     9     4     0     2    -7.0   23.007  119.879    249.9   1019.1    288.1    289.6      0.0    589.2     53.6     12.1    195.4
    16     1    26     1     9     4     0     2    -7.0   24.408  120.720    249.9   1019.6    286.0    287.6      0.0    812.8     53.3      7.6    531.1
    17     1    26     1     9     4     0     2    -7.0   24.631  120.977    250.0   1021.3    285.4    287.2      0.0   1033.2     52.4      0.0    531.1
    18     1    26     1     9     4     0     2    -7.0   24.166  120.521    250.0   1019.7    286.8    288.4      0.0    780.3     52.7      2.9    493.4
    19     1    26     1     9     4     0     2    -7.0   23.214  120.306      4.3    983.2    288.1    286.6      0.0    506.4     52.2     83.3    232.5
    20     1    26     1     9     4     0     2    -7.0   23.494  120.392      0.0    987.7    287.7    286.7      0.0    755.2     51.1     33.2    384.5
    21     1    26     1     9     4     0     2    -7.0   23.309  120.160      2.1    990.3    287.5    286.7      0.0    583.0     54.3     15.0    169.9
    22     1    26     1     9     4     0     2    -7.0   22.952  120.275    119.9    949.4    289.8    285.4      0.0    321.1     61.6    237.3    162.4
    23     1    26     1     9     4     0     2    -7.0   22.850  120.316    379.7    896.4    292.7    283.6      0.0    313.0     65.6    477.1    193.4
    24     1    26     1     9     4     0     2    -7.0   22.950  119.914     71.2    982.4    288.1    286.6      0.0    593.2     64.3     12.3    236.2
    25     1    26     1     9     4     0     2    -7.0   24.476  120.834     67.1    977.0    286.2    284.3      0.0    835.6     56.6     57.5    531.1
    26     1    26     1     9     4     0     2    -7.0   24.712  121.189    337.9    949.4    285.6    281.4      0.0   1116.3     64.2     32.4    526.0
    27     1    26     1     9     4     0     2    -7.0   24.093  120.551      0.1    990.3    286.9    286.1      0.0    781.0     55.2      8.9    455.8
     1     1    26     1     9     3     0     3    -8.0   23.189  120.300      0.0   1014.1    287.6    288.8      0.0    451.2     45.6     73.3    221.4
     2     1    26     1     9     3     0     3    -8.0   23.202  120.336      0.0   1013.0    288.1    289.1      0.0    603.7     44.1     74.7    314.6
     3     1    26     1     9     3     0     3    -8.0   23.478  120.178      0.0   1020.8    287.3    289.0      0.0    565.7     47.1     16.6    250.7
     4     1    26     1     9     3     0     3    -8.0   23.029  120.234      0.0   1000.4    287.9    287.9      0.0    244.5     53.3    160.2    144.6
     5     1    26     1     9     3     0     3    -8.0   22.902  120.244      0.0    991.9    288.5    287.8      0.0    329.8     54.3    243.4    185.4
     6     1    26     1     9     3     0     3    -8.0   23.100  119.871      0.0   1020.0    287.5    289.1      0.0    575.6     52.3     11.3    123.1
     7     1    26     1     9     3     0     3    -8.0   24.722  120.936      0.0   1019.9    285.6    287.2      0.0    968.9     50.7     12.5    496.4
     8     1    26     1     9     3     0     3    -8.0   24.861  121.215      8.1   1021.0    285.3    287.0      0.0   1222.6     48.9     11.2    492.6
     9     1    26     1     9     3     0     3    -8.0   24.485  120.674      0.0   1019.5    286.1    287.7      0.0    781.1     51.1     16.3    496.1
    10     1    26     1     9     3     0     3    -8.0   23.187  120.299    249.3   1014.3    287.6    288.8      0.0    450.7     45.5     72.0    220.3
    11     1    26     1     9     3     0     3    -8.0   23.194  120.336    249.2   1012.8    288.1    289.1      0.0    598.0     44.2     76.3    311.9
    12     1    26     1     9     3     0     3    -8.0   23.478  120.178    249.8   1020.8    287.3    289.0      0.0    565.7     47.1     16.6    250.7
    13     1    26     1     9     3     0     3    -8.0   23.027  120.233    248.4   1000.6    287.9    287.9      0.0    243.7     53.3    159.1    144.1
    14     1    26     1     9     3     0     3    -8.0   22.900  120.245    247.6    992.0    288.4    287.8      0.0    328.4     54.3    243.0    184.8
    15     1    26     1     9     3     0     3    -8.0   23.100  119.871    249.9   1020.0    287.5    289.1      0.0    575.6     52.3     11.3    123.1
    16     1    26     1     9     3     0     3    -8.0   24.722  120.936    249.9   1019.9    285.6    287.2      0.0    968.9     50.7     12.5    496.4
    17     1    26     1     9     3     0     3    -8.0   24.861  121.215    258.0   1021.0    285.3    287.0      0.0   1222.6     48.9     11.2    492.6
    18     1    26     1     9     3     0     3    -8.0   24.485  120.674    249.8   1019.5    286.1    287.7      0.0    781.1     51.1     16.3    496.1
    19     1    26     1     9     3     0     3    -8.0   23.296  120.307     26.9    982.0    287.5    286.0      0.0    507.6     52.5     80.2    269.1
    20     1    26     1     9     3     0     3    -8.0   23.663  120.447      0.0    988.5    287.0    286.1      0.0    690.1     49.9     27.2    436.7
    21     1    26     1     9     3     0     3    -8.0   23.447  120.187     16.7    990.1    287.1    286.2      0.0    545.9     52.9     17.5    231.6
    22     1    26     1     9     3     0     3    -8.0   22.943  120.260     99.0    959.1    288.9    285.4      0.0    258.0     61.1    176.6    133.5
    23     1    26     1     9     3     0     3    -8.0   22.800  120.312    391.4    899.9    292.1    283.3      0.0    279.1     66.5    433.2    179.4
    24     1    26     1     9     3     0     3    -8.0   23.008  119.884     59.0    984.4    287.4    286.2      0.0    571.8     62.1     12.6    137.2
    25     1    26     1     9     3     0     3    -8.0   24.781  121.087    160.2    968.8    285.6    283.0      0.0   1009.6     56.5     46.9    496.1
    26     1    26     1     9     3     0     3    -8.0   24.876  121.472    443.3    936.4    285.1    279.8      0.0   1277.9     67.2     53.8    496.0
    27     1    26     1     9     3     0     3    -8.0   24.403  120.698      7.1    989.3    286.3    285.4      0.0    759.3     52.8     18.6    494.0
     1     1    26     1     9     2     0     2    -9.0   23.264  120.296      0.0   1014.0    286.9    288.0      0.0    428.2     46.9     74.5    175.5
     2     1    26     1     9     2     0     2    -9.0   23.306  120.347      0.0   1014.4    286.9    288.1      0.0    562.9     46.5     59.8    226.2
     3     1    26     1     9     2     0     2    -9.0   23.628  120.212      0.3   1020.9    286.7    288.4      0.0    565.5     46.6      9.7    207.1
     4     1    26     1     9     2     0     2    -9.0   23.057  120.209      0.0   1001.0    287.5    287.5      0.0    229.3     53.1    160.5    104.6
     5     1    26     1     9     2     0     2    -9.0   22.917  120.216      0.0    994.1    287.8    287.3      0.0    278.3     54.3    226.3    130.0
     6     1    26     1     9     2     0     2    -9.0   23.218  119.890      0.0   1020.0    287.0    288.6      0.0    516.4     50.2     13.2     77.0
     7     1    26     1     9     2     0     2    -9.0   24.972  121.183      3.3   1019.0    285.2    286.8      0.0   1166.1     49.1     27.7    332.9
     8     1    26     1     9     2     0     2    -9.0   25.046  121.463      8.7   1023.1    284.7    286.5      0.0   1399.2     50.4      0.0    337.0
     9     1    26     1     9     2     0     2    -9.0   24.813  120.885      0.0   1014.1    285.6    286.8      0.0    866.0     51.2     61.4    337.2
    10     1    26     1     9     2     0     2    -9.0   23.262  120.295    249.3   1014.1    286.9    288.0      0.0    427.6     46.9     73.7    175.2
    11     1    26     1     9     2     0     2    -9.0   23.296  120.345    249.4   1014.3    286.9    288.1      0.0    560.2     46.4     60.9    225.3
    12     1    26     1     9     2     0     2    -9.0   23.628  120.212    250.2   1020.9    286.7    288.4      0.0    565.5     46.6      9.7    207.1
    13     1    26     1     9     2     0     2    -9.0   23.055  120.208    248.4   1001.1    287.5    287.6      0.0    229.0     53.1    159.7    104.3
    14     1    26     1     9     2     0     2    -9.0   22.916  120.216    247.7    994.2    287.8    287.3      0.0    277.3     54.3    225.9    129.7
    15     1    26     1     9     2     0     2    -9.0   23.218  119.890    249.9   1020.0    287.0    288.6      0.0    516.4     50.2     13.2     77.0
    16     1    26     1     9     2     0     2    -9.0   24.972  121.183    253.0   1019.0    285.2    286.8      0.0   1166.1     49.1     27.7    332.9
    17     1    26     1     9     2     0     2    -9.0   25.046  121.463    258.7   1023.1    284.7    286.5      0.0   1399.2     50.4      0.0    337.0
    18     1    26     1     9     2     0     2    -9.0   24.813  120.885    249.4   1014.1    285.6    286.8      0.0    866.0     51.2     61.4    337.2
    19     1    26     1     9     2     0     2    -9.0   23.402  120.315     53.0    979.4    286.9    285.2      0.0    501.0     54.6     67.9    203.8
    20     1    26     1     9     2     0     2    -9.0   23.895  120.550      0.7    982.8    286.4    284.9      0.0    659.4     52.8     78.2    326.0
    21     1    26     1     9     2     0     2    -9.0   23.606  120.221     60.6    985.0    286.5    285.3      0.0    543.7     54.1     11.9    202.5
    22     1    26     1     9     2     0     2    -9.0   22.931  120.243     70.3    967.5    288.5    285.8      0.0    222.8     59.4    130.4     87.6
    23     1    26     1     9     2     0     2    -9.0   22.737  120.309    381.2    905.6    291.8    283.5      0.0    202.7     66.9    386.4    109.8
    24     1    26     1     9     2     0     2    -9.0   23.083  119.879     40.8    986.5    287.2    286.1      0.0    546.5     59.8     12.1     87.3
    25     1    26     1     9     2     0     2    -9.0   24.993  121.389    294.7    949.9    285.1    280.9      0.0   1120.2     62.3     86.4    335.5
    26     1    26     1     9     2     0     2    -9.0   24.989  121.726    495.4    923.3    284.7    278.2      0.0   1307.7     74.2    111.2    327.3
    27     1    26     1     9     2     0     2    -9.0   24.751  120.926     61.0    973.0    285.7    283.5      0.0    795.7     55.7    106.2    338.0
     1     1    26     1     9     1     0     1   -10.0   23.356  120.307      0.0   1013.9    286.0    287.1      0.0    408.2     48.7     69.1    100.3
     2     1    26     1     9     1     0     1   -10.0   23.442  120.384      0.0   1015.1    285.7    286.9      0.0    508.4     49.5     45.8    121.5
     3     1    26     1     9     1     0     1   -10.0   23.790  120.263      2.1   1020.2    285.8    287.4      0.0    549.2     47.5      8.4    124.1
     4     1    26     1     9     1     0     1   -10.0   23.087  120.198      0.0   1000.4    287.0    287.0      0.0    193.2     53.7    168.9     59.2
     5     1    26     1     9     1     0     1   -10.0   22.939  120.204      0.0    994.1    287.1    286.6      0.0    215.3     55.3    226.3     69.6
     6     1    26     1     9     1     0     1   -10.0   23.358  119.926      0.0   1020.1    286.3    287.9      0.0    461.1     49.4     16.5     65.6
     7     1    26     1     9     1     0     1   -10.0   25.152  121.427     20.6   1018.0    284.4    285.9      0.0   1270.9     50.9     36.0    179.4
     8     1    26     1     9     1     0     1   -10.0   25.217  121.682      2.2   1021.9    284.2    286.0      0.0   1451.6     50.1     11.3    178.3
     9     1    26     1     9     1     0     1   -10.0   25.079  121.133      0.0   1015.5    284.9    286.1      0.0   1018.3     51.1     59.2    177.4
    10     1    26     1     9     1     0     1   -10.0   23.354  120.306    249.3   1014.0    286.0    287.1      0.0    408.1     48.7     68.4    100.2
    11     1    26     1     9     1     0     1   -10.0   23.429  120.382    249.5   1014.9    285.7    286.9      0.0    505.5     49.5     48.4    120.9
    12     1    26     1     9     1     0     1   -10.0   23.790  120.263    252.0   1020.2    285.8    287.4      0.0    549.2     47.5      8.4    124.1
    13     1    26     1     9     1     0     1   -10.0   23.086  120.198    248.3   1000.5    287.0    287.0      0.0    193.1     53.7    168.1     59.1
    14     1    26     1     9     1     0     1   -10.0   22.937  120.204    247.7    994.1    287.1    286.6      0.0    214.5     55.3    225.9     69.5
    15     1    26     1     9     1     0     1   -10.0   23.358  119.926    249.8   1020.1    286.3    287.9      0.0    461.2     49.4     16.5     65.6
    16     1    26     1     9     1     0     1   -10.0   25.152  121.427    270.2   1018.0    284.4    285.9      0.0   1270.9     50.9     36.0    179.4
    17     1    26     1     9     1     0     1   -10.0   25.217  121.682    252.1   1021.9    284.2    286.0      0.0   1451.6     50.1     11.3    178.3
    18     1    26     1     9     1     0     1   -10.0   25.079  121.133    249.4   1015.5    284.9    286.1      0.0   1018.3     51.1     59.2    177.4
    19     1    26     1     9     1     0     1   -10.0   23.538  120.350     66.1    977.7    286.0    284.2      0.0    469.8     57.0     65.2    114.7
    20     1    26     1     9     1     0     1   -10.0   24.186  120.737     66.4    963.5    285.9    282.8      0.0    634.4     56.3    182.7    180.9
    21     1    26     1     9     1     0     1   -10.0   23.807  120.280     86.0    980.1    285.7    284.1      0.0    543.5     56.9     18.7    123.5
    22     1    26     1     9     1     0     1   -10.0   22.914  120.235     61.2    969.4    288.4    285.9      0.0    192.1     58.7    123.0     47.2
    23     1    26     1     9     1     0     1   -10.0   22.667  120.311    376.6    907.7    291.5    283.4      0.0    195.4     68.4    370.8     56.2
    24     1    26     1     9     1     0     1   -10.0   23.186  119.898     19.8    989.1    286.6    285.7      0.0    482.2     57.2     13.9     45.7
    25     1    26     1     9     1     0     1   -10.0   25.122  121.668    363.8    938.0    284.4    279.3      0.0   1084.8     68.6    122.3    177.7
    26     1    26     1     9     1     0     1   -10.0   25.105  121.927    569.0    925.1    284.3    278.0      0.0   1478.7     72.9     29.8    177.2
    27     1    26     1     9     1     0     1   -10.0   25.042  121.219    173.6    960.6    285.0    281.7      0.0    924.8     58.8    113.7    179.4
     1     1    26     1     9     0     0     0   -11.0   23.461  120.338      0.0   1013.3    284.9    286.0      0.0    354.3     51.3     74.0      4.9
     2     1    26     1     9     0     0     0   -11.0   23.612  120.443      0.0   1016.5    284.4    285.7      0.0    465.3     51.7     31.8     12.2
     3     1    26     1     9     0     0     0   -11.0   23.981  120.340      0.0   1017.1    285.0    286.3      0.0    526.1     51.8     23.5     12.1
     4     1    26     1     9     0     0     0   -11.0   23.118  120.200      6.4    998.4    286.5    286.3      0.0    134.3     55.2    186.1      5.6
     5     1    26     1     9     0     0     0   -11.0   22.961  120.207      6.4    992.1    286.4    285.8      0.0    132.2     57.2    241.2      2.5
     6     1    26     1     9     0     0     0   -11.0   23.505  119.964      0.0   1019.8    285.1    286.7      0.0    408.7     50.0     19.6      7.6
     7     1    26     1     9     0     0     0   -11.0   25.322  121.663      9.1   1017.0    284.1    285.5      0.0   1420.7     51.7     55.3     19.1
     8     1    26     1     9     0     0     0   -11.0   25.392  121.857      4.7   1023.5    284.1    286.0      0.0   1546.7     48.9      0.0     21.0
     9     1    26     1     9     0     0     0   -11.0   25.251  121.367     31.6   1013.2    283.7    284.8      0.0   1049.1     53.2     68.0     19.4
    10     1    26     1     9     0     0     0   -11.0   23.459  120.337    249.3   1013.3    284.9    286.0      0.0    354.8     51.3     73.6      5.0
    11     1    26     1     9     0     0     0   -11.0   23.595  120.438    249.7   1016.3    284.4    285.8      0.0    461.8     51.8     32.6     11.9
    12     1    26     1     9     0     0     0   -11.0   23.981  120.340    249.8   1017.1    285.0    286.3      0.0    526.1     51.8     23.5     12.1
    13     1    26     1     9     0     0     0   -11.0   23.117  120.200    254.5    998.5    286.5    286.3      0.0    134.5     55.2    185.4      5.6
    14     1    26     1     9     0     0     0   -11.0   22.959  120.208    254.0    992.1    286.4    285.8      0.0    131.7     57.2    240.7      2.6
    15     1    26     1     9     0     0     0   -11.0   23.505  119.964    249.8   1019.8    285.1    286.7      0.0    408.8     50.0     19.6      7.6
    16     1    26     1     9     0     0     0   -11.0   25.322  121.663    258.5   1017.0    284.1    285.5      0.0   1420.7     51.7     55.3     19.1
    17     1    26     1     9     0     0     0   -11.0   25.392  121.857    254.7   1023.5    284.1    286.0      0.0   1546.7     48.9      0.0     21.0
    18     1    26     1     9     0     0     0   -11.0   25.251  121.367    280.9   1013.2    283.7    284.8      0.0   1049.1     53.2     68.0     19.4
    19     1    26     1     9     0     0     0   -11.0   23.724  120.418     50.6    980.1    285.0    283.3      0.0    414.2     58.9     46.1      9.4
    20     1    26     1     9     0     0     0   -11.0   24.426  120.978    174.8    931.5    286.8    281.0      0.0    618.9     57.0    375.6     23.1
    21     1    26     1     9     0     0     0   -11.0   24.084  120.394     69.0    980.2    284.9    283.3      0.0    516.7     59.1     25.8     12.6
    22     1    26     1     9     0     0     0   -11.0   22.886  120.236     63.4    969.7    288.5    286.0      0.0    158.3     58.2    116.7      7.9
    23     1    26     1     9     0     0     0   -11.0   22.591  120.320    369.5    907.8    291.3    283.3      0.0    183.6     69.5    374.4      9.0
    24     1    26     1     9     0     0     0   -11.0   23.315  119.936      0.0    991.9    285.8    285.1      0.0    399.1     55.7     17.4     12.0
    25     1    26     1     9     0     0     0   -11.0   25.252  121.886    391.4    941.6    284.0    279.2      0.0   1425.7     67.5     66.8     15.7
    26     1    26     1     9     0     0     0   -11.0   25.256  122.101    603.7    924.3    284.1    277.8      0.0   1633.3     72.0      0.0     23.6
    27     1    26     1     9     0     0     0   -11.0   25.211  121.523    360.4    929.7    284.6    278.7      0.0    736.0     68.9    216.3     23.5
     1     1    26     1     8    23     0     1   -12.0   23.579  120.382      0.0   1011.8    284.8    285.7      0.0    368.9     52.4     75.7      4.0
     2     1    26     1     8    23     0     1   -12.0   23.812  120.530      4.3   1013.2    284.3    285.3      0.0    487.2     52.6     55.3     11.1
     3     1    26     1     8    23     0     1   -12.0   24.209  120.442      0.0   1017.5    284.3    285.7      0.0    530.4     52.3     22.0      9.7
     4     1    26     1     8    23     0     1   -12.0   23.150  120.208     22.0    993.6    286.4    285.9      0.0    123.8     56.1    209.3      2.9
     5     1    26     1     8    23     0     1   -12.0   22.986  120.217     25.3    987.0    286.4    285.4      0.0    123.0     58.2    265.8      1.0
     6     1    26     1     8    23     0     1   -12.0   23.659  120.011      2.1   1018.8    284.7    286.3      0.0    416.2     49.5     18.5      4.8
     7     1    26     1     8    23     0     1   -12.0   25.496  121.841      2.2   1023.0    284.1    286.0      0.0   1558.0     49.2      1.5     15.6
     8     1    26     1     8    23     0     1   -12.0   25.599  122.012      3.2   1023.8    283.9    285.8      0.0   1620.8     49.2      0.0     15.7
     9     1    26     1     8    23     0     1   -12.0   25.373  121.590     52.9   1007.5    283.7    284.3      0.0    990.7     54.5     93.7     14.8
    10     1    26     1     8    23     0     1   -12.0   23.577  120.381    249.2   1011.9    284.8    285.7      0.0    369.2     52.4     75.6      4.0
    11     1    26     1     8    23     0     1   -12.0   23.792  120.522    252.7   1014.3    284.2    285.4      0.0    481.6     52.2     46.5     10.9
    12     1    26     1     8    23     0     1   -12.0   24.209  120.442    249.8   1017.5    284.3    285.7      0.0    530.3     52.3     22.0      9.7
    13     1    26     1     8    23     0     1   -12.0   23.149  120.207    269.9    993.7    286.4    285.9      0.0    124.0     56.1    208.6      2.9
    14     1    26     1     8    23     0     1   -12.0   22.984  120.218    272.7    987.0    286.4    285.4      0.0    122.5     58.2    265.1      1.0
    15     1    26     1     8    23     0     1   -12.0   23.660  120.011    251.9   1018.8    284.7    286.3      0.0    416.3     49.5     18.5      4.8
    16     1    26     1     8    23     0     1   -12.0   25.496  121.841    252.2   1023.0    284.1    286.0      0.0   1558.0     49.2      1.5     15.6
    17     1    26     1     8    23     0     1   -12.0   25.599  122.012    253.2   1023.8    283.9    285.8      0.0   1620.8     49.2      0.0     15.7
    18     1    26     1     8    23     0     1   -12.0   25.373  121.590    302.0   1007.5    283.7    284.3      0.0    990.7     54.5     93.7     14.8
    19     1    26     1     8    23     0     1   -12.0   23.972  120.520     39.5    980.5    284.6    283.0      0.0    426.7     57.9     50.3     10.3
    20     1    26     1     8    23     0     1   -12.0   24.569  121.246    418.9    887.9    287.1    277.5      0.0    436.3     68.2    530.2     15.7
    21     1    26     1     8    23     0     1   -12.0   24.429  120.572     96.2    967.8    285.6    282.9      0.0    522.8     57.6    103.8     11.9
    22     1    26     1     8    23     0     1   -12.0   22.857  120.239     62.5    969.6    288.6    286.0      0.0    139.1     58.0    110.9      5.2
    23     1    26     1     8    23     0     1   -12.0   22.526  120.333    355.8    906.4    291.4    283.2      0.0    166.9     69.5    396.0      6.7
    24     1    26     1     8    23     0     1   -12.0   23.477  119.980     15.9    988.6    285.1    284.2      0.0    374.8     56.0     21.6      5.5
    25     1    26     1     8    23     0     1   -12.0   25.419  122.054    412.5    945.5    284.0    279.5      0.0   1616.7     65.6      5.9     14.4
    26     1    26     1     8    23     0     1   -12.0   25.454  122.261    607.6    923.5    283.8    277.4      0.0   1686.9     72.3      0.0     15.7
    27     1    26     1     8    23     0     1   -12.0   25.331  121.774    417.6    926.2    284.1    277.9      0.0    657.6     72.8    170.1     13.7