    10     1
    GFSQ    26     1     2     0     0
    GFSQ    26     1     3     0     0
    GFSQ    26     1     4     0     0
    GFSQ    26     1     5     0     0
    GFSQ    26     1     6     0     0
    GFSQ    26     1     7     0     0
    GFSQ    26     1     8     0     0
    GFSQ    26     1     9     0     0
    GFSQ    26     1    10     0     0
    GFSQ    26     1    11     0     0
    27 BACKWARD OMEGA   
    26     1    10     8   22.711  120.310    10.0
    26     1    10     8   22.711  120.310    10.0
    26     1    10     8   22.711  120.310    10.0
    26     1    10     8   22.711  120.310    10.0
    26     1    10     8   22.711  120.310    10.0
    26     1    10     8   22.711  120.310    10.0
    26     1    10     8   22.711  120.310    10.0
    26     1    10     8   22.711  120.310    10.0
    26     1    10     8   22.711  120.310    10.0
    26     1    10     8   22.711  120.310    10.0
    26     1    10     8   22.711  120.310    10.0
    26     1    10     8   22.711  120.310    10.0
    26     1    10     8   22.711  120.310    10.0
    26     1    10     8   22.711  120.310    10.0
    26     1    10     8   22.711  120.310    10.0
    26     1    10     8   22.711  120.310    10.0
    26     1    10     8   22.711  120.310    10.0
    26     1    10     8   22.711  120.310    10.0
    26     1    10     8   22.711  120.310    10.0
    26     1    10     8   22.711  120.310    10.0
    26     1    10     8   22.711  120.310    10.0
    26     1    10     8   22.711  120.310    10.0
    26     1    10     8   22.711  120.310    10.0
    26     1    10     8   22.711  120.310    10.0
    26     1    10     8   22.711  120.310    10.0
    26     1    10     8   22.711  120.310    10.0
    26     1    10     8   22.711  120.310    10.0
     8 PRESSURE THETA    AIR_TEMP RAINFALL MIXDEPTH RELHUMID TERR_MSL SUN_FLUX
     1     1    26     1    10     8     0     2     0.0   22.711  120.310     10.0   1013.5    291.7    292.8      0.0    722.1     52.4     34.8    154.3
     2     1    26     1    10     8     0     2     0.0   22.711  120.310     10.0   1011.0    291.8    292.7      0.0    767.3     50.1     51.7    202.5
     3     1    26     1    10     8     0     2     0.0   22.711  120.310     10.0   1015.4    291.5    292.8      0.0    724.8     59.5     11.2    142.9
     4     1    26     1    10     8     0     2     0.0   22.711  120.310     10.0    982.5    292.8    291.3      0.0    663.4     55.5    288.6    184.7
     5     1    26     1    10     8     0     2     0.0   22.711  120.310     10.0    972.4    292.8    290.4      0.0    483.6     56.5    381.9    244.4
     6     1    26     1    10     8     0     2     0.0   22.711  120.310     10.0    994.4    292.4    291.9      0.0    696.6     60.1    194.3    143.4
     7     1    26     1    10     8     0     2     0.0   22.711  120.310     10.0   1017.3    290.5    292.0      0.0    785.8     62.7      4.7    165.9
     8     1    26     1    10     8     0     2     0.0   22.711  120.310     10.0   1017.2    290.3    291.7      0.0    788.1     61.4      5.6    220.6
     9     1    26     1    10     8     0     2     0.0   22.711  120.310     10.0   1016.6    290.8    292.2      0.0    794.6     65.0      0.0    156.0
    10     1    26     1    10     8     0     2     0.0   22.711  120.310     10.0   1013.5    291.7    292.8      0.0    722.1     52.4     34.8    154.3
    11     1    26     1    10     8     0     2     0.0   22.711  120.310     10.0   1011.0    291.8    292.7      0.0    767.3     50.1     51.7    202.5
    12     1    26     1    10     8     0     2     0.0   22.711  120.310     10.0   1015.4    291.5    292.8      0.0    724.8     59.5     11.2    142.9
    13     1    26     1    10     8     0     2     0.0   22.711  120.310     10.0    982.5    292.8    291.3      0.0    663.4     55.5    288.6    184.7
    14     1    26     1    10     8     0     2     0.0   22.711  120.310     10.0    972.4    292.8    290.4      0.0    483.6     56.5    381.9    244.4
    15     1    26     1    10     8     0     2     0.0   22.711  120.310     10.0    994.4    292.4    291.9      0.0    696.6     60.1    194.3    143.4
    16     1    26     1    10     8     0     2     0.0   22.711  120.310     10.0   1017.3    290.5    292.0      0.0    785.8     62.7      4.7    165.9
    17     1    26     1    10     8     0     2     0.0   22.711  120.310     10.0   1017.2    290.3    291.7      0.0    788.1     61.4      5.6    220.6
    18     1    26     1    10     8     0     2     0.0   22.711  120.310     10.0   1016.6    290.8    292.2      0.0    794.6     65.0      0.0    156.0
    19     1    26     1    10     8     0     2     0.0   22.711  120.310     10.0    984.4    291.5    290.2      0.0    722.1     58.8     34.8    154.3
    20     1    26     1    10     8     0     2     0.0   22.711  120.310     10.0    982.0    291.6    290.1      0.0    767.3     55.8     51.7    202.5
    21     1    26     1    10     8     0     2     0.0   22.711  120.310     10.0    986.2    291.3    290.1      0.0    724.8     66.5     11.2    142.9
    22     1    26     1    10     8     0     2     0.0   22.711  120.310     10.0    954.4    292.8    288.8      0.0    663.4     61.9    288.6    184.7
    23     1    26     1    10     8     0     2     0.0   22.711  120.310     10.0    944.6    293.0    288.2      0.0    483.6     60.7    381.9    244.4
    24     1    26     1    10     8     0     2     0.0   22.711  120.310     10.0    965.9    292.3    289.4      0.0    696.6     67.9    194.3    143.4
    25     1    26     1    10     8     0     2     0.0   22.711  120.310     10.0    988.0    290.3    289.3      0.0    785.8     69.4      4.7    165.9
    26     1    26     1    10     8     0     2     0.0   22.711  120.310     10.0    987.8    290.0    289.0      0.0    788.1     67.7      5.6    220.6
    27     1    26     1    10     8     0     2     0.0   22.711  120.310     10.0    987.4    290.6    289.5      0.0    794.6     72.2      0.0    156.0
     1     1    26     1    10     7     0     1    -1.0   22.837  120.256      0.0   1014.8    291.5    292.7      0.0    794.3     52.1     25.6    248.3
     2     1    26     1    10     7     0     1    -1.0   22.838  120.264      0.0   1014.0    291.8    293.0      0.0    978.5     48.0     33.8    331.3
     3     1    26     1    10     7     0     1    -1.0   22.843  120.252      3.8   1016.1    291.0    292.3      0.0    656.9     59.6      9.1    226.6
     4     1    26     1    10     7     0     1    -1.0   22.784  120.268      0.0    996.4    292.5    292.2      0.0    840.4     52.1    161.8    271.3
     5     1    26     1    10     7     0     1    -1.0   22.770  120.259      0.0    992.1    292.5    291.8      0.0    774.0     51.1    200.6    358.6
     6     1    26     1    10     7     0     1    -1.0   22.774  120.246      0.0   1010.2    292.1    292.9      0.0    856.8     56.6     57.5    218.3
     7     1    26     1    10     7     0     1    -1.0   22.964  120.295      7.5   1016.9    290.0    291.4      0.0    785.2     63.2      4.2    317.2
     8     1    26     1    10     7     0     1    -1.0   22.973  120.315      5.9   1017.1    289.8    291.2      0.0    857.7     60.6      6.1    426.0
     9     1    26     1    10     7     0     1    -1.0   22.936  120.279      9.6   1017.0    290.2    291.6      0.0    779.1     65.5      2.0    234.1
    10     1    26     1    10     7     0     1    -1.0   22.837  120.256    249.7   1014.8    291.5    292.7      0.0    794.3     52.1     25.6    248.3
    11     1    26     1    10     7     0     1    -1.0   22.838  120.264    249.7   1014.0    291.8    293.0      0.0    978.5     48.0     33.8    331.3
    12     1    26     1    10     7     0     1    -1.0   22.843  120.252    249.9   1016.1    291.0    292.3      0.0    656.9     59.6      9.1    226.6
    13     1    26     1    10     7     0     1    -1.0   22.784  120.268    248.4    996.4    292.5    292.2      0.0    840.4     52.1    161.9    271.3
    14     1    26     1    10     7     0     1    -1.0   22.770  120.259    248.0    992.1    292.5    291.8      0.0    774.0     51.1    200.6    358.6
    15     1    26     1    10     7     0     1    -1.0   22.774  120.246    249.4   1010.2    292.1    292.9      0.0    856.8     56.6     57.5    218.3
    16     1    26     1    10     7     0     1    -1.0   22.964  120.295    250.0   1016.9    290.0    291.4      0.0    785.2     63.2      4.2    317.2
    17     1    26     1    10     7     0     1    -1.0   22.973  120.315    249.9   1017.1    289.8    291.2      0.0    857.7     60.6      6.1    426.0
    18     1    26     1    10     7     0     1    -1.0   22.936  120.279    250.0   1017.0    290.2    291.6      0.0    779.1     65.5      2.0    234.1
    19     1    26     1    10     7     0     1    -1.0   22.869  120.271      0.0    986.2    291.3    290.2      0.0    831.5     57.8     31.2    259.6
    20     1    26     1    10     7     0     1    -1.0   22.894  120.274      0.0    986.0    291.3    290.2      0.0    970.0     55.0     44.8    354.8
    21     1    26     1    10     7     0     1    -1.0   22.849  120.260     26.5    984.7    290.8    289.5      0.0    664.8     67.1     11.6    226.5
    22     1    26     1    10     7     0     1    -1.0   22.811  120.271      0.0    969.0    292.4    289.7      0.0    829.1     58.1    180.1    284.2
    23     1    26     1    10     7     0     1    -1.0   22.804  120.250      0.0    968.3    292.2    289.5      0.0    771.1     55.6    187.0    360.5
    24     1    26     1    10     7     0     1    -1.0   22.790  120.257      0.0    982.2    292.0    290.5      0.0    855.4     63.4     80.5    221.6
    25     1    26     1    10     7     0     1    -1.0   22.977  120.310     24.7    985.6    289.8    288.6      0.0    798.7     68.9      5.7    319.8
    26     1    26     1    10     7     0     1    -1.0   22.993  120.334     63.5    981.5    289.6    288.1      0.0    876.4     67.7      7.9    430.7
    27     1    26     1    10     7     0     1    -1.0   22.943  120.287     15.2    987.0    290.0    288.9      0.0    776.0     72.6      2.7    233.4
     1     1    26     1    10     6     0     0    -2.0   22.965  120.192      0.0   1015.2    291.3    292.6      0.0    969.9     52.3     18.0    381.2
     2     1    26     1    10     6     0     0    -2.0   22.979  120.202      0.0   1016.6    291.2    292.6      0.0   1054.7     50.8     18.9    523.2
     3     1    26     1    10     6     0     0    -2.0   22.986  120.176      0.0   1015.4    290.5    291.8      0.0    691.2     61.1     15.5    294.1
     4     1    26     1    10     6     0     0    -2.0   22.849  120.199      0.0   1004.2    292.3    292.6      0.0   1004.8     50.9     94.7    377.2
     5     1    26     1    10     6     0     0    -2.0   22.825  120.196      0.0    997.0    292.7    292.4      0.0   1068.2     47.7    161.2    469.0
     6     1    26     1    10     6     0     0    -2.0   22.858  120.148      0.0   1011.3    291.4    292.4      0.0    832.7     58.8     45.1    306.7
     7     1    26     1    10     6     0     0    -2.0   23.228  120.285      4.3   1016.7    289.4    290.8      0.0    876.1     63.1      3.3    560.9
     8     1    26     1    10     6     0     0    -2.0   23.231  120.324      3.3   1016.7    289.5    290.9      0.0    925.1     61.0      0.5    601.7
     9     1    26     1    10     6     0     0    -2.0   23.195  120.252      8.8   1016.7    289.4    290.7      0.0    737.8     67.5      0.2    410.8
    10     1    26     1    10     6     0     0    -2.0   22.965  120.192    249.8   1015.2    291.3    292.6      0.0    969.9     52.3     18.0    381.2
    11     1    26     1    10     6     0     0    -2.0   22.979  120.202    249.8   1016.6    291.2    292.6      0.0   1054.7     50.8     18.9    523.2
    12     1    26     1    10     6     0     0    -2.0   22.986  120.176    249.8   1015.4    290.5    291.8      0.0    691.2     61.1     15.5    294.1
    13     1    26     1    10     6     0     0    -2.0   22.849  120.199    249.1   1004.2    292.3    292.6      0.0   1004.8     50.9     94.7    377.2
    14     1    26     1    10     6     0     0    -2.0   22.825  120.196    248.4    997.0    292.7    292.4      0.0   1068.2     47.7    161.1    469.0
    15     1    26     1    10     6     0     0    -2.0   22.858  120.148    249.5   1011.3    291.4    292.4      0.0    832.7     58.8     45.1    306.7
    16     1    26     1    10     6     0     0    -2.0   23.228  120.285    250.0   1016.7    289.4    290.8      0.0    876.1     63.1      3.3    560.9
    17     1    26     1    10     6     0     0    -2.0   23.231  120.324    250.0   1016.7    289.5    290.9      0.0    925.1     61.0      0.5    601.7
    18     1    26     1    10     6     0     0    -2.0   23.195  120.252    250.0   1016.7    289.4    290.7      0.0    737.8     67.5      0.2    410.8
    19     1    26     1    10     6     0     0    -2.0   23.013  120.213      0.0    988.9    291.2    290.3      0.0   1049.8     55.5     19.9    397.9
    20     1    26     1    10     6     0     0    -2.0   23.076  120.227      0.0    990.3    290.8    290.0      0.0   1082.3     57.2     14.8    552.7
    21     1    26     1    10     6     0     0    -2.0   22.995  120.192     68.6    979.2    290.3    288.5      0.0    685.7     70.5     17.7    293.2
    22     1    26     1    10     6     0     0    -2.0   22.893  120.202      0.0    978.1    292.0    290.1      0.0   1035.8     56.4    104.8    401.3
    23     1    26     1    10     6     0     0    -2.0   22.878  120.188      0.0    973.1    292.3    290.0      0.0   1043.8     53.5    181.6    477.5
    24     1    26     1    10     6     0     0    -2.0   22.883  120.166      0.0    985.4    291.3    290.1      0.0    865.8     64.7     52.2    309.3
    25     1    26     1    10     6     0     0    -2.0   23.242  120.314     82.0    978.9    289.4    287.6      0.0    911.8     70.3      6.0    562.0
    26     1    26     1    10     6     0     0    -2.0   23.258  120.361    146.4    971.5    289.3    286.9      0.0    961.9     71.4      0.0    604.7
    27     1    26     1    10     6     0     0    -2.0   23.202  120.268     35.8    984.2    289.2    287.9      0.0    754.6     73.8      1.7    411.6
     1     1    26     1    10     5     0     1    -3.0   23.111  120.142      0.0   1016.7    290.3    291.6      0.0    860.8     54.4     13.3    471.2
     2     1    26     1    10     5     0     1    -3.0   23.151  120.164      0.0   1017.3    290.1    291.5      0.0    929.5     54.5      6.1    553.6
     3     1    26     1    10     5     0     1    -3.0   23.138  120.117      0.0   1016.5    290.0    291.4      0.0    733.8     58.2     11.0    359.6
     4     1    26     1    10     5     0     1    -3.0   22.907  120.123      0.0   1008.1    291.6    292.3      0.0    886.5     49.8     74.5    386.1
     5     1    26     1    10     5     0     1    -3.0   22.876  120.130      0.0   1002.2    291.9    292.1      0.0    937.5     47.8    132.4    473.9
     6     1    26     1    10     5     0     1    -3.0   22.942  120.054      0.0   1014.0    290.8    291.9      0.0    666.4     57.2     31.3    285.6
     7     1    26     1    10     5     0     1    -3.0   23.485  120.297      2.8   1017.4    289.0    290.4      0.0    859.3     62.4      0.3    566.6
     8     1    26     1    10     5     0     1    -3.0   23.487  120.353      2.9   1018.2    288.7    290.2      0.0    879.6     61.5      0.0    567.5
     9     1    26     1    10     5     0     1    -3.0   23.459  120.246      8.8   1017.5    288.9    290.3      0.0    789.9     65.0      0.0    538.6
    10     1    26     1    10     5     0     1    -3.0   23.111  120.142    249.9   1016.7    290.3    291.6      0.0    860.8     54.4     13.3    471.2
    11     1    26     1    10     5     0     1    -3.0   23.151  120.164    249.9   1017.3    290.1    291.5      0.0    929.5     54.5      6.1    553.6
    12     1    26     1    10     5     0     1    -3.0   23.138  120.117    249.9   1016.5    290.0    291.4      0.0    733.8     58.2     11.0    359.6
    13     1    26     1    10     5     0     1    -3.0   22.907  120.123    249.3   1008.1    291.6    292.3      0.0    886.5     49.8     74.5    386.1
    14     1    26     1    10     5     0     1    -3.0   22.876  120.130    248.7   1002.2    291.9    292.1      0.0    937.5     47.8    132.4    473.8
    15     1    26     1    10     5     0     1    -3.0   22.942  120.054    249.7   1014.0    290.8    291.9      0.0    666.4     57.2     31.3    285.6
    16     1    26     1    10     5     0     1    -3.0   23.485  120.297    250.0   1017.4    289.0    290.4      0.0    859.3     62.4      0.3    566.6
    17     1    26     1    10     5     0     1    -3.0   23.487  120.353    250.0   1018.2    288.7    290.2      0.0    879.6     61.5      0.0    567.5
    18     1    26     1    10     5     0     1    -3.0   23.459  120.246    250.0   1017.5    288.9    290.3      0.0    789.9     65.0      0.0    538.6
    19     1    26     1    10     5     0     1    -3.0   23.166  120.168      0.0    989.1    290.1    289.2      0.0    895.2     59.3     15.8    490.8
    20     1    26     1    10     5     0     1    -3.0   23.276  120.210      6.0    988.5    289.7    288.8      0.0    964.5     61.6      0.0    569.4
    21     1    26     1    10     5     0     1    -3.0   23.140  120.139    101.9    976.4    289.9    287.9      0.0    742.7     67.5     13.0    357.6
    22     1    26     1    10     5     0     1    -3.0   22.958  120.129      0.0    981.6    291.3    289.8      0.0    933.4     54.8     83.8    416.2
    23     1    26     1    10     5     0     1    -3.0   22.943  120.129      0.0    977.6    291.5    289.6      0.0    921.2     54.0    153.0    491.7
    24     1    26     1    10     5     0     1    -3.0   22.968  120.077      0.0    984.9    290.6    289.3      0.0    693.6     63.7     39.7    289.9
    25     1    26     1    10     5     0     1    -3.0   23.489  120.336    154.5    971.2    288.9    286.5      0.0    886.7     72.4      0.4    567.1
    26     1    26     1    10     5     0     1    -3.0   23.516  120.409    192.9    967.2    288.5    285.8      0.0    879.8     74.2      0.0    567.2
    27     1    26     1    10     5     0     1    -3.0   23.459  120.273    108.6    976.4    288.8    286.8      0.0    804.6     74.0      2.2    534.6
     1     1    26     1    10     4     0     2    -4.0   23.262  120.122      0.0   1017.6    289.6    291.0      0.0    799.5     55.7     10.9    519.0
     2     1    26     1    10     4     0     2    -4.0   23.332  120.164      0.0   1018.3    289.4    290.9      0.0    861.0     56.6      0.0    532.4
     3     1    26     1    10     4     0     2    -4.0   23.281  120.088      0.0   1017.5    289.5    290.9      0.0    708.0     57.1      8.3    457.8
     4     1    26     1    10     4     0     2    -4.0   22.954  120.057      0.0   1012.4    290.7    291.8      0.0    756.5     47.7     49.9    397.3
     5     1    26     1    10     4     0     2    -4.0   22.923  120.076      0.0   1007.7    291.0    291.6      0.0    806.3     47.4     96.2    484.1
     6     1    26     1    10     4     0     2    -4.0   23.016  119.978      0.0   1016.4    289.9    291.3      0.0    534.1     54.5     21.4    265.9
     7     1    26     1    10     4     0     2    -4.0   23.731  120.336      2.1   1018.6    288.5    290.0      0.0    847.0     61.9      0.0    530.2
     8     1    26     1    10     4     0     2    -4.0   23.760  120.410      1.3   1018.4    288.0    289.5      0.0    762.9     63.3      0.0    528.4
     9     1    26     1    10     4     0     2    -4.0   23.698  120.272      8.6   1018.2    288.7    290.2      0.0    806.5     63.5      0.4    529.6
    10     1    26     1    10     4     0     2    -4.0   23.262  120.122    249.9   1017.6    289.6    291.0      0.0    799.5     55.7     10.9    519.0
    11     1    26     1    10     4     0     2    -4.0   23.332  120.164    250.0   1018.3    289.4    290.9      0.0    861.0     56.6      0.0    532.4
    12     1    26     1    10     4     0     2    -4.0   23.281  120.088    249.9   1017.5    289.5    290.9      0.0    708.0     57.1      8.3    457.8
    13     1    26     1    10     4     0     2    -4.0   22.954  120.057    249.5   1012.4    290.7    291.8      0.0    756.5     47.7     49.9    397.3
    14     1    26     1    10     4     0     2    -4.0   22.923  120.076    249.0   1007.7    291.0    291.6      0.0    806.3     47.4     96.2    484.1
    15     1    26     1    10     4     0     2    -4.0   23.016  119.978    249.8   1016.4    289.9    291.3      0.0    534.1     54.5     21.4    265.9
    16     1    26     1    10     4     0     2    -4.0   23.731  120.336    250.0   1018.6    288.5    290.0      0.0    847.0     61.9      0.0    530.2
    17     1    26     1    10     4     0     2    -4.0   23.760  120.410    250.0   1018.4    288.0    289.5      0.0    762.9     63.3      0.0    528.4
    18     1    26     1    10     4     0     2    -4.0   23.698  120.272    250.0   1018.2    288.7    290.2      0.0    806.5     63.5      0.4    529.6
    19     1    26     1    10     4     0     2    -4.0   23.320  120.153      8.9    988.3    289.4    288.4      0.0    820.6     61.3     10.3    520.9
    20     1    26     1    10     4     0     2    -4.0   23.491  120.228      6.5    989.1    288.6    287.7      0.0    860.8     66.2      0.0    530.3
    21     1    26     1    10     4     0     2    -4.0   23.267  120.113    136.2    973.3    289.4    287.1      0.0    713.1     66.8     10.6    447.8
    22     1    26     1    10     4     0     2    -4.0   23.007  120.068      0.0    985.2    290.5    289.3      0.0    800.8     52.9     59.6    431.5
    23     1    26     1    10     4     0     2    -4.0   23.002  120.082      0.0    980.3    290.7    289.0      0.0    805.9     54.2    117.3    507.2
    24     1    26     1    10     4     0     2    -4.0   23.036  120.006     13.5    986.2    289.8    288.6      0.0    553.7     60.8     25.1    279.0
    25     1    26     1    10     4     0     2    -4.0   23.728  120.385    173.6    969.9    288.3    285.8      0.0    852.1     73.4      0.0    530.3
    26     1    26     1    10     4     0     2    -4.0   23.809  120.485    170.4    970.1    287.9    285.4      0.0    742.8     75.2      0.0    527.6
    27     1    26     1    10     4     0     2    -4.0   23.682  120.305    162.6    970.9    288.6    286.2      0.0    814.2     73.9      1.4    529.1
     1     1    26     1    10     3     0     3    -5.0   23.404  120.127      0.0   1018.5    289.1    290.7      0.0    756.9     56.0      4.6    498.3
     2     1    26     1    10     3     0     3    -5.0   23.533  120.188      0.0   1018.9    288.6    290.1      0.0    812.2     59.5      0.0    492.8
     3     1    26     1    10     3     0     3    -5.0   23.406  120.084      0.0   1018.3    289.0    290.5      0.0    676.8     57.0      7.8    486.6
     4     1    26     1    10     3     0     3    -5.0   22.988  120.006      0.0   1016.5    289.7    291.1      0.0    592.5     45.5     26.2    413.6
     5     1    26     1    10     3     0     3    -5.0   22.961  120.040      0.0   1012.0    290.2    291.2      0.0    677.1     46.7     65.1    491.0
     6     1    26     1    10     3     0     3    -5.0   23.081  119.927      0.0   1017.5    289.4    290.8      0.0    509.5     52.8     16.6    304.0
     7     1    26     1    10     3     0     3    -5.0   24.002  120.400      0.3   1018.9    287.9    289.4      0.0    768.3     62.9      0.0    492.8
     8     1    26     1    10     3     0     3    -5.0   24.073  120.507      0.1   1018.9    287.6    289.2      0.0    749.8     63.4      0.5    492.8
     9     1    26     1    10     3     0     3    -5.0   23.928  120.319      7.9   1018.9    288.3    289.8      0.0    810.5     62.0      0.0    493.4
    10     1    26     1    10     3     0     3    -5.0   23.404  120.127    250.0   1018.5    289.1    290.7      0.0    756.9     56.0      4.6    498.3
    11     1    26     1    10     3     0     3    -5.0   23.533  120.188    250.0   1018.9    288.6    290.1      0.0    812.2     59.5      0.0    492.8
    12     1    26     1    10     3     0     3    -5.0   23.406  120.084    249.9   1018.3    289.0    290.5      0.0    676.8     57.0      7.8    486.6
    13     1    26     1    10     3     0     3    -5.0   22.988  120.006    249.7   1016.5    289.7    291.1      0.0    592.5     45.5     26.2    413.6
    14     1    26     1    10     3     0     3    -5.0   22.961  120.040    249.3   1012.0    290.2    291.2      0.0    677.1     46.7     65.1    491.0
    15     1    26     1    10     3     0     3    -5.0   23.081  119.927    249.8   1017.5    289.4    290.8      0.0    509.5     52.8     16.6    304.0
    16     1    26     1    10     3     0     3    -5.0   24.002  120.400    250.0   1018.9    287.9    289.4      0.0    768.3     62.9      0.0    492.8
    17     1    26     1    10     3     0     3    -5.0   24.073  120.507    250.0   1018.9    287.6    289.2      0.0    749.8     63.4      0.5    492.8
    18     1    26     1    10     3     0     3    -5.0   23.928  120.319    250.0   1018.9    288.3    289.8      0.0    810.5     62.0      0.0    493.4
    19     1    26     1    10     3     0     3    -5.0   23.460  120.161      5.0    989.8    289.0    288.1      0.0    774.0     61.8      2.4    498.4
    20     1    26     1    10     3     0     3    -5.0   23.767  120.285      0.0    990.7    288.0    287.2      0.0    757.1     67.1      3.3    492.8
    21     1    26     1    10     3     0     3    -5.0   23.369  120.107    173.9    969.6    288.9    286.4      0.0    659.6     68.2     10.1    478.0
    22     1    26     1    10     3     0     3    -5.0   23.040  120.022      0.0    987.4    289.7    288.6      0.0    624.9     52.4     37.0    439.1
    23     1    26     1    10     3     0     3    -5.0   23.048  120.050      0.0    983.4    289.9    288.5      0.0    701.2     54.3     73.0    502.1
    24     1    26     1    10     3     0     3    -5.0   23.087  119.954     21.0    986.6    289.2    288.1      0.0    505.1     59.4     19.1    306.0
    25     1    26     1    10     3     0     3    -5.0   24.008  120.459    148.7    973.1    287.7    285.5      0.0    760.1     73.9      0.0    492.8
    26     1    26     1    10     3     0     3    -5.0   24.143  120.608    174.9    969.7    287.6    285.1      0.0    743.1     74.1      4.3    492.8
    27     1    26     1    10     3     0     3    -5.0   23.888  120.355    160.6    971.8    288.2    285.9      0.0    805.4     72.5      0.0    494.3
     1     1    26     1    10     2     0     2    -6.0   23.552  120.151      0.0   1018.7    288.5    290.0      0.0    703.0     58.0      0.0    337.7
     2     1    26     1    10     2     0     2    -6.0   23.796  120.253      0.0   1019.1    287.8    289.4      0.0    752.7     63.2      0.3    335.1
     3     1    26     1    10     2     0     2    -6.0   23.532  120.101      0.0   1018.1    288.6    290.1      0.0    640.3     58.0      8.2    340.0
     4     1    26     1    10     2     0     2    -6.0   23.023  119.975      0.0   1017.3    288.6    290.0      0.0    468.1     49.9     21.1    295.8
     5     1    26     1    10     2     0     2    -6.0   23.000  120.023      0.0   1013.9    288.8    290.0      0.0    533.4     50.1     50.1    340.9
     6     1    26     1    10     2     0     2    -6.0   23.142  119.904      0.0   1017.7    288.7    290.2      0.0    460.4     54.1     14.4    244.2
     7     1    26     1    10     2     0     2    -6.0   24.309  120.506      0.0   1019.1    287.4    289.0      0.0    769.4     63.6      0.4    335.1
     8     1    26     1    10     2     0     2    -6.0   24.376  120.642      0.2   1019.4    287.1    288.7      0.0    823.5     61.9      0.0    335.1
     9     1    26     1    10     2     0     2    -6.0   24.186  120.387      6.1   1019.0    287.8    289.3      0.0    768.0     62.9      0.0    335.1
    10     1    26     1    10     2     0     2    -6.0   23.552  120.151    250.0   1018.7    288.5    290.0      0.0    703.0     58.0      0.0    337.7
    11     1    26     1    10     2     0     2    -6.0   23.796  120.253    250.0   1019.1    287.8    289.4      0.0    752.7     63.2      0.3    335.1
    12     1    26     1    10     2     0     2    -6.0   23.532  120.101    249.9   1018.1    288.6    290.1      0.0    640.3     58.0      8.2    340.0
    13     1    26     1    10     2     0     2    -6.0   23.023  119.975    249.8   1017.3    288.6    290.0      0.0    468.1     49.9     21.1    295.8
    14     1    26     1    10     2     0     2    -6.0   23.000  120.023    249.5   1013.9    288.8    290.0      0.0    533.4     50.1     50.1    340.9
    15     1    26     1    10     2     0     2    -6.0   23.142  119.904    249.9   1017.7    288.7    290.2      0.0    460.4     54.1     14.4    244.2
    16     1    26     1    10     2     0     2    -6.0   24.309  120.506    250.0   1019.1    287.4    289.0      0.0    769.4     63.6      0.4    335.1
    17     1    26     1    10     2     0     2    -6.0   24.376  120.642    250.0   1019.4    287.1    288.7      0.0    823.5     61.9      0.0    335.1
    18     1    26     1    10     2     0     2    -6.0   24.186  120.387    250.0   1019.0    287.8    289.3      0.0    768.0     62.9      0.0    335.1
    19     1    26     1    10     2     0     2    -6.0   23.621  120.186      0.0    992.4    288.2    287.6      0.0    711.6     64.4      0.0    337.2
    20     1    26     1    10     2     0     2    -6.0   24.087  120.398      3.6    989.2    287.4    286.5      0.0    729.6     68.0      9.0    335.1
    21     1    26     1    10     2     0     2    -6.0   23.470  120.120    191.7    967.2    288.9    286.1      0.0    606.6     67.6     11.3    336.7
    22     1    26     1    10     2     0     2    -6.0   23.077  119.994      4.7    988.3    288.9    287.9      0.0    477.7     54.2     22.9    304.3
    23     1    26     1    10     2     0     2    -6.0   23.106  120.037      0.0    985.8    289.0    287.8      0.0    567.7     56.8     49.2    340.9
    24     1    26     1    10     2     0     2    -6.0   23.133  119.926     27.5    986.0    289.0    287.8      0.0    443.9     60.0     16.5    237.1
    25     1    26     1    10     2     0     2    -6.0   24.336  120.585    152.6    972.2    287.3    285.0      0.0    750.8     73.8      5.2    335.1
    26     1    26     1    10     2     0     2    -6.0   24.453  120.790    214.4    965.1    287.3    284.4      0.0    824.3     74.8      4.5    335.1
    27     1    26     1    10     2     0     2    -6.0   24.143  120.425    127.3    975.6    287.6    285.6      0.0    761.5     73.1      0.0    335.1
     1     1    26     1    10     1     0     1    -7.0   23.737  120.198      0.0   1018.3    287.9    289.4      0.0    681.3     61.0      0.0    177.6
     2     1    26     1    10     1     0     1    -7.0   24.088  120.370      0.2   1018.3    287.2    288.7      0.0    757.5     63.1      7.3    177.5
     3     1    26     1    10     1     0     1    -7.0   23.677  120.135      0.0   1018.4    287.9    289.4      0.0    576.3     59.1      3.7    179.3
     4     1    26     1    10     1     0     1    -7.0   23.075  119.969      0.0   1017.4    287.6    289.0      0.0    355.5     53.5     20.5    163.4
     5     1    26     1    10     1     0     1    -7.0   23.060  120.023      0.0   1014.6    287.6    288.8      0.0    400.7     54.2     42.5    180.3
     6     1    26     1    10     1     0     1    -7.0   23.210  119.906      0.0   1017.6    288.0    289.4      0.0    384.6     55.1     14.6    150.6
     7     1    26     1    10     1     0     1    -7.0   24.603  120.652      0.1   1019.5    286.9    288.5      0.0    836.5     61.7      0.0    177.5
     8     1    26     1    10     1     0     1    -7.0   24.646  120.806      0.0   1019.7    286.8    288.4      0.0    873.1     60.1      0.0    177.5
     9     1    26     1    10     1     0     1    -7.0   24.483  120.499      4.2   1019.4    287.3    288.8      0.0    781.8     64.1      0.0    177.5
    10     1    26     1    10     1     0     1    -7.0   23.737  120.198    250.0   1018.3    287.9    289.4      0.0    681.3     61.0      0.0    177.6
    11     1    26     1    10     1     0     1    -7.0   24.088  120.370    250.1   1018.3    287.2    288.7      0.0    757.5     63.1      7.3    177.5
    12     1    26     1    10     1     0     1    -7.0   23.677  120.135    250.0   1018.4    287.9    289.4      0.0    576.3     59.1      3.7    179.3
    13     1    26     1    10     1     0     1    -7.0   23.075  119.969    249.8   1017.4    287.6    289.0      0.0    355.5     53.5     20.5    163.4
    14     1    26     1    10     1     0     1    -7.0   23.060  120.023    249.6   1014.6    287.6    288.8      0.0    400.7     54.2     42.5    180.3
    15     1    26     1    10     1     0     1    -7.0   23.210  119.906    249.9   1017.6    288.0    289.4      0.0    384.6     55.1     14.6    150.6
    16     1    26     1    10     1     0     1    -7.0   24.603  120.652    250.1   1019.5    286.9    288.5      0.0    836.5     61.7      0.0    177.5
    17     1    26     1    10     1     0     1    -7.0   24.646  120.806    250.0   1019.7    286.8    288.4      0.0    873.1     60.1      0.0    177.5
    18     1    26     1    10     1     0     1    -7.0   24.483  120.499    250.0   1019.4    287.3    288.8      0.0    781.8     64.1      0.0    177.5
    19     1    26     1    10     1     0     1    -7.0   23.873  120.253      0.0    992.5    287.5    286.9      0.0    706.2     68.2      0.4    177.5
    20     1    26     1    10     1     0     1    -7.0   24.396  120.575      6.3    987.9    287.1    286.1      0.0    810.7     67.5     18.8    177.5
    21     1    26     1    10     1     0     1    -7.0   23.602  120.149    172.9    969.5    288.6    286.1      0.0    534.8     66.0      8.2    179.7
    22     1    26     1    10     1     0     1    -7.0   23.146  119.988     12.7    987.5    288.2    287.2      0.0    362.1     56.5     22.3    169.5
    23     1    26     1    10     1     0     1    -7.0   23.217  120.045      0.0    986.9    288.2    287.1      0.0    447.9     60.9     38.9    180.2
    24     1    26     1    10     1     0     1    -7.0   23.189  119.920     36.7    984.9    288.7    287.4      0.0    365.5     59.8     16.0    143.9
    25     1    26     1    10     1     0     1    -7.0   24.646  120.769    192.1    967.8    287.0    284.3      0.0    838.9     74.0      4.9    177.5
    26     1    26     1    10     1     0     1    -7.0   24.713  121.005    240.2    963.2    287.0    283.9      0.0    929.0     75.3      0.9    177.4
    27     1    26     1    10     1     0     1    -7.0   24.460  120.549    130.9    974.8    287.1    285.1      0.0    751.4     73.8      4.6    177.5
     1     1    26     1    10     0     0     0    -8.0   23.974  120.284      0.0   1018.5    287.3    288.8      0.0    690.0     63.9      3.6     19.8
     2     1    26     1    10     0     0     0    -8.0   24.360  120.529      0.2   1018.4    286.8    288.3      0.0    849.0     62.3      9.7     19.8
     3     1    26     1    10     0     0     0    -8.0   23.840  120.188      0.0   1018.1    287.2    288.6      0.0    501.6     61.4      0.0     19.8
     4     1    26     1    10     0     0     0    -8.0   23.144  119.981      0.0   1017.6    286.4    287.8      0.0    226.6     56.8     21.6     19.8
     5     1    26     1    10     0     0     0    -8.0   23.141  120.041      0.0   1013.1    286.7    287.7      0.0    265.7     58.5     48.2     19.8
     6     1    26     1    10     0     0     0    -8.0   23.283  119.927      0.0   1017.6    287.0    288.4      0.0    266.8     56.9     16.6     19.8
     7     1    26     1    10     0     0     0    -8.0   24.864  120.822      0.0   1019.6    286.6    288.2      0.0    882.7     60.1      0.0     19.8
     8     1    26     1    10     0     0     0    -8.0   24.874  120.981      0.0   1019.6    286.6    288.2      0.0    933.9     58.6      0.0     19.8
     9     1    26     1    10     0     0     0    -8.0   24.772  120.652      4.5   1019.6    286.8    288.4      0.0    848.4     62.4      0.0     19.8
    10     1    26     1    10     0     0     0    -8.0   23.974  120.284    250.0   1018.5    287.3    288.8      0.0    690.0     63.9      3.6     19.8
    11     1    26     1    10     0     0     0    -8.0   24.360  120.528    250.1   1018.4    286.8    288.3      0.0    849.0     62.3      9.7     19.8
    12     1    26     1    10     0     0     0    -8.0   23.840  120.188    250.0   1018.1    287.2    288.6      0.0    501.6     61.4      0.0     19.8
    13     1    26     1    10     0     0     0    -8.0   23.144  119.981    249.8   1017.6    286.4    287.8      0.0    226.6     56.8     21.6     19.8
    14     1    26     1    10     0     0     0    -8.0   23.141  120.041    249.5   1013.1    286.7    287.7      0.0    265.7     58.5     48.2     19.8
    15     1    26     1    10     0     0     0    -8.0   23.283  119.927    249.8   1017.6    287.0    288.4      0.0    266.8     56.9     16.6     19.8
    16     1    26     1    10     0     0     0    -8.0   24.864  120.822    250.0   1019.6    286.6    288.2      0.0    882.7     60.1      0.0     19.8
    17     1    26     1    10     0     0     0    -8.0   24.874  120.981    250.0   1019.6    286.6    288.2      0.0    933.9     58.6      0.0     19.8
    18     1    26     1    10     0     0     0    -8.0   24.772  120.652    250.3   1019.6    286.8    288.4      0.0    848.4     62.4      0.0     19.8
    19     1    26     1    10     0     0     0    -8.0   24.183  120.378     11.0    987.4    286.9    285.8      0.0    693.2     70.3     11.9     19.8
    20     1    26     1    10     0     0     0    -8.0   24.652  120.779      7.3    989.2    286.8    285.9      0.0    869.7     67.7      8.5     19.8
    21     1    26     1    10     0     0     0    -8.0   23.790  120.193    119.2    975.6    287.7    285.7      0.0    454.0     67.9      0.0     19.8
    22     1    26     1    10     0     0     0    -8.0   23.259  120.005     17.0    986.3    287.5    286.4      0.0    238.1     58.5     28.7     19.8
    23     1    26     1    10     0     0     0    -8.0   23.392  120.084      0.0    986.9    287.3    286.2      0.0    394.9     65.2     37.3     19.8
    24     1    26     1    10     0     0     0    -8.0   23.261  119.930     40.5    984.3    288.2    286.9      0.0    253.5     59.0     16.9     19.8
    25     1    26     1    10     0     0     0    -8.0   24.909  120.986    227.5    964.4    286.8    283.9      0.0    913.0     74.8      0.0     19.8
    26     1    26     1    10     0     0     0    -8.0   24.907  121.232    289.7    955.9    286.9    283.2      0.0    931.2     76.6      8.1     19.8
    27     1    26     1    10     0     0     0    -8.0   24.772  120.728    172.3    970.8    286.7    284.3      0.0    851.0     74.4      0.0     19.8
     1     1    26     1     9    23     0     1    -9.0   24.218  120.400      0.6   1016.8    286.8    288.2      0.0    628.6     63.7     14.1     13.2
     2     1    26     1     9    23     0     1    -9.0   24.583  120.694      0.0   1018.9    286.8    288.4      0.0    834.7     61.4      0.0     13.2
     3     1    26     1     9    23     0     1    -9.0   24.016  120.259      0.0   1016.9    287.2    288.6      0.0    517.1     61.9      2.0     13.2
     4     1    26     1     9    23     0     1    -9.0   23.223  120.002      0.0   1016.6    285.9    287.3      0.0    208.4     57.8     25.9     13.2
     5     1    26     1     9    23     0     1    -9.0   23.233  120.075      1.2   1010.9    286.5    287.4      0.0    246.9     59.4     58.3     13.2
     6     1    26     1     9    23     0     1    -9.0   23.365  119.956      0.0   1017.1    286.5    287.9      0.0    244.2     57.9     19.3     13.2
     7     1    26     1     9    23     0     1    -9.0   25.082  120.988      0.0   1018.9    286.7    288.2      0.0    927.7     59.4      0.0     13.2
     8     1    26     1     9    23     0     1    -9.0   25.055  121.140      0.4   1019.1    286.5    288.1      0.0    931.5     57.9      0.0     13.2
     9     1    26     1     9    23     0     1    -9.0   25.021  120.817      3.3   1018.9    286.8    288.4      0.0    849.6     61.0      0.0     13.2
    10     1    26     1     9    23     0     1    -9.0   24.218  120.400    250.4   1016.8    286.8    288.2      0.0    628.6     63.7     14.1     13.2
    11     1    26     1     9    23     0     1    -9.0   24.583  120.694    250.0   1018.9    286.8    288.4      0.0    834.7     61.4      0.0     13.2
    12     1    26     1     9    23     0     1    -9.0   24.016  120.259    250.0   1016.9    287.2    288.6      0.0    517.1     61.9      2.0     13.2
    13     1    26     1     9    23     0     1    -9.0   23.223  120.002    249.8   1016.6    285.9    287.3      0.0    208.4     57.8     25.9     13.2
    14     1    26     1     9    23     0     1    -9.0   23.233  120.075    250.6   1010.9    286.5    287.4      0.0    246.9     59.4     58.3     13.2
    15     1    26     1     9    23     0     1    -9.0   23.365  119.956    249.8   1017.1    286.5    287.9      0.0    244.2     57.9     19.3     13.2
    16     1    26     1     9    23     0     1    -9.0   25.082  120.988    250.0   1018.9    286.7    288.2      0.0    927.7     59.4      0.0     13.2
    17     1    26     1     9    23     0     1    -9.0   25.055  121.140    250.4   1019.1    286.5    288.1      0.0    931.5     57.9      0.0     13.2
    18     1    26     1     9    23     0     1    -9.0   25.021  120.817    250.0   1018.9    286.8    288.4      0.0    849.6     61.0      0.0     13.2
    19     1    26     1     9    23     0     1    -9.0   24.476  120.542     37.9    982.4    287.0    285.6      0.0    708.2     69.6     29.7     13.2
    20     1    26     1     9    23     0     1    -9.0   24.847  120.978      6.8    987.8    286.9    285.9      0.0    806.7     67.0     13.0     13.2
    21     1    26     1     9    23     0     1    -9.0   24.041  120.272     80.6    978.8    287.5    285.7      0.0    518.6     69.7      4.5     13.2
    22     1    26     1     9    23     0     1    -9.0   23.415  120.046     20.0    981.7    287.9    286.4      0.0    243.6     61.1     48.2     13.2
    23     1    26     1     9    23     0     1    -9.0   23.605  120.153      0.0    986.4    287.1    286.0      0.0    394.3     65.2     25.6     13.2
    24     1    26     1     9    23     0     1    -9.0   23.364  119.956     38.3    984.1    288.2    286.9      0.0    243.5     58.3     19.3     13.2
    25     1    26     1     9    23     0     1    -9.0   25.105  121.194    277.2    956.7    286.9    283.3      0.0    831.8     76.2     10.6     13.2
    26     1    26     1     9    23     0     1    -9.0   25.039  121.436    301.5    955.4    287.1    283.4      0.0   1052.5     76.2      0.0     13.2
    27     1    26     1     9    23     0     1    -9.0   25.037  120.926    204.7    966.4    286.8    284.1      0.0    814.6     73.8      0.0     13.2
     1     1    26     1     9    22     0     2   -10.0   24.424  120.527      2.8   1015.0    286.9    288.1      0.0    618.0     63.0     27.7      6.6
     2     1    26     1     9    22     0     2   -10.0   24.765  120.838      0.6   1017.4    286.7    288.1      0.0    815.7     61.2      7.7      6.6
     3     1    26     1     9    22     0     2   -10.0   24.191  120.343      0.2   1016.0    286.8    288.1      0.0    458.7     62.0     11.5      6.6
     4     1    26     1     9    22     0     2   -10.0   23.306  120.032      4.9   1012.4    286.0    287.0      0.0    193.6     59.5     51.7      6.6
     5     1    26     1     9    22     0     2   -10.0   23.325  120.116     12.8   1009.1    286.4    287.1      0.0    225.8     60.2     67.5      6.6
     6     1    26     1     9    22     0     2   -10.0   23.454  119.987      0.0   1016.4    285.9    287.2      0.0    207.8     58.7     22.2      6.6
     7     1    26     1     9    22     0     2   -10.0   25.258  121.124      0.7   1018.3    286.6    288.1      0.0    910.0     58.5      0.0      6.6
     8     1    26     1     9    22     0     2   -10.0   25.212  121.269      0.4   1019.3    286.3    287.9      0.0    889.4     57.1      0.0      6.6
     9     1    26     1     9    22     0     2   -10.0   25.225  120.963      0.3   1018.3    286.8    288.2      0.0    898.7     60.4      0.0      6.6
    10     1    26     1     9    22     0     2   -10.0   24.424  120.527    252.5   1015.0    286.9    288.1      0.0    618.0     63.0     27.7      6.6
    11     1    26     1     9    22     0     2   -10.0   24.765  120.838    250.5   1017.4    286.7    288.1      0.0    815.7     61.2      7.7      6.6
    12     1    26     1     9    22     0     2   -10.0   24.191  120.343    250.1   1016.0    286.8    288.1      0.0    458.7     62.0     11.5      6.6
    13     1    26     1     9    22     0     2   -10.0   23.306  120.032    254.4   1012.4    286.0    287.0      0.0    193.6     59.5     51.7      6.6
    14     1    26     1     9    22     0     2   -10.0   23.324  120.116    262.2   1009.1    286.4    287.1      0.0    225.8     60.2     67.5      6.6
    15     1    26     1     9    22     0     2   -10.0   23.454  119.987    249.8   1016.4    285.9    287.2      0.0    207.8     58.7     22.2      6.6
    16     1    26     1     9    22     0     2   -10.0   25.258  121.124    250.7   1018.3    286.6    288.1      0.0    910.0     58.5      0.0      6.6
    17     1    26     1     9    22     0     2   -10.0   25.212  121.269    250.4   1019.3    286.3    287.9      0.0    889.4     57.1      0.0      6.6
    18     1    26     1     9    22     0     2   -10.0   25.225  120.963    250.0   1018.3    286.8    288.2      0.0    898.7     60.4      0.0      6.6
    19     1    26     1     9    22     0     2   -10.0   24.705  120.702     37.1    982.8    286.9    285.5      0.0    671.8     69.1     22.1      6.6
    20     1    26     1     9    22     0     2   -10.0   24.994  121.142      0.0    990.4    287.1    286.3      0.0    991.8     65.6      2.0      6.6
    21     1    26     1     9    22     0     2   -10.0   24.281  120.376     95.8    976.4    287.5    285.5      0.0    461.7     67.0     11.8      6.6
    22     1    26     1     9    22     0     2   -10.0   23.586  120.105     34.2    978.0    288.1    286.2      0.0    241.4     61.5     58.3      6.6
    23     1    26     1     9    22     0     2   -10.0   23.813  120.236     23.0    983.2    287.1    285.7      0.0    322.4     64.9     22.1      6.6
    24     1    26     1     9    22     0     2   -10.0   23.511  120.005     45.9    981.8    288.3    286.8      0.0    197.7     56.4     28.0      6.6
    25     1    26     1     9    22     0     2   -10.0   25.245  121.368    301.5    954.6    287.0    283.2      0.0    988.7     76.8      1.3      6.6
    26     1    26     1     9    22     0     2   -10.0   25.136  121.594    267.5    956.4    287.1    283.4      0.0    923.1     74.8     20.5      6.2
    27     1    26     1     9    22     0     2   -10.0   25.238  121.102    230.9    961.5    286.9    283.7      0.0    775.2     75.2     12.0      6.6
     1     1    26     1     9    21     0     3   -11.0   24.579  120.644     15.0   1010.0    286.2    287.1      0.0    498.7     63.7     59.8      0.0
     2     1    26     1     9    21     0     3   -11.0   24.914  120.948      2.7   1017.1    286.6    288.0      0.0    791.5     60.3      6.4      0.0
     3     1    26     1     9    21     0     3   -11.0   24.333  120.426      3.1   1015.3    286.2    287.5      0.0    348.1     62.1     16.5      0.0
     4     1    26     1     9    21     0     3   -11.0   23.392  120.076     28.0   1005.9    286.1    286.6      0.0    159.5     60.7     79.9      0.0
     5     1    26     1     9    21     0     3   -11.0   23.418  120.167     37.9   1005.7    286.3    286.8      0.0    170.8     60.6     64.9      0.0
     6     1    26     1     9    21     0     3   -11.0   23.541  120.022      3.9   1012.9    285.7    286.7      0.0    173.5     60.1     43.6      0.0
     7     1    26     1     9    21     0     3   -11.0   25.415  121.230      0.7   1019.0    286.3    287.9      0.0    868.0     57.8      0.0      0.0
     8     1    26     1     9    21     0     3   -11.0   25.350  121.363      0.4   1019.1    286.2    287.7      0.0    865.8     56.5      0.0      0.0
     9     1    26     1     9    21     0     3   -11.0   25.398  121.078      0.3   1017.4    286.5    287.9      0.0    834.4     59.6      3.0      0.0
    10     1    26     1     9    21     0     3   -11.0   24.579  120.644    264.4   1010.0    286.2    287.1      0.0    498.7     63.7     59.8      0.0
    11     1    26     1     9    21     0     3   -11.0   24.914  120.948    252.7   1017.1    286.6    288.0      0.0    791.5     60.3      6.4      0.0
    12     1    26     1     9    21     0     3   -11.0   24.333  120.426    252.9   1015.3    286.2    287.5      0.0    348.1     62.1     16.5      0.0
    13     1    26     1     9    21     0     3   -11.0   23.392  120.076    277.2   1005.9    286.1    286.6      0.0    159.5     60.7     79.9      0.0
    14     1    26     1     9    21     0     3   -11.0   23.418  120.167    287.2   1005.7    286.3    286.8      0.0    170.8     60.6     64.9      0.0
    15     1    26     1     9    21     0     3   -11.0   23.541  120.022    253.5   1012.9    285.7    286.7      0.0    173.5     60.1     43.6      0.0
    16     1    26     1     9    21     0     3   -11.0   25.415  121.230    250.7   1019.0    286.3    287.9      0.0    868.0     57.8      0.0      0.0
    17     1    26     1     9    21     0     3   -11.0   25.350  121.363    250.4   1019.1    286.2    287.7      0.0    865.8     56.5      0.0      0.0
    18     1    26     1     9    21     0     3   -11.0   25.398  121.078    250.1   1017.4    286.5    287.9      0.0    834.4     59.6      3.0      0.0
    19     1    26     1     9    21     0     3   -11.0   24.883  120.840     33.1    982.2    286.9    285.4      0.0    616.2     68.2     30.1      0.0
    20     1    26     1     9    21     0     3   -11.0   25.110  121.271      0.0    991.2    287.1    286.4      0.0    943.5     64.1      5.7      0.0
    21     1    26     1     9    21     0     3   -11.0   24.478  120.482    119.8    973.2    287.5    285.3      0.0    400.2     66.0     21.7      0.0
    22     1    26     1     9    21     0     3   -11.0   23.745  120.172     61.5    975.9    288.3    286.2      0.0    192.1     59.8     39.9      0.0
    23     1    26     1     9    21     0     3   -11.0   23.979  120.327     59.9    969.5    288.2    285.6      0.0    268.6     62.8    111.3      0.0
    24     1    26     1     9    21     0     3   -11.0   23.674  120.071     84.9    971.0    289.0    286.5      0.0    170.1     57.6     68.6      0.0
    25     1    26     1     9    21     0     3   -11.0   25.354  121.504    253.1    959.6    287.0    283.7      0.0    965.3     73.9      1.0      0.0
    26     1    26     1     9    21     0     3   -11.0   25.207  121.713    259.6    957.0    287.1    283.5      0.0    913.2     74.5     17.5      0.0
    27     1    26     1     9    21     0     3   -11.0   25.394  121.244    256.1    958.5    286.8    283.4      0.0    741.0     75.6      9.7      0.0
     1     1    26     1     9    20     0     2   -12.0   24.705  120.753     26.7   1012.2    286.5    287.5      0.0    517.7     62.0     30.9      0.0
     2     1    26     1     9    20     0     2   -12.0   25.060  121.037      2.6   1018.6    286.8    288.3      0.0    904.3     58.1      0.0      0.0
     3     1    26     1     9    20     0     2   -12.0   24.449  120.506      6.0   1014.4    286.2    287.4      0.0    335.3     62.3     30.3      0.0
     4     1    26     1     9    20     0     2   -12.0   23.488  120.132     66.5    999.3    286.6    286.6      0.0    142.8     59.6    100.9      0.0
     5     1    26     1     9    20     0     2   -12.0   23.510  120.220     60.1   1005.2    286.2    286.6      0.0    146.9     59.7     47.6      0.0
     6     1    26     1     9    20     0     2   -12.0   23.626  120.068     27.2   1007.0    286.1    286.7      0.0    169.7     60.2     75.7      0.0
     7     1    26     1     9    20     0     2   -12.0   25.557  121.307      0.6   1019.4    286.2    287.8      0.0    896.5     56.4      0.0      0.0
     8     1    26     1     9    20     0     2   -12.0   25.476  121.426      0.4   1019.6    286.1    287.7      0.0    913.8     55.3      0.0      0.0
     9     1    26     1     9    20     0     2   -12.0   25.552  121.168      0.3   1018.6    286.6    288.1      0.0    890.2     58.0      0.0      0.0
    10     1    26     1     9    20     0     2   -12.0   24.705  120.753    276.3   1012.2    286.5    287.5      0.0    517.7     62.0     30.9      0.0
    11     1    26     1     9    20     0     2   -12.0   25.060  121.037    252.6   1018.6    286.8    288.3      0.0    904.3     58.1      0.0      0.0
    12     1    26     1     9    20     0     2   -12.0   24.449  120.506    255.7   1014.4    286.2    287.4      0.0    335.3     62.3     30.3      0.0
    13     1    26     1     9    20     0     2   -12.0   23.488  120.132    315.5    999.3    286.6    286.6      0.0    142.8     59.6    100.9      0.0
    14     1    26     1     9    20     0     2   -12.0   23.510  120.220    309.7   1005.2    286.2    286.6      0.0    146.9     59.7     47.6      0.0
    15     1    26     1     9    20     0     2   -12.0   23.626  120.068    276.5   1007.0    286.1    286.7      0.0    169.7     60.2     75.7      0.0
    16     1    26     1     9    20     0     2   -12.0   25.557  121.307    250.6   1019.4    286.2    287.8      0.0    896.5     56.4      0.0      0.0
    17     1    26     1     9    20     0     2   -12.0   25.476  121.426    250.4   1019.6    286.1    287.7      0.0    913.8     55.3      0.0      0.0
    18     1    26     1     9    20     0     2   -12.0   25.552  121.168    250.1   1018.6    286.6    288.1      0.0    890.2     58.0      0.0      0.0
    19     1    26     1     9    20     0     2   -12.0   25.030  120.956     16.0    986.0    287.0    285.8      0.0    567.8     65.9     17.0      0.0
    20     1    26     1     9    20     0     2   -12.0   25.202  121.367      0.0    989.4    287.0    286.2      0.0    912.6     63.6     10.7      0.0
    21     1    26     1     9    20     0     2   -12.0   24.644  120.583    126.9    965.6    288.1    285.2      0.0    393.4     64.6     79.5      0.0
    22     1    26     1     9    20     0     2   -12.0   23.879  120.234    108.1    971.4    288.5    286.1      0.0    157.4     57.4     36.4      0.0
    23     1    26     1     9    20     0     2   -12.0   24.100  120.409     88.6    960.5    288.7    285.4      0.0    229.8     60.8    162.7      0.0
    24     1    26     1     9    20     0     2   -12.0   23.812  120.135    143.5    963.1    289.2    286.1      0.0    164.5     58.3     82.1      0.0
    25     1    26     1     9    20     0     2   -12.0   25.439  121.604    204.8    964.5    287.0    284.0      0.0    899.4     71.2     12.2      0.0
    26     1    26     1     9    20     0     2   -12.0   25.257  121.803    234.9    962.5    287.2    284.1      0.0   1050.9     70.9      0.0      0.0
    27     1    26     1     9    20     0     2   -12.0   25.519  121.359    258.4    959.8    286.9    283.6      0.0    912.1     74.0      0.0      0.0