    10     1
    GFSQ    26     1     1     0     0
    GFSQ    26     1     2     0     0
    GFSQ    26     1     3     0     0
    GFSQ    26     1     4     0     0
    GFSQ    26     1     5     0     0
    GFSQ    26     1     6     0     0
    GFSQ    26     1     7     0     0
    GFSQ    26     1     8     0     0
    GFSQ    26     1     9     0     0
    GFSQ    26     1    10     0     0
    27 BACKWARD OMEGA   
    26     1     9    12   22.711  120.310    10.0
    26     1     9    12   22.711  120.310    10.0
    26     1     9    12   22.711  120.310    10.0
    26     1     9    12   22.711  120.310    10.0
    26     1     9    12   22.711  120.310    10.0
    26     1     9    12   22.711  120.310    10.0
    26     1     9    12   22.711  120.310    10.0
    26     1     9    12   22.711  120.310    10.0
    26     1     9    12   22.711  120.310    10.0
    26     1     9    12   22.711  120.310    10.0
    26     1     9    12   22.711  120.310    10.0
    26     1     9    12   22.711  120.310    10.0
    26     1     9    12   22.711  120.310    10.0
    26     1     9    12   22.711  120.310    10.0
    26     1     9    12   22.711  120.310    10.0
    26     1     9    12   22.711  120.310    10.0
    26     1     9    12   22.711  120.310    10.0
    26     1     9    12   22.711  120.310    10.0
    26     1     9    12   22.711  120.310    10.0
    26     1     9    12   22.711  120.310    10.0
    26     1     9    12   22.711  120.310    10.0
    26     1     9    12   22.711  120.310    10.0
    26     1     9    12   22.711  120.310    10.0
    26     1     9    12   22.711  120.310    10.0
    26     1     9    12   22.711  120.310    10.0
    26     1     9    12   22.711  120.310    10.0
    26     1     9    12   22.711  120.310    10.0
     8 PRESSURE THETA    AIR_TEMP RAINFALL MIXDEPTH RELHUMID TERR_MSL SUN_FLUX
     1     1    26     1     9    12     0     0     0.0   22.711  120.310     10.0   1015.6    289.7    291.0      0.0    343.3     48.1     34.8    174.2
     2     1    26     1     9    12     0     0     0.0   22.711  120.310     10.0   1014.1    288.5    289.7      0.0    315.8     50.9     51.7     75.3
     3     1    26     1     9    12     0     0     0.0   22.711  120.310     10.0   1017.4    290.5    292.0      0.0    590.2     53.9     11.2    155.6
     4     1    26     1     9    12     0     0     0.0   22.711  120.310     10.0    984.2    290.1    288.8      0.0    164.8     58.5    288.6    173.8
     5     1    26     1     9    12     0     0     0.0   22.711  120.310     10.0    974.4    289.1    286.9      0.0     41.5     62.3    381.9     91.4
     6     1    26     1     9    12     0     0     0.0   22.711  120.310     10.0    997.3    290.3    290.1      0.0    442.5     63.8    194.3    145.0
     7     1    26     1     9    12     0     0     0.0   22.711  120.310     10.0   1019.7    289.6    291.2      0.0    683.4     55.5      4.7    140.8
     8     1    26     1     9    12     0     0     0.0   22.711  120.310     10.0   1019.7    288.8    290.4      0.0    655.2     58.1      5.6     62.2
     9     1    26     1     9    12     0     0     0.0   22.711  120.310     10.0   1019.7    290.4    292.0      0.0    793.5     55.4      0.0    173.4
    10     1    26     1     9    12     0     0     0.0   22.711  120.310     10.0   1015.6    289.7    291.0      0.0    343.3     48.1     34.8    174.2
    11     1    26     1     9    12     0     0     0.0   22.711  120.310     10.0   1014.1    288.5    289.7      0.0    315.8     50.9     51.7     75.3
    12     1    26     1     9    12     0     0     0.0   22.711  120.310     10.0   1017.4    290.5    292.0      0.0    590.2     53.9     11.2    155.6
    13     1    26     1     9    12     0     0     0.0   22.711  120.310     10.0    984.3    290.1    288.8      0.0    164.8     58.5    288.6    173.8
    14     1    26     1     9    12     0     0     0.0   22.711  120.310     10.0    974.4    289.1    286.9      0.0     41.5     62.3    381.9     91.4
    15     1    26     1     9    12     0     0     0.0   22.711  120.310     10.0    997.3    290.3    290.1      0.0    442.5     63.8    194.3    145.0
    16     1    26     1     9    12     0     0     0.0   22.711  120.310     10.0   1019.7    289.6    291.2      0.0    683.4     55.5      4.7    140.8
    17     1    26     1     9    12     0     0     0.0   22.711  120.310     10.0   1019.7    288.8    290.4      0.0    655.2     58.1      5.6     62.2
    18     1    26     1     9    12     0     0     0.0   22.711  120.310     10.0   1019.7    290.4    292.0      0.0    793.5     55.4      0.0    173.4
    19     1    26     1     9    12     0     0     0.0   22.711  120.310     10.0    986.2    290.0    288.8      0.0    343.3     52.3     34.8    174.2
    20     1    26     1     9    12     0     0     0.0   22.711  120.310     10.0    984.7    289.1    287.9      0.0    315.8     54.5     51.7     75.3
    21     1    26     1     9    12     0     0     0.0   22.711  120.310     10.0    988.0    290.5    289.5      0.0    590.2     60.2     11.2    155.6
    22     1    26     1     9    12     0     0     0.0   22.711  120.310     10.0    955.9    291.2    287.4      0.0    164.8     60.3    288.6    173.8
    23     1    26     1     9    12     0     0     0.0   22.711  120.310     10.0    946.3    291.4    286.7      0.0     41.5     58.2    381.9     91.4
    24     1    26     1     9    12     0     0     0.0   22.711  120.310     10.0    968.6    290.7    288.1      0.0    442.5     68.8    194.3    145.0
    25     1    26     1     9    12     0     0     0.0   22.711  120.310     10.0    990.2    289.5    288.6      0.0    683.4     60.5      4.7    140.8
    26     1    26     1     9    12     0     0     0.0   22.711  120.310     10.0    990.1    288.6    287.8      0.0    655.2     63.5      5.6     62.2
    27     1    26     1     9    12     0     0     0.0   22.711  120.310     10.0    990.3    290.2    289.4      0.0    793.5     61.0      0.0    173.4
     1     1    26     1     9    11     0     1    -1.0   22.791  120.320     21.6   1012.7    289.7    290.8      0.0    372.1     48.2     44.2    209.6
     2     1    26     1     9    11     0     1    -1.0   22.808  120.323     22.9   1009.6    288.8    289.5      0.0    326.9     51.2     72.0     73.2
     3     1    26     1     9    11     0     1    -1.0   22.744  120.331     16.0   1016.0    290.4    291.7      0.0    546.4     55.1     17.4    201.2
     4     1    26     1     9    11     0     1    -1.0   22.733  120.325     79.2    969.2    291.1    288.4      0.0    213.8     58.2    349.8    234.5
     5     1    26     1     9    11     0     1    -1.0   22.746  120.318     74.6    961.4    290.4    287.0      0.0     44.6     60.5    429.0    101.1
     6     1    26     1     9    11     0     1    -1.0   22.702  120.337     53.1    984.7    290.7    289.3      0.0    462.4     65.8    254.0    192.9
     7     1    26     1     9    11     0     1    -1.0   22.912  120.343      7.9   1018.8    289.1    290.7      0.0    636.1     55.5      8.7    108.4
     8     1    26     1     9    11     0     1    -1.0   22.939  120.352      9.2   1018.7    288.6    290.1      0.0    634.6     57.3      9.6     90.8
     9     1    26     1     9    11     0     1    -1.0   22.864  120.339      7.3   1019.0    290.0    291.5      0.0    688.8     55.4      3.8    208.8
    10     1    26     1     9    11     0     1    -1.0   22.789  120.319    262.0   1013.8    289.7    290.9      0.0    372.9     48.0     43.9    210.7
    11     1    26     1     9    11     0     1    -1.0   22.803  120.323    262.3   1010.9    288.7    289.6      0.0    327.3     51.1     70.6     73.4
    12     1    26     1     9    11     0     1    -1.0   22.744  120.331    255.9   1016.7    290.4    291.8      0.0    546.3     55.0     17.5    201.2
    13     1    26     1     9    11     0     1    -1.0   22.733  120.325    319.2    969.8    291.0    288.4      0.0    213.6     58.2    350.9    234.5
    14     1    26     1     9    11     0     1    -1.0   22.745  120.319    315.1    961.5    290.4    287.0      0.0     45.0     60.6    434.0    101.2
    15     1    26     1     9    11     0     1    -1.0   22.702  120.336    291.3    986.0    290.6    289.4      0.0    463.4     65.5    252.2    192.9
    16     1    26     1     9    11     0     1    -1.0   22.912  120.343    249.9   1018.8    289.1    290.7      0.0    636.1     55.5      8.7    108.4
    17     1    26     1     9    11     0     1    -1.0   22.939  120.352    249.9   1018.7    288.6    290.1      0.0    634.6     57.3      9.6     90.8
    18     1    26     1     9    11     0     1    -1.0   22.864  120.339    250.0   1019.0    290.0    291.5      0.0    688.8     55.4      3.8    208.8
    19     1    26     1     9    11     0     1    -1.0   22.799  120.325      5.2    985.0    290.0    288.7      0.0    365.0     52.4     46.5    204.2
    20     1    26     1     9    11     0     1    -1.0   22.861  120.329      9.7    980.4    289.3    287.7      0.0    325.9     55.0     86.7     70.2
    21     1    26     1     9    11     0     1    -1.0   22.737  120.331      0.0    990.0    290.3    289.5      0.0    550.7     61.2     16.9    201.3
    22     1    26     1     9    11     0     1    -1.0   22.723  120.317      9.1    952.8    291.5    287.4      0.0    227.8     60.3    316.9    232.3
    23     1    26     1     9    11     0     1    -1.0   22.749  120.305     14.4    946.0    291.3    286.6      0.0     40.5     58.7    377.6    101.1
    24     1    26     1     9    11     0     1    -1.0   22.702  120.335      0.0    963.8    290.9    287.8      0.0    464.5     70.0    248.8    192.7
    25     1    26     1     9    11     0     1    -1.0   22.920  120.355      0.0    990.5    289.0    288.2      0.0    621.4     60.2      9.8    105.6
    26     1    26     1     9    11     0     1    -1.0   22.966  120.366      7.2    989.4    288.4    287.6      0.0    622.3     62.3     10.9     91.1
    27     1    26     1     9    11     0     1    -1.0   22.860  120.346      0.0    991.8    289.8    289.1      0.0    682.3     60.3      3.9    210.0
     1     1    26     1     9    10     0     2    -2.0   22.874  120.319     27.4   1010.9    289.7    290.6      0.0    408.2     48.8     49.8    195.9
     2     1    26     1     9    10     0     2    -2.0   22.899  120.330     20.4   1006.9    289.3    289.9      0.0    337.6     49.9     94.7     85.5
     3     1    26     1     9    10     0     2    -2.0   22.788  120.317     14.9   1015.8    290.3    291.6      0.0    517.0     55.4     18.7    258.0
     4     1    26     1     9    10     0     2    -2.0   22.768  120.321     85.1    968.6    291.4    288.7      0.0    268.5     56.8    348.1    284.2
     5     1    26     1     9    10     0     2    -2.0   22.778  120.312     81.6    961.2    290.4    287.1      0.0     54.2     60.4    421.9    120.0
     6     1    26     1     9    10     0     2    -2.0   22.702  120.341     41.6    984.6    290.9    289.6      0.0    511.2     64.3    262.9    239.9
     7     1    26     1     9    10     0     2    -2.0   23.106  120.369      6.7   1018.0    289.0    290.5      0.0    625.4     54.4     11.2     97.0
     8     1    26     1     9    10     0     2    -2.0   23.163  120.393      5.2   1018.3    288.5    290.0      0.0    633.9     55.8      4.6    211.5
     9     1    26     1     9    10     0     2    -2.0   23.038  120.350      5.8   1018.1    289.7    291.2      0.0    658.2     54.4      9.4    214.3
    10     1    26     1     9    10     0     2    -2.0   22.869  120.318    268.1   1012.0    289.7    290.7      0.0    411.9     48.5     49.0    199.4
    11     1    26     1     9    10     0     2    -2.0   22.887  120.328    261.5   1008.2    289.3    290.0      0.0    338.9     49.8     91.1     86.3
    12     1    26     1     9    10     0     2    -2.0   22.788  120.317    254.9   1016.4    290.3    291.7      0.0    517.0     55.3     18.8    258.0
    13     1    26     1     9    10     0     2    -2.0   22.768  120.321    327.3    968.8    291.4    288.7      0.0    268.1     56.8    350.5    284.2
    14     1    26     1     9    10     0     2    -2.0   22.777  120.314    322.7    960.9    290.5    287.1      0.0     54.9     60.6    429.2    119.9
    15     1    26     1     9    10     0     2    -2.0   22.701  120.339    281.8    985.9    290.9    289.7      0.0    512.4     64.1    259.4    239.8
    16     1    26     1     9    10     0     2    -2.0   23.106  120.369    249.9   1018.0    289.0    290.5      0.0    625.4     54.4     11.2     97.0
    17     1    26     1     9    10     0     2    -2.0   23.163  120.393    250.0   1018.3    288.5    290.0      0.0    633.9     55.8      4.6    211.5
    18     1    26     1     9    10     0     2    -2.0   23.038  120.350    249.9   1018.1    289.7    291.2      0.0    658.2     54.4      9.4    214.3
    19     1    26     1     9    10     0     2    -2.0   22.894  120.326      3.6    983.9    289.8    288.5      0.0    388.9     53.0     53.9    180.3
    20     1    26     1     9    10     0     2    -2.0   22.995  120.346      0.0    978.2    289.9    288.1      0.0    315.6     53.2    133.4     78.4
    21     1    26     1     9    10     0     2    -2.0   22.775  120.318      0.0    990.5    290.2    289.4      0.0    519.7     61.8     17.6    255.6
    22     1    26     1     9    10     0     2    -2.0   22.748  120.311      0.0    956.5    291.6    287.8      0.0    293.4     58.6    304.4    295.5
    23     1    26     1     9    10     0     2    -2.0   22.787  120.297     26.5    945.5    291.1    286.4      0.0     49.1     59.2    367.1    120.7
    24     1    26     1     9    10     0     2    -2.0   22.705  120.341      0.0    963.9    291.0    287.9      0.0    509.3     69.2    265.3    239.7
    25     1    26     1     9    10     0     2    -2.0   23.133  120.389      1.2    989.3    289.0    288.1      0.0    602.6     58.5     13.0     97.4
    26     1    26     1     9    10     0     2    -2.0   23.232  120.426      0.0    990.2    288.1    287.3      0.0    628.4     61.2      1.2    251.9
    27     1    26     1     9    10     0     2    -2.0   23.031  120.365      0.0    990.6    289.5    288.8      0.0    644.7     58.7     10.7    223.2
     1     1    26     1     9     9     0     3    -3.0   22.946  120.312     27.7   1010.2    289.7    290.5      0.0    417.5     48.3     51.5    165.0
     2     1    26     1     9     9     0     3    -3.0   22.967  120.331      3.1   1005.9    290.1    290.5      0.0    340.3     47.8    110.5     97.3
     3     1    26     1     9     9     0     3    -3.0   22.855  120.279     10.0   1016.5    290.2    291.6      0.0    535.1     54.2     16.7    326.6
     4     1    26     1     9     9     0     3    -3.0   22.815  120.301     50.2    978.5    291.2    289.4      0.0    299.8     55.0    294.0    301.5
     5     1    26     1     9     9     0     3    -3.0   22.806  120.300     56.8    967.2    290.2    287.4      0.0     61.2     60.0    390.7    141.0
     6     1    26     1     9     9     0     3    -3.0   22.704  120.310      0.0    996.2    291.2    290.8      0.0    558.7     60.5    190.8    282.6
     7     1    26     1     9     9     0     3    -3.0   23.291  120.394      0.0   1017.3    289.4    290.8      0.0    607.4     52.0     11.2    164.1
     8     1    26     1     9     9     0     3    -3.0   23.410  120.438      4.4   1018.3    288.0    289.5      0.0    687.1     56.7      0.0    314.4
     9     1    26     1     9     9     0     3    -3.0   23.219  120.357      5.5   1017.4    289.3    290.8      0.0    672.0     54.0     10.0    120.5
    10     1    26     1     9     9     0     3    -3.0   22.939  120.310    267.9   1011.4    289.7    290.6      0.0    425.2     48.0     50.4    171.4
    11     1    26     1     9     9     0     3    -3.0   22.953  120.330    248.9   1006.4    290.0    290.5      0.0    343.1     47.8    105.8     98.5
    12     1    26     1     9     9     0     3    -3.0   22.855  120.280    249.9   1016.5    290.2    291.6      0.0    534.9     54.2     16.8    326.5
    13     1    26     1     9     9     0     3    -3.0   22.815  120.302    293.4    978.7    291.3    289.4      0.0    300.0     55.0    296.8    301.8
    14     1    26     1     9     9     0     3    -3.0   22.804  120.303    295.1    967.2    290.3    287.4      0.0     62.2     60.1    398.5    140.9
    15     1    26     1     9     9     0     3    -3.0   22.703  120.309    248.1    996.7    291.2    290.9      0.0    558.7     60.5    186.6    282.5
    16     1    26     1     9     9     0     3    -3.0   23.291  120.394    249.9   1017.3    289.4    290.8      0.0    607.4     52.0     11.2    164.1
    17     1    26     1     9     9     0     3    -3.0   23.410  120.438    250.0   1018.3    288.0    289.5      0.0    687.1     56.7      0.0    314.4
    18     1    26     1     9     9     0     3    -3.0   23.219  120.357    249.9   1017.4    289.3    290.8      0.0    672.0     54.0     10.0    120.5
    19     1    26     1     9     9     0     3    -3.0   22.981  120.311     11.1    982.6    289.7    288.3      0.0    391.0     52.3     53.7    131.4
    20     1    26     1     9     9     0     3    -3.0   23.126  120.356      0.0    983.0    290.0    288.6      0.0    375.0     51.2    111.1    200.3
    21     1    26     1     9     9     0     3    -3.0   22.838  120.281      0.0    989.3    290.0    289.1      0.0    528.0     61.6     15.5    323.2
    22     1    26     1     9     9     0     3    -3.0   22.787  120.294      0.0    962.6    291.5    288.2      0.0    340.2     57.3    256.6    324.6
    23     1    26     1     9     9     0     3    -3.0   22.825  120.286     43.0    945.7    291.0    286.3      0.0     54.1     59.7    345.8    139.4
    24     1    26     1     9     9     0     3    -3.0   22.713  120.320      0.0    970.6    291.1    288.6      0.0    558.3     66.4    220.3    282.8
    25     1    26     1     9     9     0     3    -3.0   23.344  120.427      0.0    992.4    289.2    288.6      0.0    595.0     54.8     10.4    193.8
    26     1    26     1     9     9     0     3    -3.0   23.535  120.505     28.4    986.3    287.5    286.3      0.0    674.6     65.2      1.0    304.7
    27     1    26     1     9     9     0     3    -3.0   23.212  120.375      9.2    987.9    289.3    288.3      0.0    651.6     58.7     11.7    127.7
     1     1    26     1     9     8     0     2    -4.0   23.001  120.308     25.8   1010.3    289.2    290.1      0.0    424.8     48.3     53.1    140.3
     2     1    26     1     9     8     0     2    -4.0   23.025  120.334      0.0   1005.7    289.9    290.3      0.0    426.9     47.4    113.9    155.5
     3     1    26     1     9     8     0     2    -4.0   22.938  120.232      7.2   1017.0    289.9    291.3      0.0    578.0     51.9     16.4    349.8
     4     1    26     1     9     8     0     2    -4.0   22.863  120.280      7.3    989.5    290.8    289.8      0.0    363.5     53.2    232.7    267.4
     5     1    26     1     9     8     0     2    -4.0   22.830  120.291     15.3    974.8    290.0    287.8      0.0    140.4     58.9    365.7    150.8
     6     1    26     1     9     8     0     2    -4.0   22.717  120.241      0.0   1012.6    291.2    292.2      0.0    691.2     55.5     46.4    346.8
     7     1    26     1     9     8     0     2    -4.0   23.495  120.422      0.0   1017.9    288.7    290.2      0.0    733.2     51.8      0.3    345.0
     8     1    26     1     9     8     0     2    -4.0   23.686  120.512      3.2   1018.1    287.3    288.8      0.0    710.5     58.3      1.5    370.2
     9     1    26     1     9     8     0     2    -4.0   23.392  120.370      2.6   1017.4    289.2    290.6      0.0    674.7     52.2     11.3    165.6
    10     1    26     1     9     8     0     2    -4.0   22.992  120.306    265.7   1011.7    289.3    290.2      0.0    432.5     48.0     51.5    146.6
    11     1    26     1     9     8     0     2    -4.0   23.009  120.332    248.8   1005.5    289.9    290.3      0.0    417.8     47.4    116.0    144.2
    12     1    26     1     9     8     0     2    -4.0   22.938  120.233    249.8   1017.0    289.9    291.3      0.0    577.7     51.9     16.4    350.0
    13     1    26     1     9     8     0     2    -4.0   22.862  120.281    250.7    989.2    290.8    289.8      0.0    365.1     53.2    235.4    268.3
    14     1    26     1     9     8     0     2    -4.0   22.827  120.293    250.9    974.7    290.0    287.8      0.0    141.7     58.9    371.9    151.2
    15     1    26     1     9     8     0     2    -4.0   22.717  120.239    249.5   1012.6    291.2    292.2      0.0    689.9     55.6     45.9    347.1
    16     1    26     1     9     8     0     2    -4.0   23.495  120.422    250.0   1017.9    288.7    290.2      0.0    733.2     51.8      0.3    345.0
    17     1    26     1     9     8     0     2    -4.0   23.686  120.512    250.0   1018.1    287.3    288.8      0.0    710.5     58.3      1.5    370.2
    18     1    26     1     9     8     0     2    -4.0   23.392  120.370    249.9   1017.4    289.2    290.6      0.0    674.7     52.2     11.3    165.6
    19     1    26     1     9     8     0     2    -4.0   23.055  120.298      9.2    983.0    289.5    288.1      0.0    446.8     52.0     55.0    139.6
    20     1    26     1     9     8     0     2    -4.0   23.279  120.358      0.0    986.7    289.5    288.4      0.0    575.1     50.8     72.5    315.5
    21     1    26     1     9     8     0     2    -4.0   22.919  120.236      5.1    988.3    289.6    288.6      0.0    567.8     59.6     15.0    354.1
    22     1    26     1     9     8     0     2    -4.0   22.834  120.274      0.0    967.2    291.0    288.2      0.0    408.9     56.3    200.7    289.7
    23     1    26     1     9     8     0     2    -4.0   22.862  120.281     71.4    942.5    290.9    285.9      0.0    129.0     60.5    348.0    146.4
    24     1    26     1     9     8     0     2    -4.0   22.731  120.268      0.0    984.3    291.1    289.8      0.0    696.6     61.0     96.3    345.9
    25     1    26     1     9     8     0     2    -4.0   23.588  120.472      0.0    990.1    288.3    287.5      0.0    734.8     57.5      0.0    352.3
    26     1    26     1     9     8     0     2    -4.0   23.861  120.618     58.1    981.6    287.1    285.6      0.0    691.5     63.2     11.1    372.2
    27     1    26     1     9     8     0     2    -4.0   23.384  120.390      8.6    988.0    289.1    288.1      0.0    653.6     56.3     13.2    160.1
     1     1    26     1     9     7     0     1    -5.0   23.050  120.315     23.9   1009.4    289.1    289.9      0.0    471.2     48.2     64.7    171.9
     2     1    26     1     9     7     0     1    -5.0   23.092  120.337      0.0   1006.9    289.7    290.2      0.0    555.1     46.4    101.6    233.4
     3     1    26     1     9     7     0     1    -5.0   23.026  120.188      1.5   1017.0    289.4    290.8      0.0    604.2     51.0     17.6    307.7
     4     1    26     1     9     7     0     1    -5.0   22.906  120.272      0.0    991.7    290.3    289.6      0.0    414.1     53.1    211.4    236.6
     5     1    26     1     9     7     0     1    -5.0   22.854  120.288      0.0    975.2    289.9    287.8      0.0    213.2     58.1    369.3    162.2
     6     1    26     1     9     7     0     1    -5.0   22.756  120.147      0.0   1014.1    290.5    291.7      0.0    699.8     56.4     33.3    433.4
     7     1    26     1     9     7     0     1    -5.0   23.733  120.466      0.0   1018.4    288.0    289.5      0.0    809.0     53.3      0.0    436.0
     8     1    26     1     9     7     0     1    -5.0   24.001  120.623      0.0   1017.5    286.9    288.3      0.0    712.5     56.2     11.5    498.2
     9     1    26     1     9     7     0     1    -5.0   23.561  120.396      0.0   1017.4    289.0    290.5      0.0    749.7     50.1     10.3    268.7
    10     1    26     1     9     7     0     1    -5.0   23.038  120.312    265.2   1010.7    289.2    290.0      0.0    471.7     48.0     61.3    171.3
    11     1    26     1     9     7     0     1    -5.0   23.071  120.336    248.9   1006.5    289.7    290.2      0.0    537.8     46.7    105.9    221.5
    12     1    26     1     9     7     0     1    -5.0   23.025  120.189    249.8   1017.0    289.4    290.8      0.0    604.0     51.0     17.7    308.1
    13     1    26     1     9     7     0     1    -5.0   22.905  120.272    247.9    991.5    290.4    289.6      0.0    416.1     53.1    213.5    237.6
    14     1    26     1     9     7     0     1    -5.0   22.851  120.290    246.3    974.6    290.0    287.8      0.0    215.0     58.1    374.6    162.7
    15     1    26     1     9     7     0     1    -5.0   22.756  120.145    249.7   1014.1    290.5    291.7      0.0    697.4     56.5     32.9    433.6
    16     1    26     1     9     7     0     1    -5.0   23.733  120.466    250.0   1018.4    288.0    289.5      0.0    809.0     53.3      0.0    436.0
    17     1    26     1     9     7     0     1    -5.0   24.001  120.623    249.9   1017.5    286.9    288.3      0.0    712.5     56.2     11.5    498.2
    18     1    26     1     9     7     0     1    -5.0   23.561  120.396    249.9   1017.4    289.0    290.5      0.0    749.7     50.1     10.3    268.7
    19     1    26     1     9     7     0     1    -5.0   23.127  120.303      0.0    984.6    289.3    288.1      0.0    509.0     51.6     67.8    178.7
    20     1    26     1     9     7     0     1    -5.0   23.446  120.375      0.0    986.9    289.0    287.9      0.0    795.8     52.3     41.6    386.4
    21     1    26     1     9     7     0     1    -5.0   23.005  120.198     15.1    986.9    289.3    288.2      0.0    599.9     58.2     18.5    322.1
    22     1    26     1     9     7     0     1    -5.0   22.880  120.267      6.1    966.4    290.5    287.7      0.0    456.9     57.2    184.7    255.4
    23     1    26     1     9     7     0     1    -5.0   22.895  120.289    121.2    931.9    291.2    285.3      0.0    195.3     61.5    397.4    160.9
    24     1    26     1     9     7     0     1    -5.0   22.770  120.185      0.0    988.0    290.6    289.6      0.0    748.8     60.5     43.4    425.0
    25     1    26     1     9     7     0     1    -5.0   23.871  120.551     11.9    987.4    287.6    286.6      0.0    786.0     59.3      8.1    451.5
    26     1    26     1     9     7     0     1    -5.0   24.198  120.777    144.7    970.4    286.6    284.2      0.0    774.5     63.9     24.2    509.1
    27     1    26     1     9     7     0     1    -5.0   23.556  120.423      0.0    992.3    289.0    288.4      0.0    734.3     52.8     12.6    257.3
     1     1    26     1     9     6     0     0    -6.0   23.096  120.328     24.3   1007.4    289.0    289.6      0.0    520.2     48.4     82.7    206.0
     2     1    26     1     9     6     0     0    -6.0   23.163  120.341      0.0   1008.0    289.7    290.4      0.0    704.8     44.6     88.6    293.7
     3     1    26     1     9     6     0     0    -6.0   23.112  120.156      0.0   1017.4    288.9    290.4      0.0    622.8     51.2     14.6    268.4
     4     1    26     1     9     6     0     0    -6.0   22.946  120.275      0.0    988.7    290.1    289.1      0.0    457.1     53.8    238.5    209.6
     5     1    26     1     9     6     0     0    -6.0   22.881  120.291      0.0    972.5    290.0    287.6      0.0    276.5     57.7    395.9    178.9
     6     1    26     1     9     6     0     0    -6.0   22.823  120.050      0.0   1016.2    289.4    290.7      0.0    594.8     58.2     18.4    463.8
     7     1    26     1     9     6     0     0    -6.0   24.025  120.547      0.0   1017.9    287.3    288.8      0.0    788.2     54.5      4.4    599.1
     8     1    26     1     9     6     0     0    -6.0   24.320  120.763      0.0   1018.4    286.2    287.7      0.0    848.6     55.0      5.8    600.4
     9     1    26     1     9     6     0     0    -6.0   23.741  120.430      0.0   1017.2    289.4    290.8      0.0    896.5     46.9      0.6    400.9
    10     1    26     1     9     6     0     0    -6.0   23.083  120.325    267.0   1008.7    289.0    289.8      0.0    520.5     48.2     77.7    205.1
    11     1    26     1     9     6     0     0    -6.0   23.138  120.341    249.1   1007.4    289.7    290.3      0.0    678.3     45.1     94.9    282.5
    12     1    26     1     9     6     0     0    -6.0   23.111  120.156    249.9   1017.4    288.9    290.4      0.0    622.5     51.2     14.6    268.7
    13     1    26     1     9     6     0     0    -6.0   22.945  120.276    247.6    988.6    290.1    289.1      0.0    459.1     53.7    239.7    210.6
    14     1    26     1     9     6     0     0    -6.0   22.878  120.292    246.0    971.9    290.0    287.6      0.0    278.8     57.8    400.7    179.5
    15     1    26     1     9     6     0     0    -6.0   22.823  120.048    249.8   1016.3    289.3    290.7      0.0    592.0     58.3     18.0    463.6
    16     1    26     1     9     6     0     0    -6.0   24.025  120.547    250.0   1017.9    287.3    288.8      0.0    788.2     54.5      4.4    599.1
    17     1    26     1     9     6     0     0    -6.0   24.320  120.763    249.9   1018.4    286.2    287.7      0.0    848.6     55.0      5.8    600.4
    18     1    26     1     9     6     0     0    -6.0   23.741  120.430    250.0   1017.2    289.4    290.8      0.0    896.5     46.9      0.6    400.9
    19     1    26     1     9     6     0     0    -6.0   23.192  120.319      0.0    981.2    289.1    287.6      0.0    566.3     52.4     92.6    222.0
    20     1    26     1     9     6     0     0    -6.0   23.620  120.408      0.0    988.4    288.8    287.9      0.0    951.7     51.0     25.2    520.6
    21     1    26     1     9     6     0     0    -6.0   23.089  120.168     16.1    987.1    288.7    287.6      0.0    609.9     58.5     15.7    279.9
    22     1    26     1     9     6     0     0    -6.0   22.923  120.275     48.7    956.8    290.4    286.7      0.0    499.6     59.5    228.5    227.5
    23     1    26     1     9     6     0     0    -6.0   22.917  120.302    200.4    916.3    292.0    284.7      0.0    259.5     62.2    464.3    186.2
    24     1    26     1     9     6     0     0    -6.0   22.830  120.099      2.9    985.8    289.6    288.4      0.0    679.8     62.9     30.5    458.0
    25     1    26     1     9     6     0     0    -6.0   24.184  120.661     19.5    986.2    287.2    286.1      0.0    788.8     56.7     15.1    599.1
    26     1    26     1     9     6     0     0    -6.0   24.483  120.957    245.8    960.6    286.3    283.1      0.0    885.9     64.0      8.4    600.4
    27     1    26     1     9     6     0     0    -6.0   23.730  120.462      0.0    991.2    289.2    288.5      0.0    905.4     50.3      1.6    382.0
     1     1    26     1     9     5     0     1    -7.0   23.144  120.340     23.4   1006.3    288.6    289.1      0.0    479.7     48.3    102.3    203.9
     2     1    26     1     9     5     0     1    -7.0   23.237  120.344      0.0   1010.7    289.3    290.2      0.0    727.5     43.4     72.5    325.1
     3     1    26     1     9     5     0     1    -7.0   23.207  120.146      0.0   1018.2    288.4    289.9      0.0    613.8     49.8     13.7    187.1
     4     1    26     1     9     5     0     1    -7.0   22.982  120.279      0.0    986.8    289.4    288.3      0.0    341.8     55.2    264.9    171.5
     5     1    26     1     9     5     0     1    -7.0   22.905  120.287      0.0    973.4    289.8    287.5      0.0    288.0     57.2    395.7    185.8
     6     1    26     1     9     5     0     1    -7.0   22.890  119.963      0.0   1018.4    288.7    290.2      0.0    574.6     56.8     11.1    347.1
     7     1    26     1     9     5     0     1    -7.0   24.349  120.675      0.0   1018.6    286.4    287.9      0.0    791.2     53.7      9.9    565.8
     8     1    26     1     9     5     0     1    -7.0   24.608  120.938      0.0   1020.5    285.7    287.4      0.0    992.5     53.3      0.0    565.8
     9     1    26     1     9     5     0     1    -7.0   23.952  120.475      0.0   1019.2    288.0    289.6      0.0    834.0     49.1      0.0    450.7
    10     1    26     1     9     5     0     1    -7.0   23.129  120.336    267.0   1007.6    288.6    289.2      0.0    479.5     48.1     96.0    201.0
    11     1    26     1     9     5     0     1    -7.0   23.208  120.345    249.2   1010.0    289.2    290.1      0.0    699.9     43.9     80.1    313.2
    12     1    26     1     9     5     0     1    -7.0   23.206  120.146    249.9   1018.2    288.4    289.9      0.0    613.7     49.8     13.7    187.3
    13     1    26     1     9     5     0     1    -7.0   22.981  120.279    247.3    986.7    289.4    288.3      0.0    343.5     55.1    265.3    172.1
    14     1    26     1     9     5     0     1    -7.0   22.902  120.288    246.0    972.9    289.8    287.5      0.0    289.2     57.3    400.2    186.1
    15     1    26     1     9     5     0     1    -7.0   22.890  119.961    249.9   1018.4    288.7    290.2      0.0    575.2     56.8     11.1    346.6
    16     1    26     1     9     5     0     1    -7.0   24.349  120.675    249.9   1018.6    286.4    287.9      0.0    791.2     53.7      9.9    565.8
    17     1    26     1     9     5     0     1    -7.0   24.608  120.938    250.0   1020.5    285.7    287.4      0.0    992.5     53.3      0.0    565.8
    18     1    26     1     9     5     0     1    -7.0   23.952  120.475    250.0   1019.2    288.0    289.6      0.0    834.0     49.1      0.0    450.7
    19     1    26     1     9     5     0     1    -7.0   23.257  120.334      2.1    978.3    288.8    286.9      0.0    529.5     53.0    118.3    235.1
    20     1    26     1     9     5     0     1    -7.0   23.846  120.471      0.0    989.4    287.8    286.9      0.0    837.2     50.9     20.7    561.4
    21     1    26     1     9     5     0     1    -7.0   23.177  120.156      5.4    989.1    288.1    287.2      0.0    601.0     56.4     14.6    198.0
    22     1    26     1     9     5     0     1    -7.0   22.951  120.283     95.2    947.8    290.3    285.8      0.0    386.6     61.0    271.3    187.3
    23     1    26     1     9     5     0     1    -7.0   22.916  120.312    300.7    902.1    292.6    284.0      0.0    298.2     64.0    501.9    198.9
    24     1    26     1     9     5     0     1    -7.0   22.882  120.021     27.0    986.0    288.7    287.5      0.0    582.4     64.3     17.5    357.1
    25     1    26     1     9     5     0     1    -7.0   24.518  120.836    107.1    972.7    286.4    284.1      0.0    855.3     58.8     48.2    565.8
    26     1    26     1     9     5     0     1    -7.0   24.718  121.173    395.8    942.7    285.8    281.0      0.0   1092.4     68.1     27.5    560.9
    27     1    26     1     9     5     0     1    -7.0   23.936  120.515      0.0    991.1    287.8    287.1      0.0    834.7     53.7      5.3    433.0
     1     1    26     1     9     4     0     2    -8.0   23.196  120.339     10.0   1007.9    288.3    288.9      0.0    466.2     47.5    114.1    218.4
     2     1    26     1     9     4     0     2    -8.0   23.335  120.351      0.0   1013.5    288.5    289.6      0.0    711.7     44.2     56.2    351.3
     3     1    26     1     9     4     0     2    -8.0   23.319  120.162      0.0   1019.1    287.8    289.4      0.0    584.5     48.2     15.2    175.4
     4     1    26     1     9     4     0     2    -8.0   23.011  120.270      0.0    990.5    288.7    287.9      0.0    270.3     55.1    239.5    154.8
     5     1    26     1     9     4     0     2    -8.0   22.922  120.268      0.0    981.2    289.2    287.6      0.0    313.0     56.0    333.7    189.1
     6     1    26     1     9     4     0     2    -8.0   22.957  119.905      0.0   1019.1    288.2    289.8      0.0    594.4     54.7     12.0    230.4
     7     1    26     1     9     4     0     2    -8.0   24.674  120.865      0.0   1018.4    285.9    287.4      0.0    929.7     52.0     21.2    531.1
     8     1    26     1     9     4     0     2    -8.0   24.848  121.154      2.5   1020.7    285.4    287.0      0.0   1177.3     50.6      8.8    527.5
     9     1    26     1     9     4     0     2    -8.0   24.231  120.567      0.0   1019.0    286.9    288.5      0.0    783.4     51.7      6.9    519.6
    10     1    26     1     9     4     0     2    -8.0   23.181  120.336    255.2   1008.6    288.3    289.0      0.0    462.9     47.4    107.4    213.3
    11     1    26     1     9     4     0     2    -8.0   23.297  120.348    249.4   1012.9    288.6    289.6      0.0    700.6     43.8     62.1    341.6
    12     1    26     1     9     4     0     2    -8.0   23.318  120.162    249.8   1019.1    287.8    289.4      0.0    584.2     48.2     15.2    175.0
    13     1    26     1     9     4     0     2    -8.0   23.010  120.270    247.6    990.5    288.7    287.9      0.0    270.0     55.1    239.3    154.6
    14     1    26     1     9     4     0     2    -8.0   22.919  120.270    246.6    980.7    289.2    287.6      0.0    313.1     56.1    338.2    189.2
    15     1    26     1     9     4     0     2    -8.0   22.958  119.904    249.9   1019.1    288.2    289.8      0.0    594.6     54.7     12.0    229.7
    16     1    26     1     9     4     0     2    -8.0   24.674  120.865    249.8   1018.4    285.9    287.4      0.0    929.7     52.0     21.2    531.1
    17     1    26     1     9     4     0     2    -8.0   24.848  121.154    252.4   1020.7    285.4    287.0      0.0   1177.3     50.6      8.8    527.5
    18     1    26     1     9     4     0     2    -8.0   24.231  120.567    249.9   1019.0    286.9    288.5      0.0    783.4     51.7      6.9    519.6
    19     1    26     1     9     4     0     2    -8.0   23.330  120.340      9.3    979.5    288.3    286.5      0.0    552.7     52.8    107.4    268.1
    20     1    26     1     9     4     0     2    -8.0   24.145  120.616     34.6    975.2    287.2    285.1      0.0    810.8     53.7    106.7    531.1
    21     1    26     1     9     4     0     2    -8.0   23.284  120.169      0.0    991.1    287.5    286.8      0.0    562.9     53.9     15.9    157.7
    22     1    26     1     9     4     0     2    -8.0   22.959  120.280    110.6    947.9    289.8    285.4      0.0    314.4     61.7    261.6    163.3
    23     1    26     1     9     4     0     2    -8.0   22.887  120.314    370.5    896.1    292.7    283.5      0.0    323.4     65.8    492.2    201.0
    24     1    26     1     9     4     0     2    -8.0   22.924  119.957     36.4    986.3    288.2    287.1      0.0    587.4     63.6     13.5    261.2
    25     1    26     1     9     4     0     2    -8.0   24.810  121.064    202.7    964.9    285.8    282.9      0.0   1010.4     59.3     31.0    530.6
    26     1    26     1     9     4     0     2    -8.0   24.883  121.429    524.9    927.6    285.4    279.4      0.0   1263.5     71.4     42.9    527.7
    27     1    26     1     9     4     0     2    -8.0   24.206  120.612      0.0    989.7    287.0    286.1      0.0    787.0     54.0     13.0    504.0
     1     1    26     1     9     3     0     3    -9.0   23.251  120.330      0.0   1009.5    287.9    288.7      0.0    468.7     46.7    114.8    249.6
     2     1    26     1     9     3     0     3    -9.0   23.462  120.373      0.0   1016.1    287.5    288.8      0.0    654.9     44.8     36.8    351.5
     3     1    26     1     9     3     0     3    -9.0   23.446  120.186      0.0   1020.6    287.3    289.0      0.0    546.4     46.7     17.5    230.9
     4     1    26     1     9     3     0     3    -9.0   23.035  120.244      0.0    999.2    288.0    287.9      0.0    241.5     53.7    170.1    147.2
     5     1    26     1     9     3     0     3    -9.0   22.933  120.236      0.0    991.0    288.5    287.8      0.0    357.7     54.1    255.0    196.6
     6     1    26     1     9     3     0     3    -9.0   23.033  119.882      0.0   1019.9    287.6    289.2      0.0    571.6     53.1     12.3    133.3
     7     1    26     1     9     3     0     3    -9.0   24.945  121.097      0.0   1019.9    285.4    287.1      0.0   1115.8     49.6     19.9    494.0
     8     1    26     1     9     3     0     3    -9.0   25.037  121.390      4.9   1022.9    284.9    286.7      0.0   1339.0     50.3      0.0    495.3
     9     1    26     1     9     3     0     3    -9.0   24.544  120.719      0.5   1019.5    286.1    287.6      0.0    782.4     51.0     16.9    496.4
    10     1    26     1     9     3     0     3    -9.0   23.237  120.327    248.9   1010.1    287.9    288.7      0.0    462.3     46.6    109.5    242.8
    11     1    26     1     9     3     0     3    -9.0   23.416  120.365    249.5   1015.4    287.6    288.9      0.0    654.0     44.7     45.0    347.3
    12     1    26     1     9     3     0     3    -9.0   23.445  120.186    249.8   1020.6    287.3    289.0      0.0    546.1     46.7     17.5    230.3
    13     1    26     1     9     3     0     3    -9.0   23.034  120.244    248.3    999.3    288.0    287.9      0.0    240.6     53.7    169.5    146.9
    14     1    26     1     9     3     0     3    -9.0   22.931  120.238    247.4    990.9    288.5    287.8      0.0    355.1     54.1    255.0    195.6
    15     1    26     1     9     3     0     3    -9.0   23.034  119.881    249.9   1019.9    287.6    289.2      0.0    572.1     53.1     12.2    133.1
    16     1    26     1     9     3     0     3    -9.0   24.945  121.097    249.8   1019.9    285.4    287.1      0.0   1115.8     49.6     19.9    494.0
    17     1    26     1     9     3     0     3    -9.0   25.037  121.390    254.9   1022.9    284.9    286.7      0.0   1339.0     50.3      0.0    495.3
    18     1    26     1     9     3     0     3    -9.0   24.544  120.719    250.3   1019.5    286.1    287.6      0.0    782.4     51.0     16.9    496.4
    19     1    26     1     9     3     0     3    -9.0   23.417  120.340     15.8    981.8    287.7    286.1      0.0    578.7     52.3     85.9    302.3
    20     1    26     1     9     3     0     3    -9.0   24.432  120.825     72.2    967.9    286.5    283.8      0.0    947.2     53.3    144.3    498.4
    21     1    26     1     9     3     0     3    -9.0   23.413  120.193     12.2    990.4    287.0    286.3      0.0    528.9     52.7     18.1    210.4
    22     1    26     1     9     3     0     3    -9.0   22.954  120.265     87.6    958.1    288.9    285.4      0.0    252.1     61.0    197.9    136.9
    23     1    26     1     9     3     0     3    -9.0   22.834  120.311    388.6    898.9    292.1    283.3      0.0    303.8     66.9    448.9    189.4
    24     1    26     1     9     3     0     3    -9.0   22.970  119.914     25.6    988.3    287.7    286.7      0.0    579.4     61.7     13.6    162.9
    25     1    26     1     9     3     0     3    -9.0   25.021  121.347    323.8    949.3    285.3    281.1      0.0   1194.8     62.0     55.5    492.0
    26     1    26     1     9     3     0     3    -9.0   24.993  121.677    587.7    915.2    285.0    277.8      0.0   1315.8     77.0     86.9    485.4
    27     1    26     1     9     3     0     3    -9.0   24.524  120.775     17.3    985.1    286.3    285.0      0.0    754.6     53.5     49.1    496.4
     1     1    26     1     9     2     0     2   -10.0   23.321  120.324      0.0   1011.4    287.0    287.9      0.0    446.9     47.6     93.3    184.4
     2     1    26     1     9     2     0     2   -10.0   23.617  120.421      0.0   1016.8    286.4    287.8      0.0    619.2     46.9     27.7    279.1
     3     1    26     1     9     2     0     2   -10.0   23.584  120.214      0.2   1020.8    286.7    288.4      0.0    538.7     46.5     13.3    197.4
     4     1    26     1     9     2     0     2   -10.0   23.060  120.218      0.0   1000.0    287.5    287.5      0.0    224.3     53.5    168.3    105.4
     5     1    26     1     9     2     0     2   -10.0   22.949  120.208      0.0    993.4    287.8    287.2      0.0    298.7     54.2    235.7    138.0
     6     1    26     1     9     2     0     2   -10.0   23.130  119.887      0.0   1019.9    287.2    288.8      0.0    532.9     51.4     12.8     84.1
     7     1    26     1     9     2     0     2   -10.0   25.145  121.341     15.3   1019.4    284.9    286.5      0.0   1272.7     49.6     24.5    335.7
     8     1    26     1     9     2     0     2   -10.0   25.205  121.617      0.0   1021.8    284.5    286.3      0.0   1420.5     50.0     10.1    334.2
     9     1    26     1     9     2     0     2   -10.0   24.857  120.929      0.0   1014.0    285.7    286.8      0.0    885.0     50.6     61.8    337.3
    10     1    26     1     9     2     0     2   -10.0   23.306  120.321    249.1   1011.4    287.0    287.9      0.0    439.3     47.6     93.4    181.5
    11     1    26     1     9     2     0     2   -10.0   23.563  120.406    249.7   1016.6    286.4    287.8      0.0    604.4     47.1     29.5    259.8
    12     1    26     1     9     2     0     2   -10.0   23.583  120.214    250.0   1020.8    286.7    288.4      0.0    538.2     46.5     13.4    197.2
    13     1    26     1     9     2     0     2   -10.0   23.059  120.218    248.3   1000.1    287.5    287.5      0.0    223.7     53.5    167.9    105.2
    14     1    26     1     9     2     0     2   -10.0   22.946  120.209    247.6    993.3    287.8    287.2      0.0    296.5     54.2    235.6    137.3
    15     1    26     1     9     2     0     2   -10.0   23.132  119.886    249.9   1019.9    287.2    288.8      0.0    533.1     51.4     12.8     83.9
    16     1    26     1     9     2     0     2   -10.0   25.145  121.341    265.1   1019.4    284.9    286.5      0.0   1272.7     49.6     24.5    335.7
    17     1    26     1     9     2     0     2   -10.0   25.205  121.617    249.9   1021.8    284.5    286.3      0.0   1420.5     50.0     10.1    334.2
    18     1    26     1     9     2     0     2   -10.0   24.857  120.929    249.4   1014.0    285.7    286.8      0.0    885.0     50.6     61.8    337.3
    19     1    26     1     9     2     0     2   -10.0   23.533  120.351     21.6    982.7    286.7    285.3      0.0    552.2     54.0     67.3    222.8
    20     1    26     1     9     2     0     2   -10.0   24.654  121.097    183.5    952.6    285.6    281.6      0.0   1024.7     60.0    176.0    337.4
    21     1    26     1     9     2     0     2   -10.0   23.560  120.221     55.3    985.5    286.5    285.3      0.0    517.7     53.9     15.7    192.2
    22     1    26     1     9     2     0     2   -10.0   22.945  120.247     59.3    968.1    288.5    285.8      0.0    209.8     59.4    136.1     88.8
    23     1    26     1     9     2     0     2   -10.0   22.770  120.307    381.7    904.5    291.8    283.5      0.0    204.3     67.1    398.1    114.5
    24     1    26     1     9     2     0     2   -10.0   23.029  119.896     10.6    989.9    287.3    286.4      0.0    537.8     59.2     13.7     93.7
    25     1    26     1     9     2     0     2   -10.0   25.152  121.629    383.7    938.2    284.8    279.6      0.0   1237.2     68.0     97.2    334.6
    26     1    26     1     9     2     0     2   -10.0   25.085  121.883    669.2    911.7    284.6    277.1      0.0   1428.5     78.4     45.1    333.8
    27     1    26     1     9     2     0     2   -10.0   24.855  121.015     81.7    969.0    285.8    283.3      0.0    849.9     55.1    121.2    338.3
     1     1    26     1     9     1     0     1   -11.0   23.410  120.336      0.0   1012.0    286.0    287.0      0.0    413.2     49.3     84.8    103.5
     2     1    26     1     9     1     0     1   -11.0   23.814  120.499      0.0   1017.5    285.4    286.8      0.0    598.7     48.1     23.3    173.9
     3     1    26     1     9     1     0     1   -11.0   23.733  120.257      2.1   1020.7    285.7    287.4      0.0    520.4     46.8      6.8    119.9
     4     1    26     1     9     1     0     1   -11.0   23.088  120.206      0.0    999.5    287.0    287.0      0.0    186.8     54.1    175.3     59.1
     5     1    26     1     9     1     0     1   -11.0   22.971  120.197      0.0    993.3    287.1    286.5      0.0    229.6     55.4    235.2     73.5
     6     1    26     1     9     1     0     1   -11.0   23.254  119.914      0.0   1020.0    286.5    288.1      0.0    448.1     49.6     15.4     45.0
     7     1    26     1     9     1     0     1   -11.0   25.324  121.587      6.5   1019.7    284.4    286.0      0.0   1421.5     50.9     29.4    177.1
     8     1    26     1     9     1     0     1   -11.0   25.368  121.804      1.3   1023.3    284.2    286.1      0.0   1497.5     49.3      0.0    178.0
     9     1    26     1     9     1     0     1   -11.0   25.108  121.173      0.0   1014.7    284.8    286.0      0.0   1038.4     50.7     66.4    177.2
    10     1    26     1     9     1     0     1   -11.0   23.394  120.332    249.2   1011.9    286.0    287.0      0.0    407.8     49.3     85.0    102.1
    11     1    26     1     9     1     0     1   -11.0   23.747  120.474    249.8   1017.7    285.5    286.9      0.0    581.6     47.7     21.3    172.9
    12     1    26     1     9     1     0     1   -11.0   23.732  120.257    252.1   1020.7    285.7    287.4      0.0    520.0     46.8      6.7    119.8
    13     1    26     1     9     1     0     1   -11.0   23.087  120.206    248.3    999.6    287.0    287.0      0.0    186.4     54.1    174.9     59.0
    14     1    26     1     9     1     0     1   -11.0   22.968  120.198    247.6    993.3    287.1    286.5      0.0    227.8     55.4    235.0     73.1
    15     1    26     1     9     1     0     1   -11.0   23.256  119.914    249.8   1020.0    286.5    288.1      0.0    448.8     49.6     15.4     45.4
    16     1    26     1     9     1     0     1   -11.0   25.324  121.587    256.2   1019.7    284.4    286.0      0.0   1421.5     50.9     29.4    177.1
    17     1    26     1     9     1     0     1   -11.0   25.368  121.804    251.3   1023.3    284.2    286.1      0.0   1497.5     49.3      0.0    178.0
    18     1    26     1     9     1     0     1   -11.0   25.108  121.173    249.3   1014.7    284.8    286.0      0.0   1038.4     50.7     66.4    177.2
    19     1    26     1     9     1     0     1   -11.0   23.698  120.400     17.4    984.0    285.6    284.3      0.0    493.7     56.3     49.3    120.1
    20     1    26     1     9     1     0     1   -11.0   24.779  121.374    285.7    945.5    284.6    280.0      0.0    912.8     65.7    140.6    180.6
    21     1    26     1     9     1     0     1   -11.0   23.740  120.269     89.3    980.4    285.7    284.1      0.0    513.5     56.2     15.4    119.4
    22     1    26     1     9     1     0     1   -11.0   22.930  120.241     53.4    969.6    288.4    285.9      0.0    178.3     58.8    129.6     47.7
    23     1    26     1     9     1     0     1   -11.0   22.697  120.310    383.2    906.4    291.6    283.4      0.0    179.0     68.3    377.2     57.3
    24     1    26     1     9     1     0     1   -11.0   23.110  119.902      0.0    992.0    286.8    286.2      0.0    492.8     57.1     14.2     48.5
    25     1    26     1     9     1     0     1   -11.0   25.265  121.853    428.5    936.0    284.3    279.0      0.0   1398.2     69.8     74.8    173.3
    26     1    26     1     9     1     0     1   -11.0   25.207  122.060    737.8    908.9    284.3    276.6      0.0   1566.8     78.2      3.1    179.8
    27     1    26     1     9     1     0     1   -11.0   25.109  121.317    228.0    946.1    285.2    280.7      0.0    930.0     62.1    189.1    179.5
     1     1    26     1     9     0     0     0   -12.0   23.508  120.366      0.0   1012.4    284.8    285.8      0.0    345.8     51.7     83.1      4.3
     2     1    26     1     9     0     0     0   -12.0   24.068  120.642     24.8   1000.0    284.8    284.8      0.0    546.2     54.4    159.4     20.1
     3     1    26     1     9     0     0     0   -12.0   23.902  120.324      0.0   1016.9    284.9    286.3      0.0    493.4     51.4     31.4     10.1
     4     1    26     1     9     0     0     0   -12.0   23.115  120.208      6.6    997.7    286.5    286.3      0.0    127.1     55.5    191.4      5.4
     5     1    26     1     9     0     0     0   -12.0   22.994  120.201      6.4    991.0    286.4    285.6      0.0    140.3     57.5    251.4      1.7
     6     1    26     1     9     0     0     0   -12.0   23.392  119.951      0.0   1019.9    285.5    287.1      0.0    398.0     49.8     18.8     10.4
     7     1    26     1     9     0     0     0   -12.0   25.492  121.782      2.9   1023.1    284.1    285.9      0.0   1505.2     49.4      3.6     23.3
     8     1    26     1     9     0     0     0   -12.0   25.553  121.965      0.4   1023.5    284.1    286.0      0.0   1608.2     48.6      0.0     22.5
     9     1    26     1     9     0     0     0   -12.0   25.267  121.400     32.9   1012.6    283.6    284.6      0.0   1024.3     53.8     75.5     20.4
    10     1    26     1     9     0     0     0   -12.0   23.491  120.361    249.2   1012.3    284.8    285.8      0.0    341.8     51.7     84.1      4.2
    11     1    26     1     9     0     0     0   -12.0   23.988  120.597    267.3   1003.4    284.9    285.2      0.0    528.0     54.0    134.2     18.7
    12     1    26     1     9     0     0     0   -12.0   23.900  120.324    249.7   1016.9    284.9    286.3      0.0    492.9     51.4     31.5     10.1
    13     1    26     1     9     0     0     0   -12.0   23.114  120.208    254.7    997.7    286.5    286.3      0.0    126.9     55.4    191.1      5.4
    14     1    26     1     9     0     0     0   -12.0   22.991  120.202    253.9    991.1    286.4    285.6      0.0    139.0     57.5    250.9      1.8
    15     1    26     1     9     0     0     0   -12.0   23.395  119.951    249.8   1019.9    285.5    287.1      0.0    398.6     49.8     18.8     10.3
    16     1    26     1     9     0     0     0   -12.0   25.492  121.782    252.9   1023.1    284.1    285.9      0.0   1505.2     49.4      3.6     23.3
    17     1    26     1     9     0     0     0   -12.0   25.553  121.965    250.4   1023.5    284.1    286.0      0.0   1608.2     48.6      0.0     22.5
    18     1    26     1     9     0     0     0   -12.0   25.267  121.400    282.1   1012.6    283.6    284.6      0.0   1024.3     53.8     75.5     20.4
    19     1    26     1     9     0     0     0   -12.0   23.928  120.487      4.0    987.3    284.2    283.2      0.0    445.9     57.5     31.0     13.4
    20     1    26     1     9     0     0     0   -12.0   24.892  121.601    288.1    943.4    284.2    279.5      0.0   1036.5     67.1    152.6     17.7
    21     1    26     1     9     0     0     0   -12.0   23.988  120.366     77.8    978.6    285.2    283.4      0.0    494.1     59.4     28.7     11.5
    22     1    26     1     9     0     0     0   -12.0   22.902  120.244     61.8    969.0    288.5    286.0      0.0    144.3     58.5    123.9      7.7
    23     1    26     1     9     0     0     0   -12.0   22.618  120.318    382.8    906.0    291.4    283.2      0.0    170.3     69.7    379.3      8.8
    24     1    26     1     9     0     0     0   -12.0   23.216  119.927      0.0    993.2    286.1    285.5      0.0    403.5     55.5     16.6     12.5
    25     1    26     1     9     0     0     0   -12.0   25.410  122.032    470.5    938.9    284.2    279.1      0.0   1574.8     67.2      7.3     21.1
    26     1    26     1     9     0     0     0   -12.0   25.371  122.226    752.4    907.6    284.1    276.3      0.0   1682.3     78.1      0.0     23.6
    27     1    26     1     9     0     0     0   -12.0   25.246  121.604    391.4    932.2    284.1    278.5      0.0    676.2     70.9    156.6     23.6