    10     1
    GFSQ    25    10    10     0     0
    GFSQ    25    10    11     0     0
    GFSQ    25    10    12     0     0
    GFSQ    25    10    13     0     0
    GFSQ    25    10    14     0     0
    GFSQ    25    10    15     0     0
    GFSQ    25    10    16     0     0
    GFSQ    25    10    17     0     0
    GFSQ    25    10    18     0     0
    GFSQ    25    10    19     0     0
    27 BACKWARD OMEGA   
    25    10    18     6   24.217  120.620    10.0
    25    10    18     6   24.217  120.620    10.0
    25    10    18     6   24.217  120.620    10.0
    25    10    18     6   24.217  120.620    10.0
    25    10    18     6   24.217  120.620    10.0
    25    10    18     6   24.217  120.620    10.0
    25    10    18     6   24.217  120.620    10.0
    25    10    18     6   24.217  120.620    10.0
    25    10    18     6   24.217  120.620    10.0
    25    10    18     6   24.217  120.620    10.0
    25    10    18     6   24.217  120.620    10.0
    25    10    18     6   24.217  120.620    10.0
    25    10    18     6   24.217  120.620    10.0
    25    10    18     6   24.217  120.620    10.0
    25    10    18     6   24.217  120.620    10.0
    25    10    18     6   24.217  120.620    10.0
    25    10    18     6   24.217  120.620    10.0
    25    10    18     6   24.217  120.620    10.0
    25    10    18     6   24.217  120.620    10.0
    25    10    18     6   24.217  120.620    10.0
    25    10    18     6   24.217  120.620    10.0
    25    10    18     6   24.217  120.620    10.0
    25    10    18     6   24.217  120.620    10.0
    25    10    18     6   24.217  120.620    10.0
    25    10    18     6   24.217  120.620    10.0
    25    10    18     6   24.217  120.620    10.0
    25    10    18     6   24.217  120.620    10.0
     8 PRESSURE THETA    AIR_TEMP RAINFALL MIXDEPTH RELHUMID TERR_MSL SUN_FLUX
     1     1    25    10    18     6     0     0     0.0   24.217  120.620     10.0    990.7    303.7    302.9      0.0    932.7     63.1    159.6    727.4
     2     1    25    10    18     6     0     0     0.0   24.217  120.620     10.0    999.0    302.6    302.5      0.0    721.4     69.6     84.4    721.8
     3     1    25    10    18     6     0     0     0.0   24.217  120.620     10.0    989.0    305.1    304.2      0.0   1284.6     52.6    168.8    732.2
     4     1    25    10    18     6     0     0     0.0   24.217  120.620     10.0    921.4    308.2    300.9      0.0   1217.1     54.6    818.4    748.3
     5     1    25    10    18     6     0     0     0.0   24.217  120.620     10.0    943.1    307.3    302.1      0.0   1179.0     53.1    603.5    739.9
     6     1    25    10    18     6     0     0     0.0   24.217  120.620     10.0    935.7    308.2    302.3      0.0   1413.2     49.6    671.8    748.6
     7     1    25    10    18     6     0     0     0.0   24.217  120.620     10.0   1007.8    300.7    301.4      0.0    583.2     79.5     11.2    721.4
     8     1    25    10    18     6     0     0     0.0   24.217  120.620     10.0   1008.8    300.3    301.0      0.0    521.2     82.9      1.5    717.7
     9     1    25    10    18     6     0     0     0.0   24.217  120.620     10.0   1006.8    302.3    302.9      0.0    867.1     65.6     13.3    723.8
    10     1    25    10    18     6     0     0     0.0   24.217  120.620     10.0    990.8    303.7    302.9      0.0    932.7     63.1    159.6    727.4
    11     1    25    10    18     6     0     0     0.0   24.217  120.620     10.0    999.0    302.6    302.5      0.0    721.4     69.6     84.4    721.8
    12     1    25    10    18     6     0     0     0.0   24.217  120.620     10.0    989.0    305.1    304.2      0.0   1284.6     52.5    168.8    732.2
    13     1    25    10    18     6     0     0     0.0   24.217  120.620     10.0    921.4    308.2    300.9      0.0   1217.1     54.6    818.4    748.3
    14     1    25    10    18     6     0     0     0.0   24.217  120.620     10.0    943.1    307.3    302.1      0.0   1179.0     53.0    603.5    739.9
    15     1    25    10    18     6     0     0     0.0   24.217  120.620     10.0    935.7    308.2    302.3      0.0   1413.2     49.6    671.8    748.6
    16     1    25    10    18     6     0     0     0.0   24.217  120.620     10.0   1007.8    300.7    301.4      0.0    583.2     79.5     11.2    721.4
    17     1    25    10    18     6     0     0     0.0   24.217  120.620     10.0   1008.8    300.3    301.0      0.0    521.2     82.9      1.5    717.7
    18     1    25    10    18     6     0     0     0.0   24.217  120.620     10.0   1006.8    302.3    302.9      0.0    867.1     65.6     13.3    723.8
    19     1    25    10    18     6     0     0     0.0   24.217  120.620     10.0    963.5    303.5    300.3      0.0    932.7     68.4    159.6    727.4
    20     1    25    10    18     6     0     0     0.0   24.217  120.620     10.0    971.5    302.7    300.2      0.0    721.4     72.0     84.4    721.8
    21     1    25    10    18     6     0     0     0.0   24.217  120.620     10.0    961.8    304.5    301.1      0.0   1284.6     60.2    168.8    732.2
    22     1    25    10    18     6     0     0     0.0   24.217  120.620     10.0    896.5    307.7    298.1      0.0   1217.1     61.2    818.4    748.3
    23     1    25    10    18     6     0     0     0.0   24.217  120.620     10.0    917.5    307.0    299.5      0.0   1179.0     57.7    603.5    739.9
    24     1    25    10    18     6     0     0     0.0   24.217  120.620     10.0    910.4    307.6    299.4      0.0   1413.2     55.8    671.8    748.6
    25     1    25    10    18     6     0     0     0.0   24.217  120.620     10.0    979.9    300.7    299.0      0.0    583.2     84.1     11.2    721.4
    26     1    25    10    18     6     0     0     0.0   24.217  120.620     10.0    980.8    300.5    298.8      0.0    521.2     85.7      1.5    717.7
    27     1    25    10    18     6     0     0     0.0   24.217  120.620     10.0    978.9    301.9    300.1      0.0    867.1     72.6     13.3    723.8
     1     1    25    10    18     5     0     1    -1.0   24.310  120.585      0.0    997.7    302.5    302.3      0.0    739.1     67.5    106.0    700.0
     2     1    25    10    18     5     0     1    -1.0   24.424  120.687      0.0   1007.7    301.3    302.0      0.0    420.1     73.8      8.1    696.8
     3     1    25    10    18     5     0     1    -1.0   24.269  120.536      0.0    999.7    303.6    303.5      0.0   1030.3     58.9     82.6    703.4
     4     1    25    10    18     5     0     1    -1.0   24.196  120.521      0.0    955.7    306.8    302.8      0.0   1223.1     51.9    489.6    713.5
     5     1    25    10    18     5     0     1    -1.0   24.256  120.580      0.0    967.7    305.6    302.7      0.0   1047.3     54.7    381.8    711.1
     6     1    25    10    18     5     0     1    -1.0   24.198  120.521      0.0    965.2    306.7    303.5      0.0   1347.1     49.9    397.8    716.8
     7     1    25    10    18     5     0     1    -1.0   24.417  120.682      0.0   1009.5    300.2    301.0      0.0    451.9     80.0      1.7    694.4
     8     1    25    10    18     5     0     1    -1.0   24.515  120.785      1.5   1009.5    300.3    301.1      0.0    516.4     81.3      0.0    692.4
     9     1    25    10    18     5     0     1    -1.0   24.342  120.606      0.0   1008.3    301.1    301.8      0.0    631.8     73.9     11.8    697.1
    10     1    25    10    18     5     0     1    -1.0   24.310  120.585    248.9    997.7    302.5    302.3      0.0    739.1     67.5    106.0    700.0
    11     1    25    10    18     5     0     1    -1.0   24.424  120.687    249.9   1007.7    301.3    302.0      0.0    420.1     73.8      8.2    696.8
    12     1    25    10    18     5     0     1    -1.0   24.269  120.536    249.2    999.7    303.6    303.5      0.0   1030.3     58.9     82.6    703.4
    13     1    25    10    18     5     0     1    -1.0   24.196  120.521    245.1    955.7    306.8    302.8      0.0   1223.1     51.9    489.8    713.5
    14     1    25    10    18     5     0     1    -1.0   24.256  120.580    246.2    967.7    305.6    302.7      0.0   1047.3     54.7    381.9    711.1
    15     1    25    10    18     5     0     1    -1.0   24.198  120.521    246.0    965.2    306.7    303.5      0.0   1347.2     49.9    397.8    716.8
    16     1    25    10    18     5     0     1    -1.0   24.417  120.682    250.0   1009.5    300.2    301.0      0.0    451.9     80.0      1.7    694.4
    17     1    25    10    18     5     0     1    -1.0   24.515  120.785    250.0   1009.5    300.3    301.1      0.0    516.4     81.3      0.0    692.4
    18     1    25    10    18     5     0     1    -1.0   24.342  120.606    249.9   1008.3    301.1    301.8      0.0    631.8     73.9     11.8    697.1
    19     1    25    10    18     5     0     1    -1.0   24.339  120.606      0.0    973.2    302.6    300.2      0.0    765.0     70.2    113.3    700.3
    20     1    25    10    18     5     0     1    -1.0   24.479  120.761      0.0    982.6    302.7    301.2      0.0    547.6     66.8     16.4    698.1
    21     1    25    10    18     5     0     1    -1.0   24.295  120.539      0.0    973.6    302.9    300.6      0.0    985.0     66.6     87.5    703.0
    22     1    25    10    18     5     0     1    -1.0   24.212  120.516      0.0    942.1    306.1    300.8      0.0   1209.3     56.7    454.9    712.5
    23     1    25    10    18     5     0     1    -1.0   24.282  120.599      0.0    950.6    305.6    301.1      0.0   1086.7     56.3    382.1    711.4
    24     1    25    10    18     5     0     1    -1.0   24.215  120.502      0.0    950.6    305.9    301.5      0.0   1333.0     55.5    348.3    714.8
    25     1    25    10    18     5     0     1    -1.0   24.480  120.734      0.0    983.4    300.4    299.0      0.0    439.6     82.1      1.9    694.4
    26     1    25    10    18     5     0     1    -1.0   24.609  120.893      0.0    982.5    300.9    299.4      0.0    512.5     79.3      0.0    693.7
    27     1    25    10    18     5     0     1    -1.0   24.370  120.624     46.8    976.2    301.1    299.0      0.0    614.1     79.4     13.5    697.1
     1     1    25    10    18     4     0     2    -2.0   24.482  120.605      0.0   1003.5    301.6    301.9      0.0    611.5     68.6     63.1    674.8
     2     1    25    10    18     4     0     2    -2.0   24.739  120.887      0.0   1008.7    301.9    302.7      0.0    771.6     70.5     11.8    670.5
     3     1    25    10    18     4     0     2    -2.0   24.407  120.497      0.0   1005.9    301.3    301.8      0.0    652.3     69.4     43.0    674.7
     4     1    25    10    18     4     0     2    -2.0   24.264  120.454      0.0    983.2    304.8    303.3      0.0   1067.9     55.0    238.3    680.8
     5     1    25    10    18     4     0     2    -2.0   24.399  120.588      0.0    994.8    303.9    303.4      0.0    871.4     58.0    141.1    681.3
     6     1    25    10    18     4     0     2    -2.0   24.251  120.444      0.0    981.8    305.6    304.0      0.0   1236.4     51.2    248.8    686.2
     7     1    25    10    18     4     0     2    -2.0   24.694  120.810      0.0   1010.3    300.4    301.3      0.0    449.7     79.4      0.0    668.6
     8     1    25    10    18     4     0     2    -2.0   24.860  121.058      0.0   1011.1    300.3    301.3      0.0    651.8     80.1      2.4    667.3
     9     1    25    10    18     4     0     2    -2.0   24.537  120.635      0.0   1009.7    300.2    301.0      0.0    471.8     76.7      8.9    670.6
    10     1    25    10    18     4     0     2    -2.0   24.482  120.605    249.4   1003.5    301.6    301.9      0.0    611.5     68.6     63.1    674.8
    11     1    25    10    18     4     0     2    -2.0   24.739  120.887    249.9   1008.7    301.9    302.7      0.0    771.6     70.5     11.8    670.5
    12     1    25    10    18     4     0     2    -2.0   24.407  120.497    249.6   1005.9    301.3    301.8      0.0    652.3     69.4     43.0    674.7
    13     1    25    10    18     4     0     2    -2.0   24.264  120.454    247.6    983.2    304.8    303.3      0.0   1068.0     55.0    238.4    680.8
    14     1    25    10    18     4     0     2    -2.0   24.399  120.588    248.6    994.8    303.9    303.4      0.0    871.4     58.0    141.2    681.3
    15     1    25    10    18     4     0     2    -2.0   24.251  120.444    247.5    981.8    305.6    304.0      0.0   1236.4     51.2    248.9    686.2
    16     1    25    10    18     4     0     2    -2.0   24.694  120.810    250.0   1010.3    300.4    301.3      0.0    449.7     79.4      0.0    668.6
    17     1    25    10    18     4     0     2    -2.0   24.860  121.058    250.0   1011.1    300.3    301.3      0.0    651.8     80.1      2.4    667.3
    18     1    25    10    18     4     0     2    -2.0   24.537  120.635    249.9   1009.7    300.2    301.0      0.0    471.8     76.7      8.9    670.6
    19     1    25    10    18     4     0     2    -2.0   24.542  120.662      0.0    979.7    302.1    300.3      0.0    606.1     68.9     65.1    675.1
    20     1    25    10    18     4     0     2    -2.0   24.773  121.110      0.0    980.3    303.2    301.5      0.0   1017.8     63.7     49.0    672.9
    21     1    25    10    18     4     0     2    -2.0   24.454  120.518      0.0    977.3    301.3    299.4      0.0    621.1     74.8     64.7    674.5
    22     1    25    10    18     4     0     2    -2.0   24.305  120.460      0.0    966.1    304.0    301.1      0.0   1034.6     60.3    219.6    680.6
    23     1    25    10    18     4     0     2    -2.0   24.444  120.647      0.0    980.5    304.8    303.1      0.0   1118.4     52.3     99.8    681.9
    24     1    25    10    18     4     0     2    -2.0   24.296  120.420      0.0    963.5    304.6    301.4      0.0   1175.7     58.6    228.6    684.1
    25     1    25    10    18     4     0     2    -2.0   24.831  120.960      0.0    984.7    301.1    299.8      0.0    429.7     76.0      0.0    671.9
    26     1    25    10    18     4     0     2    -2.0   24.949  121.330     44.7    979.2    300.6    298.8      0.0    558.9     81.6      0.0    667.2
    27     1    25    10    18     4     0     2    -2.0   24.588  120.683     69.6    975.1    300.7    298.6      0.0    451.4     78.5      7.8    671.4
     1     1    25    10    18     3     0     3    -3.0   24.657  120.649      0.0   1009.8    300.7    301.5      0.0    389.0     74.3     13.7    647.5
     2     1    25    10    18     3     0     3    -3.0   24.982  121.198      0.0   1011.6    300.1    301.1      0.0    474.8     80.9      0.0    646.8
     3     1    25    10    18     3     0     3    -3.0   24.557  120.473      0.0   1010.2    300.1    301.0      0.0    436.9     72.7     12.1    648.8
     4     1    25    10    18     3     0     3    -3.0   24.356  120.410      0.0    994.7    302.9    302.4      0.0    836.0     59.9    150.0    654.8
     5     1    25    10    18     3     0     3    -3.0   24.556  120.629      0.0   1005.1    302.9    303.4      0.0    818.4     61.2     54.7    654.1
     6     1    25    10    18     3     0     3    -3.0   24.322  120.379      0.0    989.8    304.3    303.4      0.0   1068.0     55.4    186.2    657.5
     7     1    25    10    18     3     0     3    -3.0   24.989  121.006      0.0   1011.3    300.2    301.2      0.0    548.1     80.6      1.9    647.4
     8     1    25    10    18     3     0     3    -3.0   25.099  121.387      0.0   1012.5    299.9    301.0      0.0    619.1     81.5      0.0    642.8
     9     1    25    10    18     3     0     3    -3.0   24.712  120.677      0.0   1011.2    299.8    300.8      0.0    400.4     75.7      0.0    646.7
    10     1    25    10    18     3     0     3    -3.0   24.657  120.649    249.9   1009.8    300.7    301.5      0.0    389.0     74.3     13.7    647.5
    11     1    25    10    18     3     0     3    -3.0   24.982  121.198    250.0   1011.6    300.1    301.1      0.0    474.8     80.9      0.0    646.8
    12     1    25    10    18     3     0     3    -3.0   24.557  120.473    249.9   1010.2    300.1    301.0      0.0    436.9     72.7     12.1    648.8
    13     1    25    10    18     3     0     3    -3.0   24.356  120.410    248.5    994.7    302.9    302.4      0.0    836.0     59.9    150.0    654.8
    14     1    25    10    18     3     0     3    -3.0   24.556  120.629    249.5   1005.1    302.9    303.4      0.0    818.3     61.2     54.7    654.1
    15     1    25    10    18     3     0     3    -3.0   24.322  120.379    248.1    989.8    304.3    303.4      0.0   1068.1     55.4    186.2    657.5
    16     1    25    10    18     3     0     3    -3.0   24.989  121.006    250.0   1011.3    300.2    301.2      0.0    548.1     80.6      1.9    647.4
    17     1    25    10    18     3     0     3    -3.0   25.099  121.387    250.0   1012.5    299.9    301.0      0.0    619.1     81.5      0.0    642.8
    18     1    25    10    18     3     0     3    -3.0   24.712  120.677    250.0   1011.2    299.8    300.8      0.0    400.4     75.7      0.0    646.7
    19     1    25    10    18     3     0     3    -3.0   24.748  120.763      0.0    985.0    301.8    300.5      0.0    427.6     68.1     16.3    650.6
    20     1    25    10    18     3     0     3    -3.0   24.843  121.486    109.5    956.7    302.1    298.3      0.0   1029.1     76.1    144.2    642.1
    21     1    25    10    18     3     0     3    -3.0   24.611  120.518     10.3    979.3    300.7    298.9      0.0    493.8     75.0     37.4    650.2
    22     1    25    10    18     3     0     3    -3.0   24.418  120.437      0.0    974.1    302.4    300.1      0.0    828.7     64.3    137.7    655.6
    23     1    25    10    18     3     0     3    -3.0   24.598  120.773      0.0    978.0    304.6    302.7      0.0   1156.6     52.8    115.1    656.7
    24     1    25    10    18     3     0     3    -3.0   24.396  120.364      0.0    968.9    303.2    300.4      0.0    947.2     64.5    174.8    654.7
    25     1    25    10    18     3     0     3    -3.0   25.126  121.341      0.0    983.0    301.5    300.1      0.0    651.8     74.3     16.8    646.6
    26     1    25    10    18     3     0     3    -3.0   25.052  121.726    143.7    962.0    300.8    297.5      0.0    752.9     85.1     64.8    636.7
    27     1    25    10    18     3     0     3    -3.0   24.769  120.760    100.3    971.9    300.9    298.4      0.0    437.6     75.5     12.6    647.4
     1     1    25    10    18     2     0     2    -4.0   24.839  120.739      0.0   1011.2    300.2    301.1      0.0    413.8     76.6      2.8    451.4
     2     1    25    10    18     2     0     2    -4.0   25.087  121.489     23.8   1005.6    300.4    300.8      0.0    733.3     79.2     47.6    446.5
     3     1    25    10    18     2     0     2    -4.0   24.678  120.483      0.0   1011.2    299.8    300.8      0.0    309.9     73.8      2.9    451.2
     4     1    25    10    18     2     0     2    -4.0   24.446  120.392      0.0   1000.9    301.5    301.6      0.0    564.4     64.6     95.9    454.5
     5     1    25    10    18     2     0     2    -4.0   24.725  120.797      1.3   1006.2    302.6    303.2      0.0    863.8     62.1     42.2    454.2
     6     1    25    10    18     2     0     2    -4.0   24.399  120.333      0.0    995.3    302.3    301.9      0.0    673.6     62.0    139.4    455.3
     7     1    25    10    18     2     0     2    -4.0   25.235  121.307      0.0   1011.7    300.0    301.0      0.0    553.0     81.9      0.0    447.8
     8     1    25    10    18     2     0     2    -4.0   25.204  121.692      1.9   1013.4    299.9    301.0      0.0    707.8     81.5      0.0    448.1
     9     1    25    10    18     2     0     2    -4.0   24.869  120.754      0.0   1011.0    300.0    300.9      0.0    411.0     77.6      4.2    447.8
    10     1    25    10    18     2     0     2    -4.0   24.839  120.739    250.0   1011.2    300.2    301.1      0.0    413.8     76.6      2.8    451.4
    11     1    25    10    18     2     0     2    -4.0   25.087  121.489    273.3   1005.6    300.4    300.8      0.0    733.3     79.2     47.7    446.5
    12     1    25    10    18     2     0     2    -4.0   24.678  120.483    250.0   1011.2    299.8    300.8      0.0    309.9     73.8      2.9    451.2
    13     1    25    10    18     2     0     2    -4.0   24.446  120.392    249.0   1000.9    301.5    301.6      0.0    564.5     64.6     95.9    454.5
    14     1    25    10    18     2     0     2    -4.0   24.725  120.797    250.9   1006.2    302.6    303.2      0.0    863.8     62.1     42.1    454.2
    15     1    25    10    18     2     0     2    -4.0   24.399  120.333    248.6    995.3    302.3    301.9      0.0    673.6     62.0    139.4    455.3
    16     1    25    10    18     2     0     2    -4.0   25.235  121.307    250.0   1011.7    300.0    301.0      0.0    553.0     81.9      0.0    447.8
    17     1    25    10    18     2     0     2    -4.0   25.204  121.692    251.9   1013.4    299.9    301.0      0.0    707.8     81.5      0.0    448.1
    18     1    25    10    18     2     0     2    -4.0   24.869  120.754    250.0   1011.0    300.0    300.9      0.0    411.0     77.6      4.2    447.8
    19     1    25    10    18     2     0     2    -4.0   24.945  120.986      0.0    984.3    302.6    301.2      0.0    827.1     63.6     25.3    453.8
    20     1    25    10    18     2     0     2    -4.0   24.764  121.771    312.3    929.3    301.4    295.2      0.2    842.9     90.7    210.4    436.6
    21     1    25    10    18     2     0     2    -4.0   24.732  120.543     39.6    976.7    300.7    298.6      0.0    404.9     75.7     31.6    451.6
    22     1    25    10    18     2     0     2    -4.0   24.525  120.445      0.0    977.6    301.5    299.6      0.0    525.5     68.1     86.0    453.9
    23     1    25    10    18     2     0     2    -4.0   24.679  121.058      6.7    966.9    303.5    300.6      0.0   1190.4     61.3    166.6    459.8
    24     1    25    10    18     2     0     2    -4.0   24.495  120.330      0.0    972.6    301.7    299.3      0.0    585.3     70.7    121.5    454.1
    25     1    25    10    18     2     0     2    -4.0   25.224  121.711     86.0    964.5    300.9    297.8      0.0    749.2     84.6     95.5    444.5
    26     1    25    10    18     2     0     2    -4.0   25.024  122.044    178.1    965.8    300.3    297.3      0.2    650.8     87.3     11.6    453.8
    27     1    25    10    18     2     0     2    -4.0   24.930  120.873     69.2    976.5    301.0    298.9      0.0    340.1     73.5      3.3    449.1
     1     1    25    10    18     1     0     1    -5.0   25.011  120.944      4.5   1009.3    300.9    301.7      0.0    643.1     71.6     14.4    255.8
     2     1    25    10    18     1     0     1    -5.0   25.087  121.767     32.8   1010.4    300.0    300.8      0.1    647.7     79.0      8.2    258.6
     3     1    25    10    18     1     0     1    -5.0   24.776  120.532      0.0   1009.4    300.0    300.8      0.0    330.3     73.5     20.7    252.9
     4     1    25    10    18     1     0     1    -5.0   24.527  120.407      0.0   1003.8    300.7    301.1      0.0    390.7     67.8     69.7    254.2
     5     1    25    10    18     1     0     1    -5.0   24.823  121.039     19.1   1002.3    301.2    301.4      0.0    726.0     70.6     78.0    259.2
     6     1    25    10    18     1     0     1    -5.0   24.458  120.311      0.0    998.4    301.2    301.1      0.0    408.3     65.3    112.0    255.7
     7     1    25    10    18     1     0     1    -5.0   25.353  121.614      7.0   1010.0    300.1    300.9      0.0    682.4     80.6     22.3    254.3
     8     1    25    10    18     1     0     1    -5.0   25.232  121.964      1.5   1013.7    299.9    301.0      0.0    642.5     79.9      0.0    258.4
     9     1    25    10    18     1     0     1    -5.0   25.015  120.858      0.0   1011.7    299.8    300.8      0.0    395.7     76.4      0.0    252.0
    10     1    25    10    18     1     0     1    -5.0   25.011  120.944    254.3   1009.3    300.9    301.7      0.0    643.1     71.6     14.4    255.8
    11     1    25    10    18     1     0     1    -5.0   25.087  121.767    282.7   1010.4    300.0    300.8      0.1    647.7     79.0      8.2    258.6
    12     1    25    10    18     1     0     1    -5.0   24.776  120.532    249.8   1009.4    300.0    300.8      0.0    330.3     73.5     20.7    252.9
    13     1    25    10    18     1     0     1    -5.0   24.527  120.407    249.3   1003.8    300.7    301.1      0.0    390.8     67.8     69.7    254.2
    14     1    25    10    18     1     0     1    -5.0   24.823  121.039    268.3   1002.3    301.2    301.4      0.0    726.0     70.6     78.0    259.2
    15     1    25    10    18     1     0     1    -5.0   24.458  120.311    248.9    998.4    301.2    301.1      0.0    408.3     65.3    112.0    255.7
    16     1    25    10    18     1     0     1    -5.0   25.353  121.614    256.8   1010.0    300.1    300.9      0.0    682.4     80.6     22.3    254.3
    17     1    25    10    18     1     0     1    -5.0   25.232  121.964    251.5   1013.7    299.9    301.0      0.0    642.5     79.9      0.0    258.4
    18     1    25    10    18     1     0     1    -5.0   25.015  120.858    250.0   1011.7    299.8    300.8      0.0    395.7     76.4      0.0    252.0
    19     1    25    10    18     1     0     1    -5.0   25.026  121.306     17.4    972.1    301.5    299.1      0.0    807.5     73.3    103.6    259.8
    20     1    25    10    18     1     0     1    -5.0   24.667  121.977    336.5    947.5    300.1    295.5      0.6    684.7     95.4     25.1    258.3
    21     1    25    10    18     1     0     1    -5.0   24.845  120.607     33.4    977.8    300.6    298.6      0.0    344.1     74.7     29.1    253.0
    22     1    25    10    18     1     0     1    -5.0   24.624  120.482      0.0    980.9    300.9    299.2      0.0    305.2     68.9     43.1    254.1
    23     1    25    10    18     1     0     1    -5.0   24.613  121.333    183.4    927.0    302.0    295.5      0.0    855.4     84.0    358.5    252.0
    24     1    25    10    18     1     0     1    -5.0   24.569  120.329      0.0    974.4    301.0    298.8      0.0    402.1     73.0     97.6    255.4
    25     1    25    10    18     1     0     1    -5.0   25.170  122.022    173.0    963.5    300.2    297.1      0.3    691.9     88.5     40.9    256.8
    26     1    25    10    18     1     0     1    -5.0   24.976  122.315    121.0    973.3    300.2    297.9      0.2    674.3     84.6      0.0    259.4
    27     1    25    10    18     1     0     1    -5.0   25.080  121.024     35.1    979.3    300.6    298.9      0.0    439.6     74.5     13.9    254.6
     1     1    25    10    18     0     0     0    -6.0   25.106  121.196     20.5   1007.1    300.2    300.8      0.0    556.8     75.5     35.6     62.7
     2     1    25    10    18     0     0     0    -6.0   25.063  122.012     22.0   1012.6    300.0    301.1      0.1    641.5     77.4      0.0     63.4
     3     1    25    10    18     0     0     0    -6.0   24.854  120.592      0.0   1009.2    299.9    300.6      0.0    281.5     72.0     23.4     55.4
     4     1    25    10    18     0     0     0    -6.0   24.595  120.440      0.0   1006.2    300.1    300.7      0.0    266.0     67.7     48.5     55.4
     5     1    25    10    18     0     0     0    -6.0   24.820  121.288    134.6    980.2    300.6    298.8      0.0    762.7     79.8    156.4     60.8
     6     1    25    10    18     0     0     0    -6.0   24.488  120.318      0.0    998.4    300.8    300.6      0.0    256.7     65.9    111.1     57.7
     7     1    25    10    18     0     0     0    -6.0   25.360  121.901     31.6   1009.5    299.9    300.7      0.1    669.4     79.6     17.1     63.4
     8     1    25    10    18     0     0     0    -6.0   25.232  122.208      2.8   1014.0    300.0    301.2      0.0    631.1     77.9      0.0     63.4
     9     1    25    10    18     0     0     0    -6.0   25.128  121.010      0.0   1011.1    299.7    300.7      0.0    468.2     74.6      6.7     56.4
    10     1    25    10    18     0     0     0    -6.0   25.106  121.196    270.2   1007.1    300.2    300.8      0.0    556.8     75.5     35.6     62.7
    11     1    25    10    18     0     0     0    -6.0   25.063  122.012    272.1   1012.6    300.0    301.1      0.1    641.5     77.4      0.0     63.4
    12     1    25    10    18     0     0     0    -6.0   24.854  120.592    249.8   1009.2    299.9    300.6      0.0    281.5     72.0     23.4     55.4
    13     1    25    10    18     0     0     0    -6.0   24.595  120.440    249.5   1006.2    300.1    300.7      0.0    266.0     67.7     48.6     55.4
    14     1    25    10    18     0     0     0    -6.0   24.820  121.288    383.0    980.2    300.6    298.8      0.0    762.7     79.8    156.4     60.8
    15     1    25    10    18     0     0     0    -6.0   24.488  120.318    248.9    998.4    300.8    300.6      0.0    256.6     65.9    111.1     57.7
    16     1    25    10    18     0     0     0    -6.0   25.360  121.901    281.4   1009.5    299.9    300.7      0.1    669.4     79.6     17.1     63.4
    17     1    25    10    18     0     0     0    -6.0   25.232  122.208    252.8   1014.0    300.0    301.2      0.0    631.1     77.9      0.0     63.4
    18     1    25    10    18     0     0     0    -6.0   25.128  121.010    249.9   1011.1    299.7    300.7      0.0    468.2     74.6      6.7     56.4
    19     1    25    10    18     0     0     0    -6.0   24.968  121.594    220.3    935.1    301.0    295.3      0.0    772.3     90.0    236.2     53.7
    20     1    25    10    18     0     0     0    -6.0   24.592  122.143    217.0    962.5    299.9    296.7      0.5    675.8     90.7      4.9     63.4
    21     1    25    10    18     0     0     0    -6.0   24.934  120.666     37.3    980.5    300.1    298.5      0.0    241.4     73.5      2.5     55.4
    22     1    25    10    18     0     0     0    -6.0   24.694  120.524      0.8    982.1    300.4    298.8      0.0    226.7     67.6     26.6     56.8
    23     1    25    10    18     0     0     0    -6.0   24.512  121.510    315.5    925.9    300.6    294.1      0.1    462.7     96.5    242.5     52.4
    24     1    25    10    18     0     0     0    -6.0   24.620  120.353      0.0    974.1    300.7    298.4      0.0    281.7     74.1     99.6     56.5
    25     1    25    10    18     0     0     0    -6.0   25.093  122.279    106.8    974.5    300.0    297.8      0.4    698.0     85.3      7.3     63.4
    26     1    25    10    18     0     0     0    -6.0   24.953  122.560    107.5    975.0    300.2    298.1      0.0    760.0     84.4      0.0     63.4
    27     1    25    10    18     0     0     0    -6.0   25.174  121.243      7.9    978.8    300.4    298.6      0.0    539.7     73.7     38.5     63.4
     1     1    25    10    17    23     0     1    -7.0   25.128  121.446     96.7    987.7    300.2    299.1      0.0    666.6     80.8    121.1     42.3
     2     1    25    10    17    23     0     1    -7.0   25.041  122.236     20.5   1012.5    300.2    301.3      0.0    782.2     75.4      0.0     42.3
     3     1    25    10    17    23     0     1    -7.0   24.908  120.647      0.6   1009.7    299.8    300.6      0.0    191.7     71.0     12.7     36.9
     4     1    25    10    17    23     0     1    -7.0   24.640  120.478      0.0   1007.6    299.9    300.5      0.0    169.0     67.8     29.8     36.9
     5     1    25    10    17    23     0     1    -7.0   24.733  121.515    255.5    957.7    300.4    296.7      0.0    637.3     89.5    250.0     30.9
     6     1    25    10    17    23     0     1    -7.0   24.494  120.334      0.7    996.4    300.7    300.3      0.0    197.1     66.6    126.0     38.7
     7     1    25    10    17    23     0     1    -7.0   25.320  122.167     23.3   1011.9    300.0    301.0      0.0    685.1     77.9      2.8     42.3
     8     1    25    10    17    23     0     1    -7.0   25.221  122.434      9.3   1013.7    300.1    301.3      0.0    757.6     76.0      0.0     42.3
     9     1    25    10    17    23     0     1    -7.0   25.194  121.187     16.0   1007.7    300.0    300.7      0.0    463.3     71.4     19.0     41.3
    10     1    25    10    17    23     0     1    -7.0   25.128  121.446    345.5    987.7    300.2    299.1      0.0    666.6     80.8    121.1     42.3
    11     1    25    10    17    23     0     1    -7.0   25.041  122.236    270.5   1012.5    300.2    301.3      0.0    782.2     75.4      0.0     42.3
    12     1    25    10    17    23     0     1    -7.0   24.908  120.647    250.5   1009.7    299.8    300.6      0.0    191.7     71.0     12.7     36.9
    13     1    25    10    17    23     0     1    -7.0   24.640  120.478    249.7   1007.6    299.9    300.5      0.0    169.0     67.8     29.9     36.9
    14     1    25    10    17    23     0     1    -7.0   24.733  121.515    503.0    957.7    300.4    296.7      0.0    637.2     89.5    250.1     30.9
    15     1    25    10    17    23     0     1    -7.0   24.494  120.334    249.4    996.4    300.7    300.3      0.0    197.1     66.6    126.0     38.7
    16     1    25    10    17    23     0     1    -7.0   25.320  122.167    273.2   1011.9    300.0    301.0      0.0    685.1     77.9      2.8     42.3
    17     1    25    10    17    23     0     1    -7.0   25.221  122.434    259.3   1013.7    300.1    301.3      0.0    757.6     76.0      0.0     42.3
    18     1    25    10    17    23     0     1    -7.0   25.194  121.187    265.8   1007.7    300.0    300.7      0.0    463.3     71.4     19.0     41.3
    19     1    25    10    17    23     0     1    -7.0   24.828  121.821    433.1    917.8    301.0    293.7      0.1    520.2     95.4    196.1     35.1
    20     1    25    10    17    23     0     1    -7.0   24.543  122.318    144.3    970.6    300.0    297.4      0.2    706.8     88.2      0.0     42.3
    21     1    25    10    17    23     0     1    -7.0   24.997  120.734     35.6    980.0    300.3    298.6      0.0    222.9     73.8      2.0     37.0
    22     1    25    10    17    23     0     1    -7.0   24.740  120.584      0.0    979.2    300.7    298.9      0.0    241.1     67.6     52.4     39.2
    23     1    25    10    17    23     0     1    -7.0   24.414  121.632    275.5    943.7    300.2    295.2      0.2    423.2     94.3    110.8     40.4
    24     1    25    10    17    23     0     1    -7.0   24.650  120.379      0.0    972.7    300.9    298.5      0.0    210.4     73.7    107.1     37.5
    25     1    25    10    17    23     0     1    -7.0   25.033  122.501     43.1    981.8    300.2    298.6      0.0    791.4     82.8      0.0     42.3
    26     1    25    10    17    23     0     1    -7.0   24.940  122.792    110.6    974.4    300.3    298.1      0.0    866.7     83.6      0.0     42.3
    27     1    25    10    17    23     0     1    -7.0   25.193  121.483     36.3    969.0    300.4    297.7      0.0    514.0     76.1    119.0     42.3
     1     1    25    10    17    22     0     2    -8.0   25.057  121.698    235.5    966.3    300.2    297.2      0.0    583.3     88.4    189.1     17.4
     2     1    25    10    17    22     0     2    -8.0   25.017  122.452     19.8   1012.2    300.3    301.3      0.0    899.4     72.9      0.0     21.1
     3     1    25    10    17    22     0     2    -8.0   24.941  120.697      2.4   1010.2    299.8    300.7      0.0    111.0     70.2      0.0     18.5
     4     1    25    10    17    22     0     2    -8.0   24.666  120.517      7.3   1005.1    300.0    300.4      0.0    108.4     66.9     47.2     18.9
     5     1    25    10    17    22     0     2    -8.0   24.602  121.687    248.9    979.0    300.0    298.2      0.3    657.3     85.4     65.2     20.1
     6     1    25    10    17    22     0     2    -8.0   24.485  120.347     17.7    993.3    300.5    299.9      0.0    126.7     67.1    142.3     19.5
     7     1    25    10    17    22     0     2    -8.0   25.278  122.401     22.8   1011.9    300.2    301.2      0.0    807.7     75.4      0.0     21.1
     8     1    25    10    17    22     0     2    -8.0   25.200  122.651     11.7   1013.2    300.2    301.4      0.0    900.3     72.7      0.0     21.1
     9     1    25    10    17    22     0     2    -8.0   25.239  121.379     49.6    999.8    299.8    299.8      0.0    426.7     73.9     64.9     20.9
    10     1    25    10    17    22     0     2    -8.0   25.057  121.698    483.6    966.3    300.2    297.2      0.0    583.3     88.4    189.1     17.4
    11     1    25    10    17    22     0     2    -8.0   25.017  122.452    269.8   1012.2    300.3    301.3      0.0    899.4     72.9      0.0     21.1
    12     1    25    10    17    22     0     2    -8.0   24.941  120.697    252.4   1010.2    299.8    300.7      0.0    111.0     70.2      0.0     18.5
    13     1    25    10    17    22     0     2    -8.0   24.666  120.517    256.9   1005.1    300.0    300.4      0.0    108.4     66.9     47.3     18.9
    14     1    25    10    17    22     0     2    -8.0   24.602  121.687    498.4    978.9    300.0    298.2      0.3    657.2     85.4     65.4     20.1
    15     1    25    10    17    22     0     2    -8.0   24.485  120.347    266.3    993.3    300.5    299.9      0.0    126.7     67.1    142.3     19.5
    16     1    25    10    17    22     0     2    -8.0   25.278  122.401    272.8   1011.9    300.2    301.2      0.0    807.7     75.4      0.0     21.1
    17     1    25    10    17    22     0     2    -8.0   25.200  122.651    261.7   1013.2    300.2    301.4      0.0    900.3     72.7      0.0     21.1
    18     1    25    10    17    22     0     2    -8.0   25.239  121.379    298.9    999.8    299.8    299.8      0.0    426.7     73.9     64.9     20.9
    19     1    25    10    17    22     0     2    -8.0   24.701  121.971    371.4    943.2    300.1    295.2      0.3    622.1     95.7      9.8     21.0
    20     1    25    10    17    22     0     2    -8.0   24.510  122.509    103.9    974.7    300.1    297.9      0.2    752.4     86.6      0.0     21.1
    21     1    25    10    17    22     0     2    -8.0   25.041  120.828     12.8    978.2    300.6    298.7      0.0    222.7     71.5     39.1     19.5
    22     1    25    10    17    22     0     2    -8.0   24.777  120.665      0.0    976.7    300.8    298.8      0.0    215.0     67.3     79.1     20.4
    23     1    25    10    17    22     0     2    -8.0   24.317  121.723    210.8    961.0    299.8    296.4      0.2    528.1     92.5     11.6     21.1
    24     1    25    10    17    22     0     2    -8.0   24.655  120.393      0.0    971.5    301.2    298.7      0.0    124.3     73.4    114.5     18.7
    25     1    25    10    17    22     0     2    -8.0   24.990  122.718     22.8    983.8    300.3    298.9      0.0    822.8     81.3      0.0     21.1
    26     1    25    10    17    22     0     2    -8.0   24.920  123.022    111.8    973.9    300.3    298.0      0.0    934.3     83.2      0.0     21.2
    27     1    25    10    17    22     0     2    -8.0   25.127  121.727    163.3    928.5    301.5    295.1      0.0    397.5     83.8    351.1     21.1
     1     1    25    10    17    21     0     3    -9.0   24.913  121.902    257.0    972.0    300.0    297.6      0.2    619.9     87.7    118.5      0.0
     2     1    25    10    17    21     0     3    -9.0   24.986  122.671     20.1   1011.9    300.3    301.3      0.0    978.2     71.5      0.0      0.0
     3     1    25    10    17    21     0     3    -9.0   24.954  120.747      4.2   1008.3    299.9    300.6      0.0     64.8     69.7      9.7      0.0
     4     1    25    10    17    21     0     3    -9.0   24.674  120.559     36.3    999.0    300.2    300.1      0.0     48.5     66.1     72.5      0.0
     5     1    25    10    17    21     0     3    -9.0   24.467  121.814    165.5    994.2    300.0    299.5      0.3    721.3     80.6      1.7      0.0
     6     1    25    10    17    21     0     3    -9.0   24.459  120.359     58.4    985.9    300.7    299.5      0.0     49.3     66.9    165.4      0.0
     7     1    25    10    17    21     0     3    -9.0   25.232  122.624     22.3   1011.7    300.3    301.2      0.0    930.2     73.0      0.0      0.0
     8     1    25    10    17    21     0     3    -9.0   25.172  122.871     13.3   1012.7    300.4    301.4      0.0   1007.3     70.4      0.0      0.0
     9     1    25    10    17    21     0     3    -9.0   25.253  121.585    100.7    987.3    299.3    298.2      0.0    378.1     80.8    121.9      0.0
    10     1    25    10    17    21     0     3    -9.0   24.913  121.902    505.9    972.0    300.0    297.6      0.2    619.9     87.7    118.5      0.0
    11     1    25    10    17    21     0     3    -9.0   24.986  122.671    270.1   1011.9    300.3    301.3      0.0    978.2     71.5      0.0      0.0
    12     1    25    10    17    21     0     3    -9.0   24.954  120.747    254.1   1008.3    299.9    300.6      0.0     64.8     69.7      9.7      0.0
    13     1    25    10    17    21     0     3    -9.0   24.674  120.559    285.6    998.9    300.2    300.1      0.0     48.5     66.1     72.6      0.0
    14     1    25    10    17    21     0     3    -9.0   24.467  121.814    415.6    994.1    300.0    299.5      0.3    721.3     80.7      1.7      0.0
    15     1    25    10    17    21     0     3    -9.0   24.459  120.359    306.7    985.9    300.7    299.5      0.0     49.3     66.9    165.4      0.0
    16     1    25    10    17    21     0     3    -9.0   25.232  122.624    272.3   1011.7    300.3    301.2      0.0    930.2     73.0      0.0      0.0
    17     1    25    10    17    21     0     3    -9.0   25.172  122.871    263.3   1012.7    300.4    301.4      0.0   1007.3     70.4      0.0      0.0
    18     1    25    10    17    21     0     3    -9.0   25.253  121.585    349.5    987.3    299.3    298.2      0.0    378.1     80.8    121.9      0.0
    19     1    25    10    17    21     0     3    -9.0   24.592  122.082    288.9    953.4    299.9    295.9      0.3    679.2     95.3      0.0      0.0
    20     1    25    10    17    21     0     3    -9.0   24.495  122.719     73.7    976.4    300.4    298.4      0.0    799.2     85.2      0.0      0.0
    21     1    25    10    17    21     0     3    -9.0   25.076  120.930      0.0    977.2    300.6    298.6      0.0    176.1     70.7     65.3      0.0
    22     1    25    10    17    21     0     3    -9.0   24.807  120.751      0.0    971.7    300.9    298.4      0.0    156.6     68.5    119.3      0.0
    23     1    25    10    17    21     0     3    -9.0   24.221  121.801    177.0    966.2    299.7    296.7      0.2    624.7     92.1      0.0      0.0
    24     1    25    10    17    21     0     3    -9.0   24.635  120.396      0.0    970.0    301.4    298.8      0.0     34.0     73.1    126.1      0.0
    25     1    25    10    17    21     0     3    -9.0   24.959  122.940     36.6    982.0    300.3    298.8      0.0    855.3     81.5      0.0      0.0
    26     1    25    10    17    21     0     3    -9.0   24.904  123.263    111.7    973.6    300.3    298.0      0.0    964.9     83.9      0.0      0.0
    27     1    25    10    17    21     0     3    -9.0   24.984  121.912    302.1    909.7    301.7    293.7      0.0     76.7     90.3    393.4      0.0
     1     1    25    10    17    20     0     2   -10.0   24.754  122.035    156.2    995.1    300.0    299.6      0.2    725.2     80.4      4.7      0.0
     2     1    25    10    17    20     0     2   -10.0   24.957  122.895     20.1   1011.7    300.4    301.4      0.0    944.7     72.1      0.0      0.0
     3     1    25    10    17    20     0     2   -10.0   24.953  120.791     21.2   1004.8    300.1    300.6      0.0     62.2     68.5     35.4      0.0
     4     1    25    10    17    20     0     2   -10.0   24.668  120.598     76.7    990.5    300.7    299.9      0.0     49.1     65.6    113.6      0.0
     5     1    25    10    17    20     0     2   -10.0   24.357  121.933    136.9    998.3    300.1    299.9      0.3    731.1     78.9      0.0      0.0
     6     1    25    10    17    20     0     2   -10.0   24.428  120.373     94.4    979.8    301.1    299.3      0.0     53.3     67.4    187.7      0.0
     7     1    25    10    17    20     0     2   -10.0   25.184  122.847     22.3   1011.4    300.3    301.3      0.0    929.1     72.4      0.0      0.0
     8     1    25    10    17    20     0     2   -10.0   25.143  123.101     13.3   1012.4    300.4    301.5      0.0    964.3     70.7      0.0      0.0
     9     1    25    10    17    20     0     2   -10.0   25.202  121.800    246.0    959.5    300.1    296.6      0.0    321.9     87.2    221.7      0.0
    10     1    25    10    17    20     0     2   -10.0   24.754  122.035    406.2    995.1    300.0    299.6      0.2    725.2     80.4      4.7      0.0
    11     1    25    10    17    20     0     2   -10.0   24.957  122.895    270.1   1011.7    300.4    301.4      0.0    944.7     72.1      0.0      0.0
    12     1    25    10    17    20     0     2   -10.0   24.953  120.791    270.8   1004.8    300.1    300.6      0.0     62.2     68.5     35.4      0.0
    13     1    25    10    17    20     0     2   -10.0   24.668  120.598    325.6    990.4    300.7    299.8      0.0     49.1     65.6    113.8      0.0
    14     1    25    10    17    20     0     2   -10.0   24.357  121.933    387.1    998.3    300.1    299.9      0.3    731.0     78.9      0.0      0.0
    15     1    25    10    17    20     0     2   -10.0   24.428  120.373    342.5    979.8    301.1    299.3      0.0     53.3     67.4    187.7      0.0
    16     1    25    10    17    20     0     2   -10.0   25.184  122.847    272.3   1011.4    300.3    301.3      0.0    929.1     72.4      0.0      0.0
    17     1    25    10    17    20     0     2   -10.0   25.143  123.101    263.3   1012.4    300.4    301.5      0.0    964.3     70.7      0.0      0.0
    18     1    25    10    17    20     0     2   -10.0   25.202  121.800    493.8    959.5    300.1    296.6      0.0    321.9     87.2    221.7      0.0
    19     1    25    10    17    20     0     2   -10.0   24.502  122.197    224.7    960.9    300.0    296.6      0.1    696.7     92.6      0.0      0.0
    20     1    25    10    17    20     0     2   -10.0   24.488  122.951     51.4    979.1    300.4    298.6      0.0    822.3     84.1      0.0      0.0
    21     1    25    10    17    20     0     2   -10.0   25.098  121.039      5.3    968.9    301.0    298.3      0.0    197.7     70.9    131.7      0.0
    22     1    25    10    17    20     0     2   -10.0   24.818  120.852     17.0    956.8    301.6    297.8      0.0    174.5     68.5    239.3      0.0
    23     1    25    10    17    20     0     2   -10.0   24.140  121.885    147.1    969.4    299.8    297.2      0.4    620.0     90.1      0.0      0.0
    24     1    25    10    17    20     0     2   -10.0   24.604  120.393      0.0    969.2    301.5    298.8      0.0     33.7     73.1    137.5      0.0
    25     1    25    10    17    20     0     2   -10.0   24.937  123.169     51.4    980.1    300.3    298.6      0.0    859.7     82.4      0.0      0.0
    26     1    25    10    17    20     0     2   -10.0   24.893  123.516    116.6    972.9    300.4    298.0      0.0    928.1     83.0      0.0      0.0
    27     1    25    10    17    20     0     2   -10.0   24.853  122.024    247.0    924.8    301.1    294.4      0.1    128.8     91.2    304.9      0.0
     1     1    25    10    17    19     0     1   -11.0   24.626  122.144    115.0   1000.5    300.2    300.2      0.3    734.7     78.2      0.0      0.0
     2     1    25    10    17    19     0     1   -11.0   24.935  123.125     20.1   1011.4    300.5    301.5      0.0    905.7     71.6      0.0      0.0
     3     1    25    10    17    19     0     1   -11.0   24.939  120.821     52.5    999.3    300.5    300.4      0.0     50.6     68.2     56.9      0.0
     4     1    25    10    17    19     0     1   -11.0   24.655  120.624    107.5    981.7    301.2    299.5      0.0     50.9     66.3    165.4      0.0
     5     1    25    10    17    19     0     1   -11.0   24.277  122.076    108.8   1001.4    300.3    300.4      0.0    753.5     77.7      0.0      0.0
     6     1    25    10    17    19     0     1   -11.0   24.405  120.388    115.6    976.1    301.3    299.2      0.0     57.0     68.6    202.7      0.0
     7     1    25    10    17    19     0     1   -11.0   25.148  123.070     22.3   1011.2    300.4    301.4      0.0    894.5     72.4      0.0      0.0
     8     1    25    10    17    19     0     1   -11.0   25.116  123.331     13.3   1012.2    300.5    301.5      0.0    935.7     70.4      0.0      0.0
     9     1    25    10    17    19     0     1   -11.0   25.046  121.998    461.8    932.0    300.8    294.8      0.0    117.3     92.8    268.1      0.0
    10     1    25    10    17    19     0     1   -11.0   24.626  122.144    365.0   1000.5    300.2    300.2      0.3    734.7     78.2      0.0      0.0
    11     1    25    10    17    19     0     1   -11.0   24.935  123.125    270.1   1011.4    300.5    301.5      0.0    905.7     71.6      0.0      0.0
    12     1    25    10    17    19     0     1   -11.0   24.939  120.821    301.9    999.3    300.5    300.4      0.0     50.6     68.2     56.9      0.0
    13     1    25    10    17    19     0     1   -11.0   24.655  120.624    355.9    981.6    301.2    299.5      0.0     50.9     66.4    165.6      0.0
    14     1    25    10    17    19     0     1   -11.0   24.277  122.075    359.0   1001.4    300.3    300.4      0.0    753.5     77.7      0.0      0.0
    15     1    25    10    17    19     0     1   -11.0   24.405  120.388    363.6    976.1    301.3    299.2      0.0     57.0     68.6    202.7      0.0
    16     1    25    10    17    19     0     1   -11.0   25.148  123.070    272.3   1011.2    300.4    301.4      0.0    894.5     72.4      0.0      0.0
    17     1    25    10    17    19     0     1   -11.0   25.116  123.331    263.3   1012.2    300.5    301.5      0.0    935.7     70.4      0.0      0.0
    18     1    25    10    17    19     0     1   -11.0   25.046  121.998    709.1    932.0    300.8    294.8      0.0    117.3     92.8    268.1      0.0
    19     1    25    10    17    19     0     1   -11.0   24.435  122.332    140.8    969.9    300.2    297.6      0.0    726.8     88.9      0.0      0.0
    20     1    25    10    17    19     0     1   -11.0   24.482  123.199     37.6    980.8    300.4    298.8      0.0    830.6     83.2      0.0      0.0
    21     1    25    10    17    19     0     1   -11.0   25.085  121.167     51.4    948.0    302.1    297.5      0.0    198.2     68.9    290.1      0.0
    22     1    25    10    17    19     0     1   -11.0   24.796  120.966     83.2    930.2    303.1    296.8      0.0    160.4     65.1    430.3      0.0
    23     1    25    10    17    19     0     1   -11.0   24.081  121.988     92.2    975.3    300.1    297.9      0.4    683.8     87.4      0.0      0.0
    24     1    25    10    17    19     0     1   -11.0   24.578  120.386      0.0    969.0    301.6    298.9      0.0     34.6     73.3    143.4      0.0
    25     1    25    10    17    19     0     1   -11.0   24.925  123.412     51.9    979.8    300.3    298.6      0.0    837.4     82.6      0.0      0.0
    26     1    25    10    17    19     0     1   -11.0   24.881  123.770    123.0    971.9    300.3    297.9      0.0    884.2     83.5      0.0      0.0
    27     1    25    10    17    19     0     1   -11.0   24.736  122.093    229.6    928.4    301.2    294.9      0.3    279.7     89.0    292.9      0.0
     1     1    25    10    17    18     0     0   -12.0   24.528  122.275     81.5   1004.2    300.4    300.8      0.0    778.6     76.5      0.0      0.0
     2     1    25    10    17    18     0     0   -12.0   24.916  123.354     20.1   1011.2    300.5    301.4      0.0    850.8     71.0      0.0      0.0
     3     1    25    10    17    18     0     0   -12.0   24.912  120.836     91.1    989.0    301.0    300.0      0.0     49.4     69.0    114.2      0.0
     4     1    25    10    17    18     0     0   -12.0   24.634  120.638    132.7    971.9    301.7    299.2      0.0     52.5     68.3    231.7      0.0
     5     1    25    10    17    18     0     0   -12.0   24.220  122.254     96.6   1002.5    300.4    300.6      0.0    781.8     77.3      0.0      0.0
     6     1    25    10    17    18     0     0   -12.0   24.388  120.404    128.4    973.1    301.4    299.1      0.0     60.9     69.7    219.4      0.0
     7     1    25    10    17    18     0     0   -12.0   25.119  123.294     22.3   1010.9    300.5    301.4      0.0    859.7     72.2      0.0      0.0
     8     1    25    10    17    18     0     0   -12.0   25.092  123.561     13.3   1011.9    300.5    301.5      0.0    899.7     69.6      0.0      0.0
     9     1    25    10    17    18     0     0   -12.0   24.897  122.114    429.7    949.7    300.4    296.0      0.2    344.4     91.1    143.1      0.0
    10     1    25    10    17    18     0     0   -12.0   24.528  122.275    331.5   1004.2    300.4    300.8      0.0    778.6     76.5      0.0      0.0
    11     1    25    10    17    18     0     0   -12.0   24.916  123.354    270.1   1011.2    300.5    301.4      0.0    850.8     71.0      0.0      0.0
    12     1    25    10    17    18     0     0   -12.0   24.912  120.836    339.9    989.0    301.0    300.0      0.0     49.4     69.0    114.2      0.0
    13     1    25    10    17    18     0     0   -12.0   24.634  120.638    380.4    971.9    301.7    299.2      0.0     52.5     68.3    231.8      0.0
    14     1    25    10    17    18     0     0   -12.0   24.220  122.254    346.7   1002.5    300.4    300.6      0.0    781.7     77.3      0.0      0.0
    15     1    25    10    17    18     0     0   -12.0   24.388  120.404    376.2    973.1    301.4    299.1      0.0     60.9     69.7    219.4      0.0
    16     1    25    10    17    18     0     0   -12.0   25.119  123.294    272.3   1010.9    300.5    301.4      0.0    859.7     72.2      0.0      0.0
    17     1    25    10    17    18     0     0   -12.0   25.092  123.561    263.3   1011.9    300.5    301.5      0.0    899.7     69.6      0.0      0.0
    18     1    25    10    17    18     0     0   -12.0   24.897  122.114    678.2    949.7    300.4    296.0      0.2    344.4     91.1    143.1      0.0
    19     1    25    10    17    18     0     0   -12.0   24.389  122.505     91.3    975.2    300.4    298.2      0.0    766.0     86.8      0.0      0.0
    20     1    25    10    17    18     0     0   -12.0   24.484  123.452     29.8    982.0    300.4    298.8      0.0    833.7     82.9      0.0      0.0
    21     1    25    10    17    18     0     0   -12.0   25.038  121.295    154.4    915.3    303.5    295.9      0.0    163.6     68.6    501.5      0.0
    22     1    25    10    17    18     0     0   -12.0   24.747  121.073    193.9    899.5    304.2    295.1      0.0    120.0     68.9    614.3      0.0
    23     1    25    10    17    18     0     0   -12.0   24.038  122.125     32.3    981.7    300.2    298.7      0.1    714.8     84.7      0.0      0.0
    24     1    25    10    17    18     0     0   -12.0   24.556  120.376      0.0    969.7    301.6    299.0      0.0     35.7     73.8    143.9      0.0
    25     1    25    10    17    18     0     0   -12.0   24.915  123.659     53.8    979.3    300.3    298.6      0.0    810.5     82.7      0.0      0.0
    26     1    25    10    17    18     0     0   -12.0   24.869  124.024    131.5    970.8    300.4    297.9      0.0    875.2     84.9      0.0      0.0
    27     1    25    10    17    18     0     0   -12.0   24.623  122.143    267.1    936.9    301.0    295.4      0.4    356.7     88.9    175.9      0.0
