    10     1
    GFSQ    25    11     9     0     0
    GFSQ    25    11    10     0     0
    GFSQ    25    11    11     0     0
    GFSQ    25    11    12     0     0
    GFSQ    25    11    13     0     0
    GFSQ    25    11    14     0     0
    GFSQ    25    11    15     0     0
    GFSQ    25    11    16     0     0
    GFSQ    25    11    17     0     0
    GFSQ    25    11    18     0     0
    27 BACKWARD OMEGA   
    25    11    17    10   24.218  120.618    10.0
    25    11    17    10   24.218  120.618    10.0
    25    11    17    10   24.218  120.618    10.0
    25    11    17    10   24.218  120.618    10.0
    25    11    17    10   24.218  120.618    10.0
    25    11    17    10   24.218  120.618    10.0
    25    11    17    10   24.218  120.618    10.0
    25    11    17    10   24.218  120.618    10.0
    25    11    17    10   24.218  120.618    10.0
    25    11    17    10   24.218  120.618    10.0
    25    11    17    10   24.218  120.618    10.0
    25    11    17    10   24.218  120.618    10.0
    25    11    17    10   24.218  120.618    10.0
    25    11    17    10   24.218  120.618    10.0
    25    11    17    10   24.218  120.618    10.0
    25    11    17    10   24.218  120.618    10.0
    25    11    17    10   24.218  120.618    10.0
    25    11    17    10   24.218  120.618    10.0
    25    11    17    10   24.218  120.618    10.0
    25    11    17    10   24.218  120.618    10.0
    25    11    17    10   24.218  120.618    10.0
    25    11    17    10   24.218  120.618    10.0
    25    11    17    10   24.218  120.618    10.0
    25    11    17    10   24.218  120.618    10.0
    25    11    17    10   24.218  120.618    10.0
    25    11    17    10   24.218  120.618    10.0
    25    11    17    10   24.218  120.618    10.0
     8 PRESSURE THETA    AIR_TEMP RAINFALL MIXDEPTH RELHUMID TERR_MSL SUN_FLUX
     1     1    25    11    17    10     0     2     0.0   24.218  120.618     10.0    998.7    295.9    295.8      0.0    572.3     82.2    157.4    230.4
     2     1    25    11    17    10     0     2     0.0   24.218  120.618     10.0   1007.9    294.6    295.2      0.0    864.1     85.3     82.7    169.6
     3     1    25    11    17    10     0     2     0.0   24.218  120.618     10.0    995.6    297.1    296.8      0.0    354.7     77.6    165.7    238.4
     4     1    25    11    17    10     0     2     0.0   24.218  120.618     10.0    928.0    299.5    293.0      0.0    222.1     84.2    810.8    231.3
     5     1    25    11    17    10     0     2     0.0   24.218  120.618     10.0    951.1    297.2    292.9      0.1    532.7     89.0    595.2    147.2
     6     1    25    11    17    10     0     2     0.0   24.218  120.618     10.0    941.5    299.8    294.6      0.0     85.6     78.8    664.3    221.0
     7     1    25    11    17    10     0     2     0.0   24.218  120.618     10.0   1015.7    294.5    295.8      0.0    839.9     84.2     11.1    217.2
     8     1    25    11    17    10     0     2     0.0   24.218  120.618     10.0   1017.6    294.0    295.5      0.0   1016.6     84.9      1.4    140.0
     9     1    25    11    17    10     0     2     0.0   24.218  120.618     10.0   1014.1    295.3    296.5      0.0    654.3     81.1     13.0    235.0
    10     1    25    11    17    10     0     2     0.0   24.218  120.618     10.0    998.7    295.9    295.8      0.0    572.3     82.2    157.4    230.4
    11     1    25    11    17    10     0     2     0.0   24.218  120.618     10.0   1007.9    294.6    295.2      0.0    864.1     85.3     82.7    169.6
    12     1    25    11    17    10     0     2     0.0   24.218  120.618     10.0    995.6    297.1    296.8      0.0    354.7     77.6    165.7    238.4
    13     1    25    11    17    10     0     2     0.0   24.218  120.618     10.0    928.0    299.5    293.0      0.0    222.1     84.2    810.8    231.3
    14     1    25    11    17    10     0     2     0.0   24.218  120.618     10.0    951.2    297.2    292.9      0.1    532.7     89.0    595.2    147.2
    15     1    25    11    17    10     0     2     0.0   24.218  120.618     10.0    941.5    299.8    294.6      0.0     85.6     78.8    664.3    221.0
    16     1    25    11    17    10     0     2     0.0   24.218  120.618     10.0   1015.7    294.5    295.8      0.0    839.9     84.2     11.1    217.2
    17     1    25    11    17    10     0     2     0.0   24.218  120.618     10.0   1017.6    294.0    295.5      0.0   1016.6     84.9      1.4    140.0
    18     1    25    11    17    10     0     2     0.0   24.218  120.618     10.0   1014.1    295.3    296.5      0.0    654.3     81.1     13.0    235.0
    19     1    25    11    17    10     0     2     0.0   24.218  120.618     10.0    970.6    295.9    293.4      0.0    572.3     90.2    157.4    230.4
    20     1    25    11    17    10     0     2     0.0   24.218  120.618     10.0    979.4    294.5    292.7      0.0    864.1     93.0     82.7    169.6
    21     1    25    11    17    10     0     2     0.0   24.218  120.618     10.0    967.7    297.5    294.7      0.0    354.7     84.2    165.7    238.4
    22     1    25    11    17    10     0     2     0.0   24.218  120.618     10.0    902.3    300.5    291.7      0.0    222.1     86.3    810.8    231.3
    23     1    25    11    17    10     0     2     0.0   24.218  120.618     10.0    924.6    297.9    291.1      0.1    532.7     93.5    595.2    147.2
    24     1    25    11    17    10     0     2     0.0   24.218  120.618     10.0    915.4    301.2    293.6      0.0     85.6     78.8    664.3    221.0
    25     1    25    11    17    10     0     2     0.0   24.218  120.618     10.0    986.9    294.3    293.2      0.0    839.9     91.7     11.1    217.2
    26     1    25    11    17    10     0     2     0.0   24.218  120.618     10.0    988.7    293.8    292.8      0.0   1016.6     91.3      1.4    140.0
    27     1    25    11    17    10     0     2     0.0   24.218  120.618     10.0    985.4    295.0    293.8      0.0    654.3     89.9     13.0    235.0
     1     1    25    11    17     9     0     3    -1.0   24.355  120.603      5.6    991.5    295.4    294.7      0.0    752.1     86.9    229.3    172.4
     2     1    25    11    17     9     0     3    -1.0   24.422  120.700      0.0   1012.1    294.4    295.4      0.1    975.1     84.7     51.5    111.7
     3     1    25    11    17     9     0     3    -1.0   24.239  120.483      4.9    992.2    297.1    296.4      0.0    461.0     80.0    204.6    278.1
     4     1    25    11    17     9     0     3    -1.0   24.131  120.474     31.4    913.4    300.1    292.2      0.0    260.5     88.4    924.0    247.9
     5     1    25    11    17     9     0     3    -1.0   24.205  120.553      0.0    960.2    297.0    293.4      0.1    596.5     89.3    515.5    154.3
     6     1    25    11    17     9     0     3    -1.0   24.068  120.429      0.0    949.1    300.2    295.7      0.0    100.2     76.1    588.8    277.6
     7     1    25    11    17     9     0     3    -1.0   24.517  120.708     10.2   1015.2    294.2    295.5      0.0    992.2     85.1     17.5    125.2
     8     1    25    11    17     9     0     3    -1.0   24.513  120.742     10.0   1018.1    293.9    295.4      0.1   1088.0     83.8      0.0     66.0
     9     1    25    11    17     9     0     3    -1.0   24.474  120.623     17.5   1009.9    294.8    295.6      0.0    816.3     85.1     52.5    226.6
    10     1    25    11    17     9     0     3    -1.0   24.338  120.591    247.9    994.0    295.3    294.8      0.0    755.7     86.7    207.8    177.4
    11     1    25    11    17     9     0     3    -1.0   24.422  120.700    249.5   1012.1    294.4    295.4      0.1    975.1     84.7     51.5    111.7
    12     1    25    11    17     9     0     3    -1.0   24.239  120.483    250.9    992.2    297.1    296.4      0.0    461.0     79.9    204.6    278.1
    13     1    25    11    17     9     0     3    -1.0   24.126  120.471    263.3    914.9    300.0    292.3      0.0    258.4     88.2    919.3    250.7
    14     1    25    11    17     9     0     3    -1.0   24.205  120.553    244.8    960.2    297.0    293.4      0.1    596.5     89.3    515.5    154.3
    15     1    25    11    17     9     0     3    -1.0   24.067  120.429    244.1    948.8    300.2    295.7      0.0    100.1     76.1    591.5    277.1
    16     1    25    11    17     9     0     3    -1.0   24.512  120.704    249.9   1015.1    294.2    295.5      0.0    989.5     85.1     18.9    126.6
    17     1    25    11    17     9     0     3    -1.0   24.513  120.742    250.0   1018.1    293.9    295.4      0.1   1087.9     83.8      0.0     66.1
    18     1    25    11    17     9     0     3    -1.0   24.468  120.620    255.5   1011.0    294.8    295.7      0.0    814.4     84.9     50.7    228.5
    19     1    25    11    17     9     0     3    -1.0   24.455  120.720     72.3    943.2    296.4    291.4      0.0    704.1     96.0    356.7    154.4
    20     1    25    11    17     9     0     3    -1.0   24.548  120.834      0.0    985.3    294.0    292.7      0.2   1029.7     92.3     42.2     65.3
    21     1    25    11    17     9     0     3    -1.0   24.347  120.560     82.3    948.3    297.4    292.9      0.0    474.8     92.2    283.9    263.6
    22     1    25    11    17     9     0     3    -1.0   24.134  120.512    111.4    864.1    302.1    289.6      0.0    202.7     90.7   1078.2    245.5
    23     1    25    11    17     9     0     3    -1.0   24.295  120.678     51.8    932.7    296.8    290.8      0.2    594.1     97.7    491.0    153.0
    24     1    25    11    17     9     0     3    -1.0   24.099  120.433      0.0    922.7    301.2    294.2      0.0    115.3     77.3    622.1    277.9
    25     1    25    11    17     9     0     3    -1.0   24.644  120.832     20.0    986.5    294.0    292.8      0.0   1023.0     91.8      5.5    109.0
    26     1    25    11    17     9     0     3    -1.0   24.625  120.856      4.3    989.7    293.6    292.7      0.2   1099.9     89.3      2.7     49.9
    27     1    25    11    17     9     0     3    -1.0   24.621  120.750     59.4    973.3    294.5    292.3      0.0    862.9     95.6     86.6    174.2
     1     1    25    11    17     8     0     2    -2.0   24.643  120.796      0.0   1006.1    295.3    295.8      0.0    925.8     82.7    103.0    277.1
     2     1    25    11    17     8     0     2    -2.0   24.762  120.975      0.0   1015.9    294.2    295.5      0.0   1047.9     83.2     19.2    133.9
     3     1    25    11    17     8     0     2    -2.0   24.484  120.574      4.3    991.6    297.0    296.2      0.0    769.2     80.0    220.3    350.7
     4     1    25    11    17     8     0     2    -2.0   24.217  120.505      0.0    913.7    300.6    292.9      0.0    515.4     84.9    933.6    345.4
     5     1    25    11    17     8     0     2    -2.0   24.385  120.685      0.0    982.9    296.3    294.8      0.0    773.8     85.5    314.1    270.7
     6     1    25    11    17     8     0     2    -2.0   24.107  120.402      0.0    954.8    301.0    297.0      0.0    553.5     69.5    535.3    399.8
     7     1    25    11    17     8     0     2    -2.0   24.933  121.009      7.3   1016.3    294.1    295.5      0.0   1056.0     83.4      9.7    180.9
     8     1    25    11    17     8     0     2    -2.0   24.934  121.052     10.0   1018.9    293.8    295.3      0.0   1091.8     80.1      0.0    118.6
     9     1    25    11    17     8     0     2    -2.0   24.886  120.876      0.0   1013.8    294.6    295.8      0.0    978.5     84.2     26.4    268.9
    10     1    25    11    17     8     0     2    -2.0   24.626  120.781    249.0   1006.1    295.3    295.9      0.0    920.1     82.6    103.6    282.0
    11     1    25    11    17     8     0     2    -2.0   24.762  120.975    249.8   1015.9    294.2    295.5      0.0   1047.9     83.2     19.2    133.9
    12     1    25    11    17     8     0     2    -2.0   24.481  120.572    250.3    992.1    297.0    296.3      0.0    769.7     79.8    216.0    351.6
    13     1    25    11    17     8     0     2    -2.0   24.210  120.500    240.7    914.5    300.7    292.9      0.0    518.5     84.6    926.3    348.5
    14     1    25    11    17     8     0     2    -2.0   24.385  120.685    246.9    982.9    296.3    294.8      0.0    773.9     85.5    314.1    270.8
    15     1    25    11    17     8     0     2    -2.0   24.106  120.402    244.7    954.8    301.0    297.0      0.0    553.2     69.5    534.9    399.8
    16     1    25    11    17     8     0     2    -2.0   24.928  121.005    250.0   1016.3    294.1    295.5      0.0   1056.0     83.4      9.8    182.2
    17     1    25    11    17     8     0     2    -2.0   24.934  121.052    250.0   1018.9    293.8    295.3      0.0   1091.7     80.1      0.0    118.6
    18     1    25    11    17     8     0     2    -2.0   24.876  120.868    249.8   1014.1    294.6    295.8      0.0    977.2     84.3     23.5    271.2
    19     1    25    11    17     8     0     2    -2.0   24.800  121.034     19.4    973.1    294.7    292.4      0.0    850.6     95.5    146.4    186.9
    20     1    25    11    17     8     0     2    -2.0   24.989  121.215      0.0    991.0    294.0    293.3      0.1   1096.9     85.2     22.4     89.0
    21     1    25    11    17     8     0     2    -2.0   24.615  120.756    128.5    902.8    299.3    290.5      0.0    616.7     94.8    671.8    304.2
    22     1    25    11    17     8     0     2    -2.0   24.178  120.566    116.8    846.8    303.3    289.2      0.0    420.1     88.5   1233.7    359.0
    23     1    25    11    17     8     0     2    -2.0   24.514  120.895      0.0    965.6    295.4    292.4      0.0    726.7     94.7    273.8    181.9
    24     1    25    11    17     8     0     2    -2.0   24.181  120.425      0.0    919.5    301.5    294.2      0.0    539.9     75.5    667.1    398.9
    25     1    25    11    17     8     0     2    -2.0   25.141  121.243      0.0    990.9    293.8    293.1      0.0   1099.3     86.8      0.0    109.8
    26     1    25    11    17     8     0     2    -2.0   25.123  121.245      0.0    992.5    293.6    293.0      0.0   1134.5     83.5      0.0     87.7
    27     1    25    11    17     8     0     2    -2.0   25.113  121.141     35.3    981.2    294.1    292.5      0.0    999.1     93.6     42.1    189.9
     1     1    25    11    17     7     0     1    -3.0   24.919  121.012      0.0   1011.4    294.7    295.6      0.0    958.5     84.4     58.6    274.3
     2     1    25    11    17     7     0     1    -3.0   25.142  121.278      0.1   1018.2    294.2    295.7      0.3   1045.0     78.7      0.0    152.8
     3     1    25    11    17     7     0     1    -3.0   24.742  120.703      0.0    988.8    296.9    295.9      0.0    875.9     81.6    247.0    447.6
     4     1    25    11    17     7     0     1    -3.0   24.316  120.532      0.0    917.2    300.8    293.4      0.0    667.0     84.2    889.1    460.6
     5     1    25    11    17     7     0     1    -3.0   24.576  120.832      0.0   1005.3    295.0    295.5      0.0    849.5     85.2    119.9    305.1
     6     1    25    11    17     7     0     1    -3.0   24.166  120.361      0.0    965.8    301.5    298.5      0.0    969.9     63.1    432.5    517.8
     7     1    25    11    17     7     0     1    -3.0   25.332  121.314      0.0   1018.3    294.0    295.5      0.0   1057.2     79.6      0.0    177.8
     8     1    25    11    17     7     0     1    -3.0   25.355  121.342     10.0   1019.5    293.6    295.2      0.3   1116.7     78.0      0.0     87.8
     9     1    25    11    17     7     0     1    -3.0   25.252  121.154      0.0   1015.7    294.3    295.7      0.0   1018.4     83.5     15.0    265.0
    10     1    25    11    17     7     0     1    -3.0   24.905  120.997    249.4   1011.1    294.7    295.6      0.0    953.4     84.5     60.5    285.9
    11     1    25    11    17     7     0     1    -3.0   25.142  121.278    250.1   1018.2    294.2    295.7      0.3   1045.0     78.7      0.0    152.8
    12     1    25    11    17     7     0     1    -3.0   24.739  120.701    247.5    988.5    296.9    295.9      0.0    874.4     81.7    250.2    447.9
    13     1    25    11    17     7     0     1    -3.0   24.310  120.527    241.2    918.1    300.8    293.5      0.0    673.7     83.8    882.1    462.7
    14     1    25    11    17     7     0     1    -3.0   24.576  120.832    248.8   1005.3    295.0    295.5      0.0    849.5     85.2    119.9    305.1
    15     1    25    11    17     7     0     1    -3.0   24.164  120.361    245.7    966.0    301.5    298.5      0.0    971.0     63.0    431.0    517.8
    16     1    25    11    17     7     0     1    -3.0   25.327  121.310    250.0   1018.3    294.0    295.5      0.0   1056.1     79.7      0.0    179.4
    17     1    25    11    17     7     0     1    -3.0   25.355  121.342    250.0   1019.5    293.6    295.2      0.3   1116.7     78.0      0.0     87.8
    18     1    25    11    17     7     0     1    -3.0   25.244  121.145    249.8   1015.6    294.4    295.7      0.0   1016.0     83.5     15.9    271.4
    19     1    25    11    17     7     0     1    -3.0   25.122  121.334      0.0    988.3    294.3    293.3      0.3    984.7     90.5     90.5    100.1
    20     1    25    11    17     7     0     1    -3.0   25.447  121.560      0.0    992.3    293.8    293.2      0.5   1094.3     83.3      0.0     96.4
    21     1    25    11    17     7     0     1    -3.0   24.866  120.972      0.0    947.8    297.4    292.9      0.0    792.9     89.3    407.0    417.3
    22     1    25    11    17     7     0     1    -3.0   24.231  120.580      0.0    875.4    302.7    291.4      0.0    650.6     83.8   1203.3    480.6
    23     1    25    11    17     7     0     1    -3.0   24.741  121.120      0.0    982.8    294.7    293.2      0.0    876.5     92.3    136.6    145.8
    24     1    25    11    17     7     0     1    -3.0   24.285  120.414      0.0    919.5    301.8    294.5      0.0    863.7     73.2    707.7    520.0
    25     1    25    11    17     7     0     1    -3.0   25.611  121.602      0.0    992.6    293.8    293.1      0.4   1108.0     83.7      0.0     94.2
    26     1    25    11    17     7     0     1    -3.0   25.617  121.586      0.0    992.8    293.4    292.8      0.4   1154.5     81.5      0.0     68.3
    27     1    25    11    17     7     0     1    -3.0   25.547  121.515      0.0    991.7    294.2    293.5      0.2   1019.6     85.7      8.7    168.7
     1     1    25    11    17     6     0     0    -4.0   25.238  121.286      0.0   1013.2    294.4    295.5      0.2    932.9     83.1     33.8    210.2
     2     1    25    11    17     6     0     0    -4.0   25.533  121.555      3.2   1019.1    293.9    295.5      0.6   1095.1     79.0      0.0    124.4
     3     1    25    11    17     6     0     0    -4.0   25.029  120.891      0.0   1006.2    295.7    296.2      0.0    946.1     82.6     92.1    517.9
     4     1    25    11    17     6     0     0    -4.0   24.454  120.579      0.0    952.0    300.0    295.6      0.0    885.4     77.4    578.5    593.9
     5     1    25    11    17     6     0     0    -4.0   24.793  121.029      0.0   1004.5    294.6    295.0      0.0    916.1     87.1    107.7    158.8
     6     1    25    11    17     6     0     0    -4.0   24.261  120.317      0.0    980.0    301.7    300.0      0.0   1247.8     58.4    300.9    633.1
     7     1    25    11    17     6     0     0    -4.0   25.737  121.596      1.1   1019.1    293.6    295.2      0.4   1090.0     79.4      0.0    112.6
     8     1    25    11    17     6     0     0    -4.0   25.783  121.602     10.0   1019.1    293.3    294.9      0.2   1120.4     76.3      0.0     77.1
     9     1    25    11    17     6     0     0    -4.0   25.638  121.456      0.1   1017.6    294.1    295.6      0.2    977.3     81.1      0.0    223.1
    10     1    25    11    17     6     0     0    -4.0   25.223  121.270    249.6   1012.7    294.4    295.5      0.2    939.1     83.5     37.2    206.8
    11     1    25    11    17     6     0     0    -4.0   25.533  121.555    253.2   1019.1    293.9    295.5      0.6   1095.1     79.0      0.0    124.4
    12     1    25    11    17     6     0     0    -4.0   25.027  120.888    249.1   1006.1    295.7    296.2      0.0    947.3     82.5     92.9    519.3
    13     1    25    11    17     6     0     0    -4.0   24.448  120.573    244.2    951.3    300.0    295.6      0.0    887.9     77.4    582.9    596.2
    14     1    25    11    17     6     0     0    -4.0   24.794  121.029    248.9   1004.5    294.6    295.0      0.0    916.2     87.1    107.7    158.8
    15     1    25    11    17     6     0     0    -4.0   24.258  120.317    247.0    980.1    301.7    300.0      0.0   1249.6     58.3    299.7    633.0
    16     1    25    11    17     6     0     0    -4.0   25.732  121.592    251.1   1019.1    293.7    295.2      0.4   1088.9     79.4      0.0    113.0
    17     1    25    11    17     6     0     0    -4.0   25.783  121.602    250.0   1019.1    293.3    294.9      0.2   1120.3     76.3      0.0     77.2
    18     1    25    11    17     6     0     0    -4.0   25.629  121.448    250.0   1017.6    294.2    295.6      0.1    975.6     81.2      0.0    227.7
    19     1    25    11    17     6     0     0    -4.0   25.504  121.650      0.0    990.4    294.3    293.4      0.4    978.1     87.7      0.0    220.1
    20     1    25    11    17     6     0     0    -4.0   25.910  121.871      0.0    992.3    293.6    292.9      0.8   1177.3     81.5      0.0     89.9
    21     1    25    11    17     6     0     0    -4.0   25.105  121.196      0.0    979.1    295.3    293.5      0.0    791.9     92.5    138.9    386.8
    22     1    25    11    17     6     0     0    -4.0   24.332  120.590      0.0    896.8    302.1    292.8      0.0    767.4     83.4   1051.3    606.5
    23     1    25    11    17     6     0     0    -4.0   25.069  121.407      0.0    992.3    294.5    293.9      0.7    898.8     88.1      0.1    372.4
    24     1    25    11    17     6     0     0    -4.0   24.442  120.422      0.0    932.7    301.0    294.9      0.0   1000.1     74.8    637.0    630.3
    25     1    25    11    17     6     0     0    -4.0   26.085  121.920      0.0    992.7    293.4    292.8      0.6   1177.3     82.4      0.0     79.2
    26     1    25    11    17     6     0     0    -4.0   26.115  121.885      0.0    991.4    293.1    292.3      0.4   1177.3     79.2      0.0     74.6
    27     1    25    11    17     6     0     0    -4.0   25.985  121.850      0.0    992.3    293.9    293.2      0.5   1072.6     85.7      0.0    134.3
     1     1    25    11    17     5     0     1    -5.0   25.583  121.563      3.9   1019.4    294.3    295.9      0.3   1003.3     79.9      0.0    177.2
     2     1    25    11    17     5     0     1    -5.0   25.928  121.813      3.2   1019.4    293.7    295.3      0.3   1141.3     76.4      0.0     90.1
     3     1    25    11    17     5     0     1    -5.0   25.318  121.139      0.0   1013.5    294.7    295.8      0.3    966.5     84.7     34.0    238.3
     4     1    25    11    17     5     0     1    -5.0   24.646  120.689      0.0    982.7    298.4    296.8      0.0    970.2     74.2    306.4    548.6
     5     1    25    11    17     5     0     1    -5.0   25.061  121.280      0.0   1017.9    294.7    296.2      0.6    911.4     80.7      1.4    355.1
     6     1    25    11    17     5     0     1    -5.0   24.413  120.310      0.0    988.4    299.9    298.9      0.0   1017.5     64.1    242.9    605.4
     7     1    25    11    17     5     0     1    -5.0   26.147  121.853      1.1   1019.4    293.5    295.1      0.3   1140.0     75.9      0.0     81.8
     8     1    25    11    17     5     0     1    -5.0   26.206  121.841     10.8   1019.7    293.2    294.8      0.1   1153.2     72.8      0.0     82.9
     9     1    25    11    17     5     0     1    -5.0   26.017  121.734      3.3   1019.4    293.9    295.5      0.3   1067.7     79.6      0.0    139.4
    10     1    25    11    17     5     0     1    -5.0   25.567  121.548    254.7   1019.4    294.3    295.9      0.3    999.8     80.0      0.0    180.3
    11     1    25    11    17     5     0     1    -5.0   25.928  121.813    253.2   1019.4    293.7    295.3      0.3   1141.3     76.4      0.0     90.1
    12     1    25    11    17     5     0     1    -5.0   25.315  121.136    249.7   1013.5    294.7    295.8      0.3    967.4     84.7     33.6    242.8
    13     1    25    11    17     5     0     1    -5.0   24.640  120.681    247.0    983.2    298.4    296.9      0.0    974.9     73.9    301.6    550.9
    14     1    25    11    17     5     0     1    -5.0   25.061  121.280    250.0   1017.9    294.7    296.2      0.6    911.4     80.7      1.4    355.1
    15     1    25    11    17     5     0     1    -5.0   24.410  120.309    247.6    988.3    299.9    298.9      0.0   1018.1     64.1    243.5    605.5
    16     1    25    11    17     5     0     1    -5.0   26.141  121.849    251.1   1019.4    293.5    295.1      0.3   1139.7     75.9      0.0     81.7
    17     1    25    11    17     5     0     1    -5.0   26.205  121.840    250.7   1019.8    293.2    294.8      0.1   1153.1     72.9      0.0     82.8
    18     1    25    11    17     5     0     1    -5.0   26.009  121.727    253.4   1019.4    293.9    295.5      0.3   1065.4     79.6      0.0    139.9
    19     1    25    11    17     5     0     1    -5.0   25.892  121.964      0.0    993.2    294.1    293.6      0.3   1091.5     84.0      0.0    161.2
    20     1    25    11    17     5     0     1    -5.0   26.367  122.155      0.0    992.0    293.3    292.6      0.3   1143.0     78.1      0.0    112.0
    21     1    25    11    17     5     0     1    -5.0   25.328  121.451      0.0    991.7    294.9    294.2      0.7    818.0     88.8     66.8    209.3
    22     1    25    11    17     5     0     1    -5.0   24.505  120.671      0.0    935.0    300.2    294.3      0.0    927.3     76.9    642.4    572.6
    23     1    25    11    17     5     0     1    -5.0   25.420  121.709      0.0    992.3    294.5    293.9      0.4   1047.2     84.7      0.0    229.9
    24     1    25    11    17     5     0     1    -5.0   24.682  120.506      0.0    950.6    299.3    294.9      0.0    923.9     77.5    489.8    587.9
    25     1    25    11    17     5     0     1    -5.0   26.552  122.209      0.0    992.2    293.2    292.5      0.2   1151.3     78.4      0.0     99.1
    26     1    25    11    17     5     0     1    -5.0   26.588  122.162      4.3    991.8    292.9    292.2      0.0   1169.9     75.8      0.0    125.0
    27     1    25    11    17     5     0     1    -5.0   26.421  122.160      0.0    992.7    293.6    293.0      0.3   1137.2     82.4      0.0    105.0
     1     1    25    11    17     4     0     2    -6.0   25.924  121.831      3.9   1019.7    294.1    295.8      0.3   1083.2     78.4      0.0    145.2
     2     1    25    11    17     4     0     2    -6.0   26.314  122.056      3.2   1019.8    293.6    295.2      0.3   1118.1     73.9      0.0    112.5
     3     1    25    11    17     4     0     2    -6.0   25.608  121.425      1.4   1019.2    294.7    296.3      0.4    941.1     79.8      0.0    319.2
     4     1    25    11    17     4     0     2    -6.0   24.831  120.852      0.0   1005.0    296.5    296.9      0.1    954.1     77.6    122.8    461.8
     5     1    25    11    17     4     0     2    -6.0   25.358  121.551      0.0   1019.2    294.8    296.4      0.3   1053.7     77.8      0.0    244.1
     6     1    25    11    17     4     0     2    -6.0   24.613  120.366      0.0    987.5    298.8    297.6      0.0    878.5     70.5    262.5    574.3
     7     1    25    11    17     4     0     2    -6.0   26.545  122.093      1.2   1020.8    293.4    295.1      0.1   1134.6     73.2      0.0    101.5
     8     1    25    11    17     4     0     2    -6.0   26.604  122.070     12.0   1020.9    293.1    294.8      0.0   1165.9     69.6      0.0    117.8
     9     1    25    11    17     4     0     2    -6.0   26.396  121.994      3.3   1019.7    293.7    295.4      0.3   1102.5     77.1      0.0     97.5
    10     1    25    11    17     4     0     2    -6.0   25.907  121.816    254.7   1019.7    294.2    295.8      0.3   1082.0     78.4      0.0    146.5
    11     1    25    11    17     4     0     2    -6.0   26.314  122.056    253.2   1019.8    293.6    295.2      0.3   1118.1     73.9      0.0    112.5
    12     1    25    11    17     4     0     2    -6.0   25.605  121.422    251.4   1019.2    294.7    296.3      0.4    940.6     79.8      0.0    319.9
    13     1    25    11    17     4     0     2    -6.0   24.826  120.844    248.8   1005.1    296.5    296.9      0.0    957.7     77.4    122.6    466.5
    14     1    25    11    17     4     0     2    -6.0   25.358  121.551    250.0   1019.2    294.8    296.4      0.3   1053.7     77.8      0.0    244.1
    15     1    25    11    17     4     0     2    -6.0   24.609  120.364    247.4    987.8    298.8    297.6      0.0    878.6     70.4    260.2    574.4
    16     1    25    11    17     4     0     2    -6.0   26.540  122.090    251.2   1020.8    293.4    295.1      0.1   1134.5     73.3      0.0    101.0
    17     1    25    11    17     4     0     2    -6.0   26.602  122.069    251.8   1021.2    293.1    294.9      0.0   1165.5     69.7      0.0    117.8
    18     1    25    11    17     4     0     2    -6.0   26.387  121.987    253.4   1019.7    293.7    295.4      0.3   1101.8     77.1      0.0     97.8
    19     1    25    11    17     4     0     2    -6.0   26.274  122.259      0.0    993.2    293.9    293.4      0.3   1095.1     82.2      0.0    145.7
    20     1    25    11    17     4     0     2    -6.0   26.801  122.420     14.2    991.8    293.0    292.3      0.1   1126.9     76.8      0.0    168.5
    21     1    25    11    17     4     0     2    -6.0   25.603  121.748      0.0    993.0    295.0    294.4      0.6    895.7     86.0      0.0    407.1
    22     1    25    11    17     4     0     2    -6.0   24.692  120.856      0.0    950.3    298.4    294.0      0.0    957.0     80.5    429.9    516.5
    23     1    25    11    17     4     0     2    -6.0   25.763  122.014      0.0    993.4    294.4    293.8      0.4   1087.5     82.3      0.0    187.9
    24     1    25    11    17     4     0     2    -6.0   24.958  120.724      0.0    965.9    297.5    294.5      0.0   1005.7     81.5    263.8    526.9
    25     1    25    11    17     4     0     2    -6.0   26.996  122.482      7.3    992.8    293.0    292.4      0.1   1135.8     76.4      0.0    138.3
    26     1    25    11    17     4     0     2    -6.0   27.023  122.416     18.9    991.6    292.7    292.0      0.0   1193.2     72.2      0.0    131.5
    27     1    25    11    17     4     0     2    -6.0   26.847  122.448      0.0    992.9    293.4    292.8      0.3   1107.7     80.1      0.0    114.9
     1     1    25    11    17     3     0     3    -7.0   26.261  122.085      3.9   1020.1    293.9    295.6      0.3   1046.9     78.0      0.0    147.4
     2     1    25    11    17     3     0     3    -7.0   26.680  122.297      3.5   1022.1    293.3    295.2      0.2   1103.2     72.5      0.0    148.6
     3     1    25    11    17     3     0     3    -7.0   25.897  121.705      3.5   1020.1    294.7    296.3      0.3   1040.8     77.9      0.0    241.8
     4     1    25    11    17     3     0     3    -7.0   24.996  121.063      0.0   1002.1    295.8    296.0      0.3    805.7     82.1    135.4    227.1
     5     1    25    11    17     3     0     3    -7.0   25.649  121.820      0.0   1020.1    294.6    296.3      0.3   1067.2     76.7      0.0    231.3
     6     1    25    11    17     3     0     3    -7.0   24.862  120.507      0.0   1006.4    298.0    298.5      0.0   1043.3     69.5     97.0    546.5
     7     1    25    11    17     3     0     3    -7.0   26.922  122.327      1.5   1022.1    293.2    295.1      0.0   1118.9     72.1      0.0    156.5
     8     1    25    11    17     3     0     3    -7.0   26.980  122.286     12.6   1021.8    292.9    294.7      0.0   1141.5     66.8      0.0    106.0
     9     1    25    11    17     3     0     3    -7.0   26.764  122.242      3.3   1020.6    293.6    295.3      0.2   1090.3     75.5      0.0    118.9
    10     1    25    11    17     3     0     3    -7.0   26.244  122.071    254.7   1020.1    293.9    295.6      0.3   1045.6     78.0      0.0    148.9
    11     1    25    11    17     3     0     3    -7.0   26.680  122.297    253.5   1022.1    293.3    295.2      0.2   1103.2     72.5      0.0    148.6
    12     1    25    11    17     3     0     3    -7.0   25.894  121.702    253.5   1020.1    294.7    296.3      0.3   1040.4     77.9      0.0    242.3
    13     1    25    11    17     3     0     3    -7.0   24.994  121.056    248.7   1002.4    295.8    296.0      0.3    812.3     82.0    132.9    234.8
    14     1    25    11    17     3     0     3    -7.0   25.649  121.820    250.0   1020.1    294.6    296.3      0.3   1067.2     76.7      0.0    231.3
    15     1    25    11    17     3     0     3    -7.0   24.858  120.503    249.0   1006.5    298.0    298.5      0.0   1039.6     69.6     96.7    546.8
    16     1    25    11    17     3     0     3    -7.0   26.916  122.323    251.4   1022.1    293.2    295.1      0.0   1119.2     72.1      0.0    158.5
    17     1    25    11    17     3     0     3    -7.0   26.976  122.283    252.3   1022.1    292.9    294.8      0.0   1141.2     66.9      0.0    106.1
    18     1    25    11    17     3     0     3    -7.0   26.755  122.235    253.4   1020.6    293.6    295.3      0.2   1090.1     75.6      0.0    118.5
    19     1    25    11    17     3     0     3    -7.0   26.636  122.541      0.0    993.3    293.7    293.1      0.3   1035.7     82.2      0.0    195.6
    20     1    25    11    17     3     0     3    -7.0   27.188  122.666     10.9    992.8    292.9    292.3      0.0   1150.8     73.2      0.0    231.4
    21     1    25    11    17     3     0     3    -7.0   25.873  122.055      0.0    993.8    295.1    294.6      0.6   1061.8     82.0      0.0    358.4
    22     1    25    11    17     3     0     3    -7.0   24.818  121.081      0.0    969.7    297.0    294.4      0.3    945.7     83.2    194.8    444.6
    23     1    25    11    17     3     0     3    -7.0   26.091  122.305      0.0    993.4    294.2    293.7      0.3   1051.1     81.3      0.0    261.7
    24     1    25    11    17     3     0     3    -7.0   25.170  121.014      0.0    977.0    296.2    294.3      0.3    896.3     85.8    138.5    345.3
    25     1    25    11    17     3     0     3    -7.0   27.395  122.729      4.8    993.5    292.9    292.3      0.0   1163.1     72.7      0.0    172.9
    26     1    25    11    17     3     0     3    -7.0   27.418  122.643     25.2    991.1    292.5    291.7      0.0   1194.0     69.9      0.0    173.2
    27     1    25    11    17     3     0     3    -7.0   27.251  122.728      0.0    993.9    293.2    292.7      0.2   1105.0     78.2      0.0    181.0
     1     1    25    11    17     2     0     2    -8.0   26.585  122.333      3.9   1020.7    293.8    295.5      0.0   1029.8     76.0      0.0     85.9
     2     1    25    11    17     2     0     2    -8.0   27.022  122.514      3.5   1021.9    293.1    295.0      0.0   1058.5     70.5      0.0    135.8
     3     1    25    11    17     2     0     2    -8.0   26.189  121.970      3.5   1020.3    294.5    296.2      0.7   1040.2     77.0      0.0    133.4
     4     1    25    11    17     2     0     2    -8.0   25.160  121.310      0.0   1018.3    295.2    296.8      1.0    707.4     79.8     17.5    245.1
     5     1    25    11    17     2     0     2    -8.0   25.936  122.078      0.0   1020.6    294.5    296.2      0.3   1043.0     75.4      0.0    123.6
     6     1    25    11    17     2     0     2    -8.0   25.088  120.714      0.0   1010.3    296.2    297.0      0.0    913.6     78.4     72.8    342.5
     7     1    25    11    17     2     0     2    -8.0   27.278  122.538      1.5   1022.0    293.0    294.9      0.0   1079.3     68.8      0.0     85.6
     8     1    25    11    17     2     0     2    -8.0   27.334  122.478     14.1   1022.1    292.7    294.6      0.0   1114.9     64.9      0.0     96.7
     9     1    25    11    17     2     0     2    -8.0   27.116  122.483      3.3   1021.9    293.3    295.1      0.0   1045.2     74.1      0.0    109.2
    10     1    25    11    17     2     0     2    -8.0   26.567  122.319    254.7   1020.6    293.8    295.5      0.0   1031.0     76.1      0.0     81.5
    11     1    25    11    17     2     0     2    -8.0   27.022  122.514    253.5   1021.9    293.1    295.0      0.0   1058.5     70.5      0.0    135.8
    12     1    25    11    17     2     0     2    -8.0   26.186  121.967    253.5   1020.3    294.5    296.2      0.7   1040.5     77.0      0.0    133.6
    13     1    25    11    17     2     0     2    -8.0   25.158  121.302    249.8   1018.0    295.2    296.8      0.9    707.2     79.9     19.7    241.2
    14     1    25    11    17     2     0     2    -8.0   25.936  122.078    250.0   1020.6    294.5    296.2      0.3   1043.0     75.4      0.0    123.6
    15     1    25    11    17     2     0     2    -8.0   25.085  120.710    249.3   1010.3    296.2    297.0      0.0    913.7     78.4     72.4    343.7
    16     1    25    11    17     2     0     2    -8.0   27.273  122.535    251.5   1022.0    293.0    294.9      0.0   1078.7     68.8      0.0     85.8
    17     1    25    11    17     2     0     2    -8.0   27.327  122.474    253.3   1022.6    292.8    294.6      0.0   1113.4     65.0      0.0     94.5
    18     1    25    11    17     2     0     2    -8.0   27.108  122.476    253.4   1021.9    293.3    295.1      0.0   1045.4     74.2      0.0    110.4
    19     1    25    11    17     2     0     2    -8.0   26.982  122.815      0.0    994.7    293.4    292.9      0.2    999.0     80.7      0.0    222.2
    20     1    25    11    17     2     0     2    -8.0   27.542  122.885     16.6    992.5    292.6    292.0      0.0   1161.6     72.4      0.0    223.8
    21     1    25    11    17     2     0     2    -8.0   26.141  122.364      0.0    993.7    294.9    294.4      0.3   1054.6     81.2      0.0    182.9
    22     1    25    11    17     2     0     2    -8.0   24.899  121.297      0.0    970.0    296.3    293.7      0.3    606.4     88.1    235.2    237.1
    23     1    25    11    17     2     0     2    -8.0   26.406  122.586      0.0    994.1    293.9    293.4      0.0    997.8     80.7      0.0    241.4
    24     1    25    11    17     2     0     2    -8.0   25.323  121.294      0.0    996.9    295.5    295.2      0.9    617.3     83.8     32.9    213.7
    25     1    25    11    17     2     0     2    -8.0   27.762  122.951      3.3    994.1    292.5    292.0      0.0   1151.4     71.8      0.0    175.9
    26     1    25    11    17     2     0     2    -8.0   27.776  122.850     42.7    990.5    292.2    291.4      0.0   1182.5     70.4      0.0    246.4
    27     1    25    11    17     2     0     2    -8.0   27.620  122.979      0.0    994.6    293.0    292.5      0.0   1052.3     76.6      0.0    190.0
     1     1    25    11    17     1     0     1    -9.0   26.903  122.560      3.9   1021.4    293.4    295.1      0.0    943.9     75.8      0.0     75.6
     2     1    25    11    17     1     0     1    -9.0   27.351  122.709      3.5   1022.0    292.9    294.8      0.0    997.5     70.6      0.0     92.9
     3     1    25    11    17     1     0     1    -9.0   26.481  122.224      3.5   1021.2    294.4    296.1      0.4   1035.2     75.4      0.0     62.7
     4     1    25    11    17     1     0     1    -9.0   25.365  121.571      0.0   1019.8    295.3    297.0      0.7    866.1     77.1      0.0    169.7
     5     1    25    11    17     1     0     1    -9.0   26.220  122.322      0.0   1021.2    294.2    296.0      0.0   1016.9     74.4      0.0     92.7
     6     1    25    11    17     1     0     1    -9.0   25.291  120.956      0.0   1010.3    295.2    296.1      0.1    740.3     82.9     75.5    105.4
     7     1    25    11    17     1     0     1    -9.0   27.613  122.723      1.6   1022.5    292.8    294.6      0.0   1012.4     68.4      0.0     65.8
     8     1    25    11    17     1     0     1    -9.0   27.663  122.653     16.2   1022.7    292.5    294.4      0.0   1149.2     63.9      0.0    105.6
     9     1    25    11    17     1     0     1    -9.0   27.454  122.691      3.3   1021.8    293.1    294.9      0.0    981.8     72.1      0.0     67.6
    10     1    25    11    17     1     0     1    -9.0   26.885  122.548    254.7   1021.4    293.4    295.2      0.0    941.7     75.9      0.0     73.8
    11     1    25    11    17     1     0     1    -9.0   27.351  122.709    253.5   1022.0    292.9    294.8      0.0    997.5     70.6      0.0     92.9
    12     1    25    11    17     1     0     1    -9.0   26.478  122.221    253.5   1021.2    294.4    296.1      0.4   1035.0     75.4      0.0     62.8
    13     1    25    11    17     1     0     1    -9.0   25.362  121.564    250.0   1019.8    295.3    297.0      0.7    865.3     77.2      0.0    169.9
    14     1    25    11    17     1     0     1    -9.0   26.220  122.322    250.0   1021.2    294.2    296.0      0.0   1016.9     74.4      0.0     92.7
    15     1    25    11    17     1     0     1    -9.0   25.288  120.952    249.3   1010.5    295.2    296.1      0.1    742.9     82.8     74.5    107.4
    16     1    25    11    17     1     0     1    -9.0   27.609  122.720    251.6   1022.5    292.8    294.7      0.0   1011.1     68.5      0.0     65.2
    17     1    25    11    17     1     0     1    -9.0   27.652  122.647    254.7   1023.4    292.5    294.5      0.0   1146.9     64.0      0.0    103.1
    18     1    25    11    17     1     0     1    -9.0   27.446  122.685    253.4   1021.8    293.1    294.9      0.0    983.3     72.1      0.0     67.0
    19     1    25    11    17     1     0     1    -9.0   27.316  123.065      0.0    994.0    293.1    292.6      0.0    932.2     80.5      0.0    160.9
    20     1    25    11    17     1     0     1    -9.0   27.882  123.088      0.0    995.2    292.4    292.0      0.0   1056.3     71.3      0.0    183.2
    21     1    25    11    17     1     0     1    -9.0   26.408  122.660      0.0    994.4    294.8    294.3      0.0   1048.1     79.8      0.0    110.7
    22     1    25    11    17     1     0     1    -9.0   24.994  121.520      0.0    998.4    295.8    295.7      0.7    537.0     81.0     29.9    158.1
    23     1    25    11    17     1     0     1    -9.0   26.714  122.850      0.0    994.0    293.7    293.2      0.0    928.1     81.0      0.0    169.8
    24     1    25    11    17     1     0     1    -9.0   25.502  121.576      0.0    997.7    295.5    295.3      0.6    769.6     82.4      0.0    172.4
    25     1    25    11    17     1     0     1    -9.0   28.109  123.151      0.0    995.4    292.3    291.9      0.0   1074.0     71.3      0.0    163.2
    26     1    25    11    17     1     0     1    -9.0   28.124  123.044     49.5    990.0    292.0    291.2      0.0   1166.3     68.6      0.0    169.9
    27     1    25    11    17     1     0     1    -9.0   27.970  123.204      0.0    994.4    292.8    292.3      0.0   1062.3     76.2      0.0    131.6
     1     1    25    11    17     0     0     0   -10.0   27.212  122.764      3.9   1021.7    293.2    295.0      0.1    874.2     76.2      0.0     28.7
     2     1    25    11    17     0     0     0   -10.0   27.664  122.889      3.5   1023.4    292.7    294.6      0.0   1013.9     69.7      0.0     17.1
     3     1    25    11    17     0     0     0   -10.0   26.764  122.462      3.5   1021.7    294.1    295.9      0.0    996.1     74.6      0.0     16.9
     4     1    25    11    17     0     0     0   -10.0   25.588  121.829      0.0   1019.7    295.5    297.1      0.6    922.8     75.7      0.0     21.7
     5     1    25    11    17     0     0     0   -10.0   26.495  122.543      0.0   1021.7    293.9    295.8      0.0    912.4     74.4      0.0     35.9
     6     1    25    11    17     0     0     0   -10.0   25.473  121.206      0.0   1016.8    295.1    296.6      0.8    751.6     79.5     25.9     36.1
     7     1    25    11    17     0     0     0   -10.0   27.925  122.899      1.7   1023.7    292.6    294.6      0.0   1044.9     67.1      0.0     13.6
     8     1    25    11    17     0     0     0   -10.0   27.977  122.819     16.5   1022.9    292.5    294.4      0.0   1159.0     61.4      0.0     14.2
     9     1    25    11    17     0     0     0   -10.0   27.779  122.875      3.3   1021.7    292.9    294.7      0.0    866.7     73.4      0.0     22.9
    10     1    25    11    17     0     0     0   -10.0   27.194  122.752    254.7   1021.7    293.2    295.0      0.1    874.2     76.2      0.0     28.4
    11     1    25    11    17     0     0     0   -10.0   27.664  122.889    253.5   1023.4    292.7    294.6      0.0   1013.9     69.7      0.0     17.1
    12     1    25    11    17     0     0     0   -10.0   26.761  122.459    253.5   1021.7    294.1    295.9      0.0    996.9     74.6      0.0     16.8
    13     1    25    11    17     0     0     0   -10.0   25.587  121.821    250.0   1019.7    295.5    297.1      0.6    924.0     75.7      0.0     21.7
    14     1    25    11    17     0     0     0   -10.0   26.495  122.543    250.0   1021.7    293.9    295.8      0.0    912.4     74.4      0.0     35.9
    15     1    25    11    17     0     0     0   -10.0   25.470  121.202    249.7   1016.7    295.1    296.5      0.8    748.6     79.6     27.5     35.9
    16     1    25    11    17     0     0     0   -10.0   27.920  122.896    251.7   1023.7    292.6    294.6      0.0   1045.1     67.2      0.0     13.7
    17     1    25    11    17     0     0     0   -10.0   27.962  122.810    254.9   1023.7    292.5    294.5      0.0   1155.2     61.7      0.0     14.2
    18     1    25    11    17     0     0     0   -10.0   27.771  122.869    253.4   1021.7    292.9    294.7      0.0    865.1     73.4      0.0     22.5
    19     1    25    11    17     0     0     0   -10.0   27.632  123.291      0.0    994.0    293.0    292.5      0.0    909.2     82.1      0.0     36.7
    20     1    25    11    17     0     0     0   -10.0   28.230  123.278      3.0    995.3    292.3    291.9      0.0    936.8     68.8      0.0     33.5
    21     1    25    11    17     0     0     0   -10.0   26.674  122.935      0.0    995.3    294.3    293.9      0.0    954.9     80.4      0.0     33.2
    22     1    25    11    17     0     0     0   -10.0   25.123  121.782      0.0    997.6    295.7    295.5      0.4    668.8     82.1      0.0     37.0
    23     1    25    11    17     0     0     0   -10.0   27.006  123.081      0.0    994.0    293.4    292.9      0.1    884.8     80.9      0.0     39.2
    24     1    25    11    17     0     0     0   -10.0   25.710  121.859      0.0    995.2    295.4    295.0      0.5    848.6     81.9      0.0     27.8
    25     1    25    11    17     0     0     0   -10.0   28.459  123.341      0.0    995.9    292.3    292.0      0.0   1015.1     67.9      0.0     24.1
    26     1    25    11    17     0     0     0   -10.0   28.452  123.230     84.0    985.9    292.0    290.8      0.0   1243.6     68.4      0.0     20.5
    27     1    25    11    17     0     0     0   -10.0   28.305  123.414      0.0    996.7    292.5    292.2      0.1    989.9     74.3      0.0     29.3
     1     1    25    11    16    23     0     1   -11.0   27.510  122.947      3.9   1021.7    293.1    294.9      0.0    827.0     75.6      0.0     21.8
     2     1    25    11    16    23     0     1   -11.0   27.963  123.049      3.5   1023.0    292.5    294.5      0.0    930.4     67.5      0.0     12.5
     3     1    25    11    16    23     0     1   -11.0   27.038  122.671      3.5   1021.0    293.8    295.6      0.1    878.6     74.9      0.0     21.5
     4     1    25    11    16    23     0     1   -11.0   25.807  122.094      0.0   1019.7    295.4    297.1      0.5    985.8     74.5      0.0     14.9
     5     1    25    11    16    23     0     1   -11.0   26.753  122.741      0.0   1021.1    293.8    295.6      0.0    863.5     74.5      0.0     25.3
     6     1    25    11    16    23     0     1   -11.0   25.689  121.466      0.0   1019.5    295.2    296.8      0.8    854.5     77.6      0.0     24.2
     7     1    25    11    16    23     0     1   -11.0   28.227  123.055      1.7   1023.0    292.5    294.4      0.0   1028.2     65.6      0.0      8.5
     8     1    25    11    16    23     0     1   -11.0   28.270  122.972     16.5   1022.4    292.4    294.2      0.0   1260.1     60.9      0.0      9.5
     9     1    25    11    16    23     0     1   -11.0   28.084  123.043      3.3   1023.0    292.6    294.5      0.0    930.5     71.3      0.0      9.3
    10     1    25    11    16    23     0     1   -11.0   27.492  122.935    254.7   1021.7    293.1    294.9      0.0    827.5     75.5      0.0     21.7
    11     1    25    11    16    23     0     1   -11.0   27.963  123.049    253.5   1023.0    292.5    294.5      0.0    930.4     67.5      0.0     12.5
    12     1    25    11    16    23     0     1   -11.0   27.034  122.669    253.5   1021.0    293.8    295.6      0.1    879.3     74.9      0.0     21.4
    13     1    25    11    16    23     0     1   -11.0   25.807  122.086    250.0   1019.7    295.4    297.1      0.5    984.6     74.5      0.0     14.9
    14     1    25    11    16    23     0     1   -11.0   26.753  122.741    250.0   1021.1    293.8    295.6      0.0    863.5     74.5      0.0     25.3
    15     1    25    11    16    23     0     1   -11.0   25.686  121.461    250.0   1019.5    295.2    296.8      0.8    852.7     77.6      0.0     24.2
    16     1    25    11    16    23     0     1   -11.0   28.222  123.052    251.7   1023.0    292.5    294.4      0.0   1027.9     65.7      0.0      8.5
    17     1    25    11    16    23     0     1   -11.0   28.252  122.960    254.9   1023.2    292.4    294.3      0.0   1249.3     61.1      0.0      9.5
    18     1    25    11    16    23     0     1   -11.0   28.076  123.037    253.4   1023.0    292.6    294.5      0.0    929.6     71.3      0.0      9.4
    19     1    25    11    16    23     0     1   -11.0   27.940  123.494      0.0    994.0    292.8    292.3      0.1    811.8     80.2      0.0     24.6
    20     1    25    11    16    23     0     1   -11.0   28.537  123.443     56.6    988.4    292.2    291.2      0.0   1091.5     70.1      0.0      9.4
    21     1    25    11    16    23     0     1   -11.0   26.928  123.173      0.0    993.4    294.1    293.6      0.1    824.3     81.5      0.0     28.1
    22     1    25    11    16    23     0     1   -11.0   25.254  122.065      0.0    994.9    296.0    295.6      0.5    795.9     80.0      0.0     20.1
    23     1    25    11    16    23     0     1   -11.0   27.278  123.280      0.0    995.2    293.5    293.1      0.0    879.8     80.3      0.0     23.6
    24     1    25    11    16    23     0     1   -11.0   25.904  122.150      0.0    995.7    295.5    295.2      0.4    938.8     79.4      0.0     14.9
    25     1    25    11    16    23     0     1   -11.0   28.771  123.513     35.6    990.9    292.1    291.3      0.0   1113.7     69.9      0.0     12.3
    26     1    25    11    16    23     0     1   -11.0   28.743  123.405    119.7    981.6    291.5    290.0      0.0   1210.2     72.3      0.0     16.8
    27     1    25    11    16    23     0     1   -11.0   28.627  123.592      0.0    995.4    292.4    292.0      0.0    832.0     73.9      0.0     21.2
     1     1    25    11    16    22     0     2   -12.0   27.794  123.096      3.9   1021.6    292.8    294.6      0.0    782.9     74.8      0.0     10.3
     2     1    25    11    16    22     0     2   -12.0   28.242  123.181      3.6   1022.3    292.5    294.4      0.0    939.6     67.5      0.0      9.9
     3     1    25    11    16    22     0     2   -12.0   27.291  122.847      3.5   1021.3    293.7    295.5      0.0    869.7     73.5      0.0     11.7
     4     1    25    11    16    22     0     2   -12.0   26.024  122.349      0.0   1019.6    295.2    296.9      0.0   1007.9     73.5      0.0      7.6
     5     1    25    11    16    22     0     2   -12.0   26.989  122.911      0.0   1021.2    293.8    295.6      0.0    847.8     72.7      0.0     12.9
     6     1    25    11    16    22     0     2   -12.0   25.906  121.717      0.0   1019.6    295.2    296.9      0.6    883.9     76.2      0.0      7.9
     7     1    25    11    16    22     0     2   -12.0   28.499  123.187      1.7   1022.3    292.5    294.4      0.0   1127.0     64.4      0.0      6.5
     8     1    25    11    16    22     0     2   -12.0   28.525  123.119     16.5   1022.6    292.1    294.0      0.0   1268.9     62.4      0.0      6.7
     9     1    25    11    16    22     0     2   -12.0   28.368  123.183      3.3   1022.3    292.6    294.4      0.0    919.0     69.3      0.0      5.6
    10     1    25    11    16    22     0     2   -12.0   27.777  123.085    254.7   1021.6    292.8    294.6      0.0    781.3     74.9      0.0     10.4
    11     1    25    11    16    22     0     2   -12.0   28.242  123.181    253.6   1022.3    292.5    294.4      0.0    939.6     67.5      0.0      9.9
    12     1    25    11    16    22     0     2   -12.0   27.288  122.845    253.5   1021.3    293.7    295.5      0.0    869.9     73.5      0.0     11.7
    13     1    25    11    16    22     0     2   -12.0   26.024  122.341    250.0   1019.6    295.2    296.9      0.0   1010.2     73.6      0.0      7.6
    14     1    25    11    16    22     0     2   -12.0   26.989  122.911    250.0   1021.2    293.8    295.6      0.0    847.8     72.7      0.0     12.9
    15     1    25    11    16    22     0     2   -12.0   25.903  121.712    250.0   1019.6    295.2    296.9      0.6    883.0     76.2      0.0      8.0
    16     1    25    11    16    22     0     2   -12.0   28.494  123.183    251.7   1022.3    292.5    294.4      0.0   1125.8     64.4      0.0      6.4
    17     1    25    11    16    22     0     2   -12.0   28.504  123.105    254.9   1023.2    292.1    294.1      0.0   1277.3     62.1      0.0      6.6
    18     1    25    11    16    22     0     2   -12.0   28.360  123.177    253.4   1022.3    292.6    294.4      0.0    918.0     69.3      0.0      5.5
    19     1    25    11    16    22     0     2   -12.0   28.223  123.646      0.0    994.8    292.7    292.3      0.1    669.1     80.0      0.0     11.9
    20     1    25    11    16    22     0     2   -12.0   28.793  123.582     84.6    985.5    291.8    290.6      0.0   1086.1     74.1      0.0      5.7
    21     1    25    11    16    22     0     2   -12.0   27.159  123.379      0.0    992.9    294.1    293.5      0.2    728.2     80.8      0.0     14.1
    22     1    25    11    16    22     0     2   -12.0   25.375  122.360      0.0    993.6    296.2    295.6      0.5    916.3     77.4      0.0      9.3
    23     1    25    11    16    22     0     2   -12.0   27.536  123.445      0.0    994.7    293.4    292.9      0.0    832.6     79.4      0.0     12.5
    24     1    25    11    16    22     0     2   -12.0   26.100  122.439      0.0    993.3    295.4    294.9      0.1    986.7     79.1      0.0      7.0
    25     1    25    11    16    22     0     2   -12.0   29.039  123.664     50.5    989.4    291.7    290.8      0.0    986.5     73.6      0.0      8.0
    26     1    25    11    16    22     0     2   -12.0   29.011  123.563    137.9    979.5    291.4    289.7      0.0   1196.2     73.1      0.0     11.0
    27     1    25    11    16    22     0     2   -12.0   28.923  123.736     27.3    991.1    292.4    291.7      0.0    879.5     73.9      0.0      5.9
