    10     1
    GFSQ    25    12     2     0     0
    GFSQ    25    12     3     0     0
    GFSQ    25    12     4     0     0
    GFSQ    25    12     5     0     0
    GFSQ    25    12     6     0     0
    GFSQ    25    12     7     0     0
    GFSQ    25    12     8     0     0
    GFSQ    25    12     9     0     0
    GFSQ    25    12    10     0     0
    GFSQ    25    12    11     0     0
    27 BACKWARD OMEGA   
    25    12    10     4   24.216  120.619    10.0
    25    12    10     4   24.216  120.619    10.0
    25    12    10     4   24.216  120.619    10.0
    25    12    10     4   24.216  120.619    10.0
    25    12    10     4   24.216  120.619    10.0
    25    12    10     4   24.216  120.619    10.0
    25    12    10     4   24.216  120.619    10.0
    25    12    10     4   24.216  120.619    10.0
    25    12    10     4   24.216  120.619    10.0
    25    12    10     4   24.216  120.619    10.0
    25    12    10     4   24.216  120.619    10.0
    25    12    10     4   24.216  120.619    10.0
    25    12    10     4   24.216  120.619    10.0
    25    12    10     4   24.216  120.619    10.0
    25    12    10     4   24.216  120.619    10.0
    25    12    10     4   24.216  120.619    10.0
    25    12    10     4   24.216  120.619    10.0
    25    12    10     4   24.216  120.619    10.0
    25    12    10     4   24.216  120.619    10.0
    25    12    10     4   24.216  120.619    10.0
    25    12    10     4   24.216  120.619    10.0
    25    12    10     4   24.216  120.619    10.0
    25    12    10     4   24.216  120.619    10.0
    25    12    10     4   24.216  120.619    10.0
    25    12    10     4   24.216  120.619    10.0
    25    12    10     4   24.216  120.619    10.0
    25    12    10     4   24.216  120.619    10.0
     8 PRESSURE THETA    AIR_TEMP RAINFALL MIXDEPTH RELHUMID TERR_MSL SUN_FLUX
     1     1    25    12    10     4     0     2     0.0   24.216  120.619     10.0    999.0    294.7    294.6      0.0    737.6     73.1    158.4    452.3
     2     1    25    12    10     4     0     2     0.0   24.216  120.619     10.0   1007.9    292.5    293.1      0.0    592.0     84.3     84.1    289.1
     3     1    25    12    10     4     0     2     0.0   24.216  120.619     10.0    996.3    296.6    296.3      0.0    939.3     61.3    168.3    520.5
     4     1    25    12    10     4     0     2     0.0   24.216  120.619     10.0    927.9    300.0    293.5      0.0    953.1     56.7    813.3    544.5
     5     1    25    12    10     4     0     2     0.0   24.216  120.619     10.0    950.3    297.2    292.7      0.0    817.1     71.4    601.0    436.9
     6     1    25    12    10     4     0     2     0.0   24.216  120.619     10.0    941.2    300.4    295.1      0.0   1118.2     49.1    670.5    555.1
     7     1    25    12    10     4     0     2     0.0   24.216  120.619     10.0   1016.7    291.5    292.9      0.0    554.1     85.5     11.1    347.6
     8     1    25    12    10     4     0     2     0.0   24.216  120.619     10.0   1017.8    290.6    292.1      0.0    526.6     88.6      1.5    252.9
     9     1    25    12    10     4     0     2     0.0   24.216  120.619     10.0   1015.0    293.1    294.4      0.0    671.9     77.9     13.2    431.6
    10     1    25    12    10     4     0     2     0.0   24.216  120.619     10.0    999.0    294.7    294.6      0.0    737.6     73.1    158.4    452.3
    11     1    25    12    10     4     0     2     0.0   24.216  120.619     10.0   1007.9    292.5    293.1      0.0    592.0     84.3     84.1    289.1
    12     1    25    12    10     4     0     2     0.0   24.216  120.619     10.0    996.4    296.6    296.3      0.0    939.3     61.3    168.3    520.5
    13     1    25    12    10     4     0     2     0.0   24.216  120.619     10.0    927.9    300.0    293.5      0.0    953.1     56.7    813.3    544.5
    14     1    25    12    10     4     0     2     0.0   24.216  120.619     10.0    950.3    297.2    292.7      0.0    817.1     71.4    601.0    436.9
    15     1    25    12    10     4     0     2     0.0   24.216  120.619     10.0    941.2    300.4    295.1      0.0   1118.2     49.1    670.5    555.1
    16     1    25    12    10     4     0     2     0.0   24.216  120.619     10.0   1016.7    291.5    292.9      0.0    554.1     85.5     11.1    347.6
    17     1    25    12    10     4     0     2     0.0   24.216  120.619     10.0   1017.8    290.6    292.1      0.0    526.6     88.6      1.5    252.9
    18     1    25    12    10     4     0     2     0.0   24.216  120.619     10.0   1015.0    293.1    294.4      0.0    671.9     77.9     13.2    431.6
    19     1    25    12    10     4     0     2     0.0   24.216  120.619     10.0    970.7    294.3    291.8      0.0    737.6     82.4    158.4    452.3
    20     1    25    12    10     4     0     2     0.0   24.216  120.619     10.0    979.1    292.3    290.6      0.0    592.0     94.0     84.1    289.1
    21     1    25    12    10     4     0     2     0.0   24.216  120.619     10.0    968.2    296.0    293.2      0.0    939.3     70.5    168.3    520.5
    22     1    25    12    10     4     0     2     0.0   24.216  120.619     10.0    902.1    299.3    290.5      0.0    953.1     64.4    813.3    544.5
    23     1    25    12    10     4     0     2     0.0   24.216  120.619     10.0    923.6    296.7    289.9      0.0    817.1     80.9    601.0    436.9
    24     1    25    12    10     4     0     2     0.0   24.216  120.619     10.0    915.0    299.7    292.1      0.0   1118.2     56.2    670.5    555.1
    25     1    25    12    10     4     0     2     0.0   24.216  120.619     10.0    987.6    291.3    290.3      0.0    554.1     95.6     11.1    347.6
    26     1    25    12    10     4     0     2     0.0   24.216  120.619     10.0    988.5    290.6    289.6      0.0    526.6     98.0      1.5    252.9
    27     1    25    12    10     4     0     2     0.0   24.216  120.619     10.0    986.0    292.7    291.5      0.0    671.9     88.4     13.2    431.6
     1     1    25    12    10     3     0     3    -1.0   24.359  120.519      0.0   1006.4    293.1    293.6      0.0    607.2     82.3    100.6    291.1
     2     1    25    12    10     3     0     3    -1.0   24.409  120.525      0.0   1017.3    291.3    292.7      0.0    459.0     90.4      9.5    198.4
     3     1    25    12    10     3     0     3    -1.0   24.301  120.488      0.0   1003.2    295.0    295.3      0.0    774.0     70.6    118.7    439.7
     4     1    25    12    10     3     0     3    -1.0   24.211  120.466      0.0    952.5    298.4    294.1      0.0    844.6     60.5    587.9    490.2
     5     1    25    12    10     3     0     3    -1.0   24.256  120.491      0.0    977.9    295.4    293.4      0.0    724.6     75.7    357.7    351.4
     6     1    25    12    10     3     0     3    -1.0   24.191  120.451      0.0    968.1    299.1    296.3      0.0   1037.3     49.7    422.8    523.9
     7     1    25    12    10     3     0     3    -1.0   24.466  120.564      3.3   1018.3    290.7    292.2      0.0    487.2     90.3      0.0    206.5
     8     1    25    12    10     3     0     3    -1.0   24.491  120.562      8.0   1019.4    289.9    291.5      0.0    497.2     90.9      0.0    193.4
     9     1    25    12    10     3     0     3    -1.0   24.422  120.549      0.0   1016.9    291.7    293.1      0.0    555.4     86.3     14.0    321.5
    10     1    25    12    10     3     0     3    -1.0   24.359  120.519    249.0   1006.4    293.1    293.6      0.0    607.2     82.3    100.6    291.2
    11     1    25    12    10     3     0     3    -1.0   24.409  120.525    249.9   1017.3    291.3    292.7      0.0    459.0     90.4      9.5    198.4
    12     1    25    12    10     3     0     3    -1.0   24.301  120.488    248.8   1003.2    295.0    295.3      0.0    774.0     70.6    118.7    439.7
    13     1    25    12    10     3     0     3    -1.0   24.211  120.466    244.1    952.5    298.4    294.1      0.0    844.7     60.5    588.0    490.2
    14     1    25    12    10     3     0     3    -1.0   24.256  120.491    246.4    977.9    295.4    293.4      0.0    724.7     75.7    357.8    351.4
    15     1    25    12    10     3     0     3    -1.0   24.191  120.451    245.8    968.0    299.1    296.3      0.0   1037.3     49.7    422.8    523.9
    16     1    25    12    10     3     0     3    -1.0   24.466  120.564    250.0   1018.3    290.7    292.2      0.0    487.2     90.3      0.0    206.5
    17     1    25    12    10     3     0     3    -1.0   24.491  120.562    250.0   1019.4    289.9    291.5      0.0    497.2     90.9      0.0    193.4
    18     1    25    12    10     3     0     3    -1.0   24.422  120.549    249.9   1016.9    291.7    293.1      0.0    555.4     86.3     14.0    321.5
    19     1    25    12    10     3     0     3    -1.0   24.386  120.545      0.0    979.7    293.0    291.3      0.0    615.3     91.2    110.1    283.2
    20     1    25    12    10     3     0     3    -1.0   24.427  120.548      0.0    991.0    291.4    290.6      0.0    444.9     97.9      4.6    199.7
    21     1    25    12    10     3     0     3    -1.0   24.344  120.506      0.0    974.9    294.5    292.4      0.0    758.7     79.9    140.6    433.1
    22     1    25    12    10     3     0     3    -1.0   24.225  120.472      0.0    931.8    297.8    291.7      0.0    842.8     67.4    603.1    483.2
    23     1    25    12    10     3     0     3    -1.0   24.282  120.496      0.0    962.9    294.8    291.5      0.0    703.2     83.5    326.3    349.0
    24     1    25    12    10     3     0     3    -1.0   24.209  120.439      0.0    951.0    298.3    294.0      0.0   1026.2     56.6    397.2    521.4
    25     1    25    12    10     3     0     3    -1.0   24.492  120.595     28.3    986.8    290.9    289.8      0.0    483.6     99.4      0.0    198.1
    26     1    25    12    10     3     0     3    -1.0   24.514  120.588     21.7    988.7    290.0    289.1      0.0    493.3     99.6      0.0    192.9
    27     1    25    12    10     3     0     3    -1.0   24.461  120.581     29.2    985.4    291.6    290.4      0.0    547.5     96.7     15.5    311.7
     1     1    25    12    10     2     0     2    -2.0   24.598  120.540      0.0   1014.7    291.7    292.9      0.0    514.8     88.7     31.2    146.0
     2     1    25    12    10     2     0     2    -2.0   24.734  120.537      0.0   1018.5    290.6    292.1      0.0    512.2     90.7      0.0    175.0
     3     1    25    12    10     2     0     2    -2.0   24.502  120.497      0.0   1004.4    293.3    293.6      0.0    586.9     80.1    116.4    242.8
     4     1    25    12    10     2     0     2    -2.0   24.295  120.439      0.0    972.7    295.9    293.4      0.0    633.1     68.7    403.4    289.8
     5     1    25    12    10     2     0     2    -2.0   24.404  120.478      0.0   1006.7    292.9    293.5      0.0    508.8     83.4    101.3    206.8
     6     1    25    12    10     2     0     2    -2.0   24.236  120.403      0.0    982.3    296.6    295.1      0.0    732.4     55.3    295.9    353.0
     7     1    25    12    10     2     0     2    -2.0   24.820  120.611      2.7   1019.1    290.0    291.6      0.0    526.8     90.4      0.0    134.9
     8     1    25    12    10     2     0     2    -2.0   24.878  120.606      8.4   1019.1    289.3    290.9      0.0    500.3     90.3      0.0    186.2
     9     1    25    12    10     2     0     2    -2.0   24.738  120.602      0.0   1018.2    290.9    292.4      0.0    526.4     90.3      0.0    134.1
    10     1    25    12    10     2     0     2    -2.0   24.598  120.540    249.7   1014.7    291.7    292.9      0.0    514.8     88.7     31.2    146.0
    11     1    25    12    10     2     0     2    -2.0   24.734  120.537    250.0   1018.5    290.6    292.1      0.0    512.2     90.7      0.0    175.0
    12     1    25    12    10     2     0     2    -2.0   24.502  120.497    248.8   1004.4    293.3    293.6      0.0    586.9     80.1    116.4    242.9
    13     1    25    12    10     2     0     2    -2.0   24.295  120.439    246.0    972.7    295.9    293.4      0.0    633.1     68.7    403.4    289.8
    14     1    25    12    10     2     0     2    -2.0   24.404  120.478    249.0   1006.7    292.9    293.5      0.0    508.8     83.4    101.4    206.8
    15     1    25    12    10     2     0     2    -2.0   24.236  120.403    247.0    982.3    296.6    295.1      0.0    732.4     55.3    296.0    353.0
    16     1    25    12    10     2     0     2    -2.0   24.820  120.611    250.1   1019.1    290.0    291.6      0.0    526.8     90.4      0.0    134.9
    17     1    25    12    10     2     0     2    -2.0   24.878  120.606    250.4   1019.1    289.3    290.9      0.0    500.3     90.3      0.0    186.2
    18     1    25    12    10     2     0     2    -2.0   24.738  120.602    250.0   1018.2    290.9    292.4      0.0    526.4     90.3      0.0    134.1
    19     1    25    12    10     2     0     2    -2.0   24.638  120.587      0.0    989.8    291.8    290.9      0.0    495.4     96.6     23.7    148.7
    20     1    25    12    10     2     0     2    -2.0   24.763  120.580      0.0    991.0    290.9    290.2      0.0    504.9     99.1      0.0    191.8
    21     1    25    12    10     2     0     2    -2.0   24.574  120.544      0.0    976.2    293.2    291.2      0.0    587.9     88.8    134.3    224.2
    22     1    25    12    10     2     0     2    -2.0   24.334  120.462      0.0    946.6    295.7    291.0      0.0    638.0     76.4    459.5    280.6
    23     1    25    12    10     2     0     2    -2.0   24.447  120.493      0.0    987.9    292.6    291.6      0.0    491.4     92.3     55.0    210.8
    24     1    25    12    10     2     0     2    -2.0   24.290  120.397      0.0    960.2    296.2    292.8      0.0    706.4     64.1    288.6    347.2
    25     1    25    12    10     2     0     2    -2.0   24.871  120.670     29.4    987.4    290.3    289.3      0.0    524.8     99.5      0.0    137.4
    26     1    25    12    10     2     0     2    -2.0   24.947  120.656     61.7    983.6    289.4    288.1      0.0    488.7     99.8      0.0    194.8
    27     1    25    12    10     2     0     2    -2.0   24.798  120.668     31.8    985.9    291.1    290.0      0.0    521.3     98.9      6.2    128.0
     1     1    25    12    10     1     0     1    -3.0   24.898  120.574      0.0   1018.2    291.0    292.5      0.0    523.6     90.4      0.0     89.2
     2     1    25    12    10     1     0     1    -3.0   25.103  120.557      0.8   1018.4    290.3    291.8      0.0    508.8     90.9      0.0     96.9
     3     1    25    12    10     1     0     1    -3.0   24.723  120.535      0.0   1010.0    292.1    292.9      0.0    550.1     86.3     71.0     86.5
     4     1    25    12    10     1     0     1    -3.0   24.393  120.441      0.0    980.6    294.3    292.6      0.0    510.0     75.3    332.0    131.4
     5     1    25    12    10     1     0     1    -3.0   24.600  120.486      0.0   1015.3    291.9    293.2      0.0    454.3     87.5     23.8    117.9
     6     1    25    12    10     1     0     1    -3.0   24.290  120.387      0.0    984.9    294.8    293.5      0.0    458.8     60.6    277.8    186.2
     7     1    25    12    10     1     0     1    -3.0   25.220  120.661      4.2   1018.7    289.5    291.0      0.0    505.9     90.5      0.0     98.3
     8     1    25    12    10     1     0     1    -3.0   25.283  120.649     10.0   1019.2    288.7    290.3      0.1    577.8     90.5      0.0     55.2
     9     1    25    12    10     1     0     1    -3.0   25.096  120.663      0.2   1018.7    290.3    291.8      0.0    555.4     90.3      0.0     71.2
    10     1    25    12    10     1     0     1    -3.0   24.898  120.574    250.0   1018.2    291.0    292.5      0.0    523.6     90.4      0.0     89.2
    11     1    25    12    10     1     0     1    -3.0   25.103  120.557    250.8   1018.4    290.3    291.8      0.0    508.8     90.9      0.0     96.9
    12     1    25    12    10     1     0     1    -3.0   24.723  120.535    249.3   1010.0    292.1    292.9      0.0    550.1     86.3     71.0     86.5
    13     1    25    12    10     1     0     1    -3.0   24.393  120.441    246.7    980.6    294.3    292.6      0.0    510.0     75.3    332.0    131.4
    14     1    25    12    10     1     0     1    -3.0   24.600  120.486    249.8   1015.3    291.9    293.2      0.0    454.3     87.5     23.8    117.9
    15     1    25    12    10     1     0     1    -3.0   24.290  120.387    247.2    984.9    294.8    293.5      0.0    458.8     60.6    277.8    186.2
    16     1    25    12    10     1     0     1    -3.0   25.220  120.661    251.5   1018.7    289.5    291.0      0.0    505.9     90.5      0.0     98.3
    17     1    25    12    10     1     0     1    -3.0   25.283  120.649    252.0   1019.2    288.7    290.3      0.1    577.8     90.5      0.0     55.2
    18     1    25    12    10     1     0     1    -3.0   25.096  120.663    250.2   1018.7    290.3    291.8      0.0    555.4     90.3      0.0     71.2
    19     1    25    12    10     1     0     1    -3.0   24.939  120.637      0.0    991.5    291.4    290.7      0.0    513.4     98.9      0.0     97.8
    20     1    25    12    10     1     0     1    -3.0   25.150  120.627      6.8    989.3    290.8    289.9      0.0    501.6     99.2      0.0     98.2
    21     1    25    12    10     1     0     1    -3.0   24.805  120.606      0.0    985.1    292.2    290.9      0.0    530.8     94.8     67.4     89.6
    22     1    25    12    10     1     0     1    -3.0   24.458  120.485      0.0    949.4    294.7    290.2      0.0    506.6     82.6    416.9    132.8
    23     1    25    12    10     1     0     1    -3.0   24.649  120.512      0.0    989.7    292.0    291.1      0.0    436.2     96.6     20.0    126.7
    24     1    25    12    10     1     0     1    -3.0   24.390  120.400      0.0    956.2    295.1    291.3      0.0    449.6     71.2    304.5    183.8
    25     1    25    12    10     1     0     1    -3.0   25.294  120.746     68.9    982.4    290.1    288.7      0.0    509.5     99.5      0.0     98.5
    26     1    25    12    10     1     0     1    -3.0   25.384  120.744    113.8    977.8    289.6    287.7      0.3    596.0     99.5      0.0     51.4
    27     1    25    12    10     1     0     1    -3.0   25.156  120.754     13.2    988.8    290.8    289.9      0.0    536.5     99.1      0.0     83.1
     1     1    25    12    10     0     0     0    -4.0   25.250  120.605      1.3   1018.3    290.8    292.3      0.0    496.1     90.2      0.0     10.6
     2     1    25    12    10     0     0     0    -4.0   25.471  120.614      1.2   1018.8    289.9    291.5      0.6    652.1     90.8      0.0      4.3
     3     1    25    12    10     0     0     0    -4.0   24.975  120.595      0.0   1018.3    291.5    293.0      0.0    555.0     89.9      0.0     14.9
     4     1    25    12    10     0     0     0    -4.0   24.502  120.469      0.0    983.9    293.5    292.0      0.0    406.8     78.3    302.9     19.3
     5     1    25    12    10     0     0     0    -4.0   24.832  120.503      0.0   1017.6    291.6    293.0      0.0    406.6     89.3      4.2     19.2
     6     1    25    12    10     0     0     0    -4.0   24.347  120.394      6.8    983.9    293.5    292.2      0.0    229.2     63.9    292.4     28.1
     7     1    25    12    10     0     0     0    -4.0   25.621  120.718      6.4   1019.4    289.1    290.7      0.3    619.0     90.3      0.0      4.6
     8     1    25    12    10     0     0     0    -4.0   25.674  120.727     12.6   1020.0    288.4    290.0      0.4    689.7     89.6      0.0      4.3
     9     1    25    12    10     0     0     0    -4.0   25.492  120.721      2.4   1018.3    289.9    291.4      0.0    515.7     90.0      0.0      8.6
    10     1    25    12    10     0     0     0    -4.0   25.250  120.605    251.3   1018.3    290.8    292.3      0.0    496.1     90.2      0.0     10.6
    11     1    25    12    10     0     0     0    -4.0   25.471  120.614    251.2   1018.8    289.9    291.5      0.6    652.1     90.8      0.0      4.3
    12     1    25    12    10     0     0     0    -4.0   24.975  120.595    250.0   1018.3    291.5    293.0      0.0    555.0     89.9      0.0     14.9
    13     1    25    12    10     0     0     0    -4.0   24.502  120.469    247.0    983.9    293.5    292.0      0.0    406.8     78.3    302.9     19.3
    14     1    25    12    10     0     0     0    -4.0   24.832  120.503    250.0   1017.6    291.6    293.0      0.0    406.6     89.3      4.2     19.2
    15     1    25    12    10     0     0     0    -4.0   24.347  120.394    253.8    983.9    293.5    292.2      0.0    229.2     63.9    292.4     28.1
    16     1    25    12    10     0     0     0    -4.0   25.621  120.718    253.8   1019.4    289.1    290.7      0.3    619.0     90.3      0.0      4.6
    17     1    25    12    10     0     0     0    -4.0   25.672  120.726    254.3   1020.3    288.4    290.1      0.4    689.3     89.5      0.0      4.3
    18     1    25    12    10     0     0     0    -4.0   25.492  120.721    252.4   1018.3    289.9    291.4      0.0    515.7     90.0      0.0      8.6
    19     1    25    12    10     0     0     0    -4.0   25.290  120.691      1.5    990.1    291.4    290.6      0.0    467.7     97.8      0.0     12.6
    20     1    25    12    10     0     0     0    -4.0   25.523  120.732      0.0    992.7    290.6    290.0      0.6    613.6     98.4      0.0      6.0
    21     1    25    12    10     0     0     0    -4.0   25.058  120.681      0.0    990.8    291.7    291.0      0.0    490.0     97.2     11.4     18.9
    22     1    25    12    10     0     0     0    -4.0   24.585  120.531      0.0    958.5    293.6    290.0      0.0    341.2     86.8    300.3     21.3
    23     1    25    12    10     0     0     0    -4.0   24.882  120.548      0.0    991.2    291.9    291.2      0.0    376.5     96.0      3.2     20.1
    24     1    25    12    10     0     0     0    -4.0   24.491  120.431     15.3    943.9    294.8    289.9      0.0    279.9     77.5    408.8     26.5
    25     1    25    12    10     0     0     0    -4.0   25.702  120.855     81.7    981.1    290.3    288.7      0.6    645.3     99.7      0.0      4.3
    26     1    25    12    10     0     0     0    -4.0   25.793  120.888     80.4    982.7    289.1    287.6      0.4    721.6     99.7      0.0      2.6
    27     1    25    12    10     0     0     0    -4.0   25.556  120.831     33.2    986.4    290.8    289.6      0.0    509.0     99.5      0.0      9.3
     1     1    25    12     9    23     0     1    -5.0   25.607  120.657      2.3   1018.6    290.4    291.9      0.2    612.9     90.9      0.0      3.9
     2     1    25    12     9    23     0     1    -5.0   25.828  120.722      0.0   1019.5    289.2    290.8      0.5    698.3     89.9      0.0      1.3
     3     1    25    12     9    23     0     1    -5.0   25.279  120.645      0.0   1017.9    291.3    292.8      0.0    508.1     90.0      0.0     11.5
     4     1    25    12     9    23     0     1    -5.0   24.614  120.507      9.2    995.4    292.6    292.1      0.0    319.8     80.0    203.3     13.5
     5     1    25    12     9    23     0     1    -5.0   25.087  120.536      0.0   1018.1    291.6    293.1      0.0    444.2     88.8      0.0     11.0
     6     1    25    12     9    23     0     1    -5.0   24.400  120.414     51.2    971.2    293.6    291.1      0.0    167.5     68.4    366.9     19.0
     7     1    25    12     9    23     0     1    -5.0   25.996  120.811      7.4   1019.9    288.6    290.2      0.3    707.1     89.4      0.0      2.4
     8     1    25    12     9    23     0     1    -5.0   26.038  120.835     14.3   1019.4    287.7    289.3      0.3    648.8     89.1      0.0      1.6
     9     1    25    12     9    23     0     1    -5.0   25.880  120.784      4.6   1019.0    289.5    291.0      0.2    637.9     90.3      0.0      3.2
    10     1    25    12     9    23     0     1    -5.0   25.607  120.657    252.3   1018.6    290.4    291.9      0.2    612.9     90.9      0.0      3.9
    11     1    25    12     9    23     0     1    -5.0   25.828  120.722    250.0   1019.5    289.2    290.8      0.5    698.3     89.9      0.0      1.3
    12     1    25    12     9    23     0     1    -5.0   25.279  120.645    250.0   1017.9    291.3    292.8      0.0    508.1     90.0      0.0     11.5
    13     1    25    12     9    23     0     1    -5.0   24.614  120.507    257.2    995.4    292.6    292.1      0.0    319.8     80.0    203.3     13.5
    14     1    25    12     9    23     0     1    -5.0   25.087  120.536    250.0   1018.1    291.6    293.1      0.0    444.2     88.8      0.0     11.0
    15     1    25    12     9    23     0     1    -5.0   24.400  120.414    297.5    971.2    293.6    291.1      0.0    167.4     68.4    367.0     19.0
    16     1    25    12     9    23     0     1    -5.0   25.996  120.811    254.8   1019.9    288.6    290.2      0.3    707.1     89.4      0.0      2.4
    17     1    25    12     9    23     0     1    -5.0   26.033  120.832    255.5   1020.0    287.8    289.4      0.3    650.2     89.0      0.0      1.5
    18     1    25    12     9    23     0     1    -5.0   25.880  120.784    254.6   1019.0    289.5    291.0      0.2    637.9     90.3      0.0      3.2
    19     1    25    12     9    23     0     1    -5.0   25.608  120.791      0.0    991.9    291.2    290.5      0.2    529.2     96.8      0.0      7.2
    20     1    25    12     9    23     0     1    -5.0   25.848  120.918      0.0    993.6    290.3    289.8      1.1    654.9     97.3      0.0      1.0
    21     1    25    12     9    23     0     1    -5.0   25.331  120.742      0.0    991.1    291.8    291.0      0.0    422.4     96.5      3.7     12.6
    22     1    25    12     9    23     0     1    -5.0   24.685  120.568      3.6    977.7    292.5    290.6      0.0    261.8     90.8    114.6     14.5
    23     1    25    12     9    23     0     1    -5.0   25.110  120.621      0.0    991.9    292.2    291.6      0.0    394.5     92.7      0.0     13.4
    24     1    25    12     9    23     0     1    -5.0   24.585  120.475     39.6    930.4    295.2    289.0      0.0    232.1     81.5    510.3     15.9
    25     1    25    12     9    23     0     1    -5.0   26.084  121.017     10.9    989.8    289.5    288.7      0.7    688.7     98.9      0.0      1.2
    26     1    25    12     9    23     0     1    -5.0   26.170  121.074     20.6    989.1    288.8    287.8      0.6    669.0     98.4      0.0      2.6
    27     1    25    12     9    23     0     1    -5.0   25.945  120.940     20.1    988.1    290.5    289.5      0.3    628.7     99.3      0.0      3.7
     1     1    25    12     9    22     0     2    -6.0   25.949  120.758      0.0   1019.2    289.6    291.2      0.5    688.4     90.1      0.0      1.4
     2     1    25    12     9    22     0     2    -6.0   26.168  120.857      0.2   1019.4    288.9    290.4      0.6    672.0     88.8      0.0      1.3
     3     1    25    12     9    22     0     2    -6.0   25.615  120.682      0.0   1018.3    290.9    292.4      0.0    548.7     90.2      0.0      3.7
     4     1    25    12     9    22     0     2    -6.0   24.709  120.536     37.8   1006.1    291.9    292.4      0.0    263.7     82.0     77.2      6.9
     5     1    25    12     9    22     0     2    -6.0   25.340  120.608      0.0   1018.4    291.3    292.8      0.2    520.0     88.3      0.0      4.6
     6     1    25    12     9    22     0     2    -6.0   24.450  120.444    121.1    948.7    294.5    290.0      0.0    104.3     73.4    502.8      9.5
     7     1    25    12     9    22     0     2    -6.0   26.360  120.920      7.4   1019.5    287.7    289.3      0.4    625.6     89.3      0.0      1.0
     8     1    25    12     9    22     0     2    -6.0   26.391  120.942     16.3   1019.8    287.0    288.6      0.3    553.9     88.0      0.0      2.1
     9     1    25    12     9    22     0     2    -6.0   26.251  120.878      3.1   1019.5    288.8    290.4      0.3    720.0     89.5      0.0      1.1
    10     1    25    12     9    22     0     2    -6.0   25.949  120.758    250.0   1019.2    289.6    291.2      0.5    688.4     90.1      0.0      1.4
    11     1    25    12     9    22     0     2    -6.0   26.168  120.857    250.2   1019.4    288.9    290.4      0.6    672.0     88.8      0.0      1.3
    12     1    25    12     9    22     0     2    -6.0   25.615  120.682    250.0   1018.3    290.9    292.4      0.0    548.7     90.2      0.0      3.7
    13     1    25    12     9    22     0     2    -6.0   24.709  120.536    287.0   1006.1    291.9    292.4      0.0    263.7     82.0     77.2      6.9
    14     1    25    12     9    22     0     2    -6.0   25.340  120.608    250.0   1018.4    291.3    292.8      0.2    519.9     88.3      0.0      4.6
    15     1    25    12     9    22     0     2    -6.0   24.449  120.444    366.1    948.6    294.5    290.0      0.0    104.2     73.3    503.0      9.5
    16     1    25    12     9    22     0     2    -6.0   26.360  120.920    254.7   1019.5    287.7    289.3      0.4    625.6     89.3      0.0      1.0
    17     1    25    12     9    22     0     2    -6.0   26.383  120.938    256.7   1020.5    287.0    288.7      0.3    554.4     87.8      0.0      2.1
    18     1    25    12     9    22     0     2    -6.0   26.251  120.878    253.1   1019.5    288.8    290.4      0.3    720.0     89.5      0.0      1.1
    19     1    25    12     9    22     0     2    -6.0   25.877  120.946      0.0    994.4    290.9    290.4      0.5    579.7     97.1      0.0      2.2
    20     1    25    12     9    22     0     2    -6.0   26.126  121.128      0.0    994.4    290.0    289.5      1.3    663.2     97.6      0.0      0.1
    21     1    25    12     9    22     0     2    -6.0   25.601  120.823      0.0    992.0    291.9    291.2      0.0    455.2     93.8      0.0      6.0
    22     1    25    12     9    22     0     2    -6.0   24.759  120.581      0.0    981.6    292.4    290.9      0.0    215.5     90.9     83.9      7.5
    23     1    25    12     9    22     0     2    -6.0   25.284  120.745      0.0    992.7    292.2    291.6      0.2    441.8     91.4      0.0      6.4
    24     1    25    12     9    22     0     2    -6.0   24.655  120.513     83.1    917.9    295.5    288.2      0.0    158.7     84.8    580.7      7.6
    25     1    25    12     9    22     0     2    -6.0   26.434  121.210      0.0    992.4    289.3    288.6      0.8    687.4     97.3      0.0      1.1
    26     1    25    12     9    22     0     2    -6.0   26.501  121.255      0.0    993.6    288.3    287.8      0.4    650.8     96.4      0.0      0.0
    27     1    25    12     9    22     0     2    -6.0   26.298  121.100      0.0    993.6    289.9    289.3      0.8    669.6     97.9      0.0      0.8
     1     1    25    12     9    21     0     3    -7.0   26.282  120.886      0.0   1019.1    289.2    290.8      1.0    692.3     89.0      0.0      0.0
     2     1    25    12     9    21     0     3    -7.0   26.479  120.973      0.0   1020.6    288.0    289.7      0.4    633.7     88.0      0.0      0.0
     3     1    25    12     9    21     0     3    -7.0   25.943  120.757      0.0   1019.1    290.3    291.8      0.3    634.9     89.9      0.0      0.0
     4     1    25    12     9    21     0     3    -7.0   24.790  120.551     60.2   1004.9    291.8    292.2      0.0    225.0     84.0     60.4      0.0
     5     1    25    12     9    21     0     3    -7.0   25.577  120.725      0.0   1018.8    290.9    292.4      0.5    581.3     88.9      0.0      0.0
     6     1    25    12     9    21     0     3    -7.0   24.492  120.474    201.6    929.8    295.2    288.9      0.0     49.1     78.7    595.4      0.0
     7     1    25    12     9    21     0     3    -7.0   26.700  121.018      9.2   1021.0    287.0    288.7      0.3    557.2     87.9      0.0      0.0
     8     1    25    12     9    21     0     3    -7.0   26.714  121.016     21.6   1019.6    286.3    287.9      0.3    476.4     85.5      0.0      0.0
     9     1    25    12     9    21     0     3    -7.0   26.614  120.989      1.9   1019.0    288.1    289.7      0.5    635.6     88.8      0.0      0.0
    10     1    25    12     9    21     0     3    -7.0   26.282  120.886    250.0   1019.1    289.2    290.8      1.0    692.3     89.0      0.0      0.0
    11     1    25    12     9    21     0     3    -7.0   26.479  120.973    250.0   1020.6    288.0    289.7      0.4    633.7     88.0      0.0      0.0
    12     1    25    12     9    21     0     3    -7.0   25.943  120.757    250.0   1019.1    290.3    291.8      0.3    634.8     89.9      0.0      0.0
    13     1    25    12     9    21     0     3    -7.0   24.790  120.551    309.6   1004.9    291.8    292.2      0.0    225.0     84.0     60.4      0.0
    14     1    25    12     9    21     0     3    -7.0   25.577  120.725    250.0   1018.8    290.9    292.4      0.5    581.3     88.8      0.0      0.0
    15     1    25    12     9    21     0     3    -7.0   24.491  120.474    445.7    929.7    295.2    288.9      0.0     49.1     78.7    595.6      0.0
    16     1    25    12     9    21     0     3    -7.0   26.700  121.018    256.6   1021.0    287.0    288.7      0.3    557.2     87.9      0.0      0.0
    17     1    25    12     9    21     0     3    -7.0   26.701  121.010    259.3   1021.0    286.3    288.0      0.3    477.4     85.4      0.0      0.0
    18     1    25    12     9    21     0     3    -7.0   26.614  120.989    251.9   1019.0    288.1    289.7      0.5    635.6     88.8      0.0      0.0
    19     1    25    12     9    21     0     3    -7.0   26.099  121.139      0.0    996.8    290.6    290.4      1.0    592.1     96.6      0.0      0.0
    20     1    25    12     9    21     0     3    -7.0   26.342  121.373      0.0    996.6    289.9    289.6      0.9    777.6     90.6      0.0      0.0
    21     1    25    12     9    21     0     3    -7.0   25.825  120.950      0.0    995.3    291.8    291.4      0.2    518.2     92.7      0.0      0.0
    22     1    25    12     9    21     0     3    -7.0   24.825  120.582      0.0    985.4    292.3    291.1      0.0    193.5     90.7     59.8      0.0
    23     1    25    12     9    21     0     3    -7.0   25.390  120.926      0.0    994.0    292.5    292.0      0.4    457.8     88.8      0.0      0.0
    24     1    25    12     9    21     0     3    -7.0   24.700  120.536    154.0    907.7    295.8    287.6      0.0     84.1     88.1    601.1      0.0
    25     1    25    12     9    21     0     3    -7.0   26.714  121.388      0.0    996.2    289.2    288.9      0.6    723.7     91.9      0.0      0.0
    26     1    25    12     9    21     0     3    -7.0   26.770  121.396      0.0    999.1    288.0    287.9      0.3    610.8     95.1      0.0      0.0
    27     1    25    12     9    21     0     3    -7.0   26.617  121.284      0.0    993.7    289.5    289.0      1.1    681.7     97.2      0.0      0.0
     1     1    25    12     9    20     0     2    -8.0   26.574  121.013      0.0   1020.1    288.9    290.6      0.0    712.9     85.2      0.0      0.0
     2     1    25    12     9    20     0     2    -8.0   26.752  121.068      0.0   1021.2    287.8    289.5      0.0    601.1     85.5      0.0      0.0
     3     1    25    12     9    20     0     2    -8.0   26.248  120.882      0.0   1019.2    290.0    291.6      0.0    685.5     88.6      0.0      0.0
     4     1    25    12     9    20     0     2    -8.0   24.877  120.574     69.2   1006.1    291.9    292.4      0.0    235.1     85.8     38.7      0.0
     5     1    25    12     9    20     0     2    -8.0   25.774  120.895      0.0   1019.2    291.0    292.6      0.0    645.0     85.8      0.0      0.0
     6     1    25    12     9    20     0     2    -8.0   24.523  120.492    265.3    918.5    295.8    288.5      0.0     52.8     79.1    637.5      0.0
     7     1    25    12     9    20     0     2    -8.0   27.011  121.084     10.4   1021.1    286.5    288.2      0.0    506.0     85.3      0.0      0.0
     8     1    25    12     9    20     0     2    -8.0   26.993  121.047     29.9   1018.8    286.0    287.5      0.0    430.3     81.9      0.0      0.0
     9     1    25    12     9    20     0     2    -8.0   26.942  121.087      1.8   1021.2    287.5    289.2      0.0    620.9     87.0      0.0      0.0
    10     1    25    12     9    20     0     2    -8.0   26.574  121.013    250.0   1020.1    288.9    290.6      0.0    712.9     85.2      0.0      0.0
    11     1    25    12     9    20     0     2    -8.0   26.752  121.068    250.0   1021.2    287.8    289.5      0.0    601.1     85.5      0.0      0.0
    12     1    25    12     9    20     0     2    -8.0   26.248  120.882    250.0   1019.2    290.0    291.6      0.0    685.5     88.6      0.0      0.0
    13     1    25    12     9    20     0     2    -8.0   24.877  120.574    318.8   1006.1    291.9    292.4      0.0    235.1     85.8     38.7      0.0
    14     1    25    12     9    20     0     2    -8.0   25.774  120.895    250.0   1019.2    291.0    292.6      0.0    645.0     85.8      0.0      0.0
    15     1    25    12     9    20     0     2    -8.0   24.523  120.492    509.0    918.5    295.8    288.5      0.0     52.8     79.1    637.7      0.0
    16     1    25    12     9    20     0     2    -8.0   27.011  121.084    257.8   1021.2    286.5    288.2      0.0    506.0     85.3      0.0      0.0
    17     1    25    12     9    20     0     2    -8.0   26.973  121.039    262.6   1020.9    286.1    287.8      0.0    437.0     81.7      0.0      0.0
    18     1    25    12     9    20     0     2    -8.0   26.942  121.087    251.8   1021.2    287.5    289.2      0.0    620.9     87.0      0.0      0.0
    19     1    25    12     9    20     0     2    -8.0   26.243  121.379      0.0    997.4    290.9    290.7      0.0    703.3     90.4      0.0      0.0
    20     1    25    12     9    20     0     2    -8.0   26.501  121.671      0.0    994.3    290.3    289.8      0.0    859.8     85.1      0.0      0.0
    21     1    25    12     9    20     0     2    -8.0   25.976  121.146      0.0    995.5    292.1    291.7      0.0    558.4     88.6      0.0      0.0
    22     1    25    12     9    20     0     2    -8.0   24.899  120.605      0.0    988.5    292.3    291.4      0.0    207.5     90.1     36.5      0.0
    23     1    25    12     9    20     0     2    -8.0   25.421  121.172      0.0    994.3    292.6    292.1      0.0    594.7     86.9      0.0      0.0
    24     1    25    12     9    20     0     2    -8.0   24.724  120.542    217.2    904.6    296.2    287.7      0.0     90.3     85.2    566.2      0.0
    25     1    25    12     9    20     0     2    -8.0   26.925  121.574      0.0    996.2    289.3    289.0      0.0    718.3     88.3      0.0      0.0
    26     1    25    12     9    20     0     2    -8.0   26.993  121.531      0.0    998.8    288.0    287.9      0.0    607.9     91.3      0.0      0.0
    27     1    25    12     9    20     0     2    -8.0   26.863  121.481      0.0    996.1    289.6    289.3      0.0    771.2     89.2      0.0      0.0
     1     1    25    12     9    19     0     1    -9.0   26.810  121.146      0.0   1021.0    289.1    290.8      0.0    718.0     81.2      0.0      0.0
     2     1    25    12     9    19     0     1    -9.0   26.993  121.151      0.0   1021.3    287.4    289.2      0.0    560.1     84.5      0.0      0.0
     3     1    25    12     9    19     0     1    -9.0   26.506  121.048      0.0   1019.5    289.9    291.5      0.0    744.7     84.5      0.0      0.0
     4     1    25    12     9    19     0     1    -9.0   24.962  120.640     68.3   1007.6    292.1    292.8      0.0    236.5     87.1     20.5      0.0
     5     1    25    12     9    19     0     1    -9.0   25.904  121.123      0.0   1019.3    291.3    292.9      0.0    757.9     81.7      0.0      0.0
     6     1    25    12     9    19     0     1    -9.0   24.540  120.493    290.4    916.9    296.0    288.6      0.0     53.9     78.6    627.3      0.0
     7     1    25    12     9    19     0     1    -9.0   27.285  121.120     11.7   1021.1    286.1    287.8      0.0    440.5     81.9      0.0      0.0
     8     1    25    12     9    19     0     1    -9.0   27.219  121.048     38.4   1017.7    285.9    287.3      0.0    342.9     77.7      1.1      0.0
     9     1    25    12     9    19     0     1    -9.0   27.246  121.163      0.0   1021.3    286.9    288.6      0.0    560.3     85.2      0.0      0.0
    10     1    25    12     9    19     0     1    -9.0   26.810  121.146    250.0   1021.0    289.1    290.8      0.0    718.0     81.2      0.0      0.0
    11     1    25    12     9    19     0     1    -9.0   26.993  121.151    250.0   1021.3    287.4    289.2      0.0    560.1     84.5      0.0      0.0
    12     1    25    12     9    19     0     1    -9.0   26.506  121.048    250.0   1019.5    289.9    291.5      0.0    744.6     84.5      0.0      0.0
    13     1    25    12     9    19     0     1    -9.0   24.962  120.640    318.1   1007.6    292.1    292.8      0.0    236.5     87.1     20.5      0.0
    14     1    25    12     9    19     0     1    -9.0   25.904  121.122    250.0   1019.3    291.3    292.9      0.0    757.8     81.7      0.0      0.0
    15     1    25    12     9    19     0     1    -9.0   24.540  120.493    534.2    916.8    296.0    288.6      0.0     53.8     78.6    627.5      0.0
    16     1    25    12     9    19     0     1    -9.0   27.284  121.119    258.9   1021.3    286.1    287.9      0.0    440.7     81.9      0.0      0.0
    17     1    25    12     9    19     0     1    -9.0   27.194  121.038    266.3   1020.5    285.9    287.6      0.0    347.1     77.8      0.2      0.0
    18     1    25    12     9    19     0     1    -9.0   27.246  121.163    250.0   1021.3    286.9    288.6      0.0    560.3     85.2      0.0      0.0
    19     1    25    12     9    19     0     1    -9.0   26.322  121.684      0.0    995.5    291.3    290.9      0.0    849.3     85.4      0.0      0.0
    20     1    25    12     9    19     0     1    -9.0   26.598  122.001      0.0    993.8    290.8    290.3      0.0    990.2     77.5      0.0      0.0
    21     1    25    12     9    19     0     1    -9.0   26.036  121.418      0.0    995.0    292.2    291.8      0.0    691.8     86.4      0.0      0.0
    22     1    25    12     9    19     0     1    -9.0   24.957  120.684      0.0    988.3    292.6    291.6      0.0    201.6     88.8     34.1      0.0
    23     1    25    12     9    19     0     1    -9.0   25.389  121.471      0.0    993.9    292.7    292.2      0.0    718.3     85.2      0.0      0.0
    24     1    25    12     9    19     0     1    -9.0   24.732  120.534    249.8    905.5    296.5    288.1      0.0     94.1     82.1    524.0      0.0
    25     1    25    12     9    19     0     1    -9.0   27.063  121.808      0.0    994.6    289.6    289.2      0.0    802.9     82.7      0.0      0.0
    26     1    25    12     9    19     0     1    -9.0   27.145  121.700      0.0    999.9    288.6    288.6      0.0    676.7     85.8      0.0      0.0
    27     1    25    12     9    19     0     1    -9.0   27.043  121.724      0.0    994.4    290.0    289.5      0.0    842.3     83.2      0.0      0.0
     1     1    25    12     9    18     0     0   -10.0   26.993  121.301      0.0   1021.5    289.2    290.9      0.0    736.7     77.1      0.0      0.0
     2     1    25    12     9    18     0     0   -10.0   27.214  121.234      0.0   1021.5    287.2    288.9      0.0    524.9     81.2      0.0      0.0
     3     1    25    12     9    18     0     0   -10.0   26.705  121.252      0.0   1019.6    290.2    291.8      0.0    856.6     78.0      0.0      0.0
     4     1    25    12     9    18     0     0   -10.0   25.040  120.770     71.5   1005.6    292.4    292.9      0.0    229.1     86.2     41.7      0.0
     5     1    25    12     9    18     0     0   -10.0   25.987  121.402      0.0   1019.5    291.5    293.1      0.0    871.4     77.7      0.0      0.0
     6     1    25    12     9    18     0     0   -10.0   24.541  120.482    278.7    923.2    295.9    289.1      0.0     53.3     77.6    579.1      0.0
     7     1    25    12     9    18     0     0   -10.0   27.522  121.139     13.1   1021.0    286.1    287.8      0.0    364.8     77.3      0.3      0.0
     8     1    25    12     9    18     0     0   -10.0   27.397  121.032     53.8   1014.6    286.3    287.5      0.0    297.5     72.8      9.1      0.0
     9     1    25    12     9    18     0     0   -10.0   27.518  121.221      0.0   1021.5    286.7    288.4      0.0    494.7     81.6      0.0      0.0
    10     1    25    12     9    18     0     0   -10.0   26.993  121.301    250.0   1021.5    289.2    290.9      0.0    736.7     77.1      0.0      0.0
    11     1    25    12     9    18     0     0   -10.0   27.214  121.234    250.0   1021.5    287.2    288.9      0.0    524.9     81.2      0.0      0.0
    12     1    25    12     9    18     0     0   -10.0   26.705  121.252    250.0   1019.6    290.2    291.8      0.0    856.6     78.0      0.0      0.0
    13     1    25    12     9    18     0     0   -10.0   25.040  120.770    321.1   1005.6    292.4    292.9      0.0    229.1     86.2     41.7      0.0
    14     1    25    12     9    18     0     0   -10.0   25.987  121.402    250.0   1019.5    291.5    293.1      0.0    871.3     77.7      0.0      0.0
    15     1    25    12     9    18     0     0   -10.0   24.541  120.482    522.9    923.2    296.0    289.1      0.0     53.3     77.6    579.3      0.0
    16     1    25    12     9    18     0     0   -10.0   27.520  121.138    259.9   1021.4    286.1    287.9      0.0    364.8     77.3      0.4      0.0
    17     1    25    12     9    18     0     0   -10.0   27.367  121.018    273.7   1018.3    286.2    287.7      0.0    298.7     72.7      8.8      0.0
    18     1    25    12     9    18     0     0   -10.0   27.518  121.221    250.0   1021.5    286.7    288.4      0.0    494.7     81.6      0.0      0.0
    19     1    25    12     9    18     0     0   -10.0   26.375  122.035      0.0    994.5    291.7    291.2      0.0    984.5     79.0      0.0      0.0
    20     1    25    12     9    18     0     0   -10.0   26.663  122.360      0.0    991.7    291.2    290.5      0.0   1126.7     71.4      0.0      0.0
    21     1    25    12     9    18     0     0   -10.0   26.034  121.737      0.0    994.3    292.4    291.9      0.0    793.1     84.8      0.0      0.0
    22     1    25    12     9    18     0     0   -10.0   24.997  120.823      0.0    984.1    293.1    291.8      0.0    160.0     86.6     69.3      0.0
    23     1    25    12     9    18     0     0   -10.0   25.323  121.784      0.0    992.8    292.8    292.2      0.0    872.7     83.1      0.0      0.0
    24     1    25    12     9    18     0     0   -10.0   24.726  120.515    257.1    909.2    296.6    288.5      0.0     96.0     79.4    479.8      0.0
    25     1    25    12     9    18     0     0   -10.0   27.147  122.073      0.0    994.9    290.1    289.7      0.0    969.7     74.9      0.0      0.0
    26     1    25    12     9    18     0     0   -10.0   27.239  121.908      0.0    998.3    289.2    289.0      0.0    762.9     80.6      0.0      0.0
    27     1    25    12     9    18     0     0   -10.0   27.160  122.002      0.0    994.9    290.5    290.0      0.0    955.4     76.5      0.0      0.0
     1     1    25    12     9    17     0     1   -11.0   27.119  121.495      0.0   1021.7    289.7    291.5      0.0    913.3     70.2      0.0      0.0
     2     1    25    12     9    17     0     1   -11.0   27.420  121.320      0.0   1021.7    287.2    288.9      0.0    517.9     76.8      0.0      0.0
     3     1    25    12     9    17     0     1   -11.0   26.854  121.497      0.0   1020.3    290.5    292.2      0.1    974.8     72.2      0.0      0.0
     4     1    25    12     9    17     0     1   -11.0   25.110  120.961     84.6   1002.1    292.7    292.9      0.0    276.9     84.4     62.9      0.0
     5     1    25    12     9    17     0     1   -11.0   26.047  121.717      0.0   1019.7    291.8    293.5      0.0   1028.6     72.2      0.0      0.0
     6     1    25    12     9    17     0     1   -11.0   24.540  120.472    255.6    930.0    295.8    289.6      0.0     60.5     77.3    540.5      0.0
     7     1    25    12     9    17     0     1   -11.0   27.727  121.151     18.6   1020.4    286.2    287.9      0.0    350.5     71.8      3.5      0.0
     8     1    25    12     9    17     0     1   -11.0   27.544  121.018     85.7   1009.0    286.5    287.2      0.0    287.0     69.4     31.0      0.0
     9     1    25    12     9    17     0     1   -11.0   27.761  121.275      0.0   1021.7    286.5    288.3      0.0    457.6     77.5      0.0      0.0
    10     1    25    12     9    17     0     1   -11.0   27.119  121.495    250.0   1021.7    289.7    291.5      0.0    913.3     70.2      0.0      0.0
    11     1    25    12     9    17     0     1   -11.0   27.420  121.320    250.0   1021.7    287.2    288.9      0.0    517.9     76.8      0.0      0.0
    12     1    25    12     9    17     0     1   -11.0   26.854  121.497    250.0   1020.3    290.5    292.2      0.1    974.8     72.2      0.0      0.0
    13     1    25    12     9    17     0     1   -11.0   25.110  120.961    334.0   1002.1    292.7    292.9      0.0    276.8     84.4     62.9      0.0
    14     1    25    12     9    17     0     1   -11.0   26.047  121.717    250.0   1019.7    291.8    293.5      0.0   1028.5     72.2      0.0      0.0
    15     1    25    12     9    17     0     1   -11.0   24.540  120.472    500.2    930.0    295.8    289.6      0.0     60.4     77.3    540.7      0.0
    16     1    25    12     9    17     0     1   -11.0   27.724  121.150    264.3   1020.9    286.2    287.9      0.0    352.7     71.9      3.2      0.0
    17     1    25    12     9    17     0     1   -11.0   27.507  120.999    296.7   1013.9    286.5    287.6      0.0    292.7     68.7     26.9      0.0
    18     1    25    12     9    17     0     1   -11.0   27.761  121.275    250.0   1021.7    286.5    288.3      0.0    457.6     77.5      0.0      0.0
    19     1    25    12     9    17     0     1   -11.0   26.422  122.405      0.0    993.5    291.9    291.4      0.0   1128.5     73.3      0.0      0.0
    20     1    25    12     9    17     0     1   -11.0   26.719  122.736      6.6    991.6    291.2    290.5      0.0   1202.6     68.7      0.0      0.0
    21     1    25    12     9    17     0     1   -11.0   26.003  122.077      0.0    993.7    292.6    292.1      0.0   1005.8     79.7      0.0      0.0
    22     1    25    12     9    17     0     1   -11.0   25.004  121.003     10.6    975.6    293.4    291.3      0.0    194.9     87.7    121.1      0.0
    23     1    25    12     9    17     0     1   -11.0   25.255  122.129      0.0    993.2    293.3    292.7      0.2   1138.8     75.2      0.0      0.0
    24     1    25    12     9    17     0     1   -11.0   24.716  120.500    259.0    912.1    296.7    288.9      0.0    107.1     78.8    452.1      0.0
    25     1    25    12     9    17     0     1   -11.0   27.190  122.393      0.0    995.1    290.5    290.1      0.0   1123.9     69.5      0.0      0.0
    26     1    25    12     9    17     0     1   -11.0   27.295  122.168      0.0    996.6    289.7    289.4      0.0   1012.6     74.3      0.0      0.0
    27     1    25    12     9    17     0     1   -11.0   27.228  122.327      0.0    992.8    290.7    290.1      0.0   1095.1     71.4      0.0      0.0
     1     1    25    12     9    16     0     2   -12.0   27.205  121.741      0.0   1021.9    290.3    292.1      0.0   1127.2     64.5      0.0      0.0
     2     1    25    12     9    16     0     2   -12.0   27.616  121.399      0.0   1021.9    287.0    288.8      0.0    454.7     74.2      0.0      0.0
     3     1    25    12     9    16     0     2   -12.0   26.963  121.785      0.0   1021.3    290.7    292.5      0.0   1098.9     67.1      0.0      0.0
     4     1    25    12     9    16     0     2   -12.0   25.127  121.187    177.8    983.4    293.2    291.8      0.2    394.6     87.1    130.9      0.0
     5     1    25    12     9    16     0     2   -12.0   26.105  122.055      0.0   1019.9    292.1    293.8      0.0   1187.3     66.8      0.0      0.0
     6     1    25    12     9    16     0     2   -12.0   24.542  120.476    248.3    929.6    296.0    289.8      0.0     66.0     76.7    553.9      0.0
     7     1    25    12     9    16     0     2   -12.0   27.906  121.158     51.6   1015.2    286.3    287.5      0.0    261.7     67.1     19.5      0.0
     8     1    25    12     9    16     0     2   -12.0   27.674  121.023    134.6   1001.3    286.7    286.8      0.0    290.3     67.6     53.1      0.0
     9     1    25    12     9    16     0     2   -12.0   27.991  121.328      0.9   1021.8    286.2    288.0      0.0    379.3     74.2      1.4      0.0
    10     1    25    12     9    16     0     2   -12.0   27.205  121.741    250.0   1021.9    290.3    292.1      0.0   1127.3     64.5      0.0      0.0
    11     1    25    12     9    16     0     2   -12.0   27.616  121.399    250.0   1021.9    287.0    288.8      0.0    454.7     74.2      0.0      0.0
    12     1    25    12     9    16     0     2   -12.0   26.963  121.785    250.0   1021.3    290.7    292.5      0.0   1098.8     67.1      0.0      0.0
    13     1    25    12     9    16     0     2   -12.0   25.127  121.187    426.5    983.4    293.2    291.8      0.2    394.5     87.1    130.9      0.0
    14     1    25    12     9    16     0     2   -12.0   26.105  122.055    250.0   1019.9    292.1    293.8      0.0   1187.3     66.8      0.0      0.0
    15     1    25    12     9    16     0     2   -12.0   24.542  120.476    492.7    929.6    296.0    289.8      0.0     66.0     76.7    554.0      0.0
    16     1    25    12     9    16     0     2   -12.0   27.901  121.157    294.5   1016.1    286.2    287.5      0.0    265.0     67.1     19.2      0.0
    17     1    25    12     9    16     0     2   -12.0   27.633  120.995    339.4   1006.6    286.6    287.1      0.0    307.2     66.9     52.0      0.0
    18     1    25    12     9    16     0     2   -12.0   27.991  121.328    250.9   1021.8    286.2    288.0      0.0    379.3     74.2      1.4      0.0
    19     1    25    12     9    16     0     2   -12.0   26.470  122.782      0.0    994.6    292.2    291.8      0.0   1289.3     67.7      0.0      0.0
    20     1    25    12     9    16     0     2   -12.0   26.766  123.108     39.8    988.7    291.1    290.2      0.0   1302.2     67.0      0.0      0.0
    21     1    25    12     9    16     0     2   -12.0   25.972  122.450      0.0    993.9    293.1    292.6      0.0   1220.5     72.5      0.0      0.0
    22     1    25    12     9    16     0     2   -12.0   24.965  121.214    116.2    952.8    293.8    289.8      0.1    206.5     93.6    211.3      0.0
    23     1    25    12     9    16     0     2   -12.0   25.202  122.509      0.0    993.6    293.6    293.0      0.2   1310.1     70.2      0.0      0.0
    24     1    25    12     9    16     0     2   -12.0   24.711  120.502    270.9    909.6    297.0    289.0      0.0    111.1     77.5    466.3      0.0
    25     1    25    12     9    16     0     2   -12.0   27.218  122.750      0.0    994.5    290.7    290.2      0.0   1255.8     66.2      0.0      0.0
    26     1    25    12     9    16     0     2   -12.0   27.336  122.478      0.0    995.7    290.0    289.7      0.0   1183.7     70.1      0.0      0.0
    27     1    25    12     9    16     0     2   -12.0   27.278  122.684      1.3    993.2    290.8    290.3      0.0   1209.1     67.7      0.0      0.0
