    10     1
    GFSQ    26     1     2     0     0
    GFSQ    26     1     3     0     0
    GFSQ    26     1     4     0     0
    GFSQ    26     1     5     0     0
    GFSQ    26     1     6     0     0
    GFSQ    26     1     7     0     0
    GFSQ    26     1     8     0     0
    GFSQ    26     1     9     0     0
    GFSQ    26     1    10     0     0
    GFSQ    26     1    11     0     0
    27 BACKWARD OMEGA   
    26     1    10     4   22.711  120.310    10.0
    26     1    10     4   22.711  120.310    10.0
    26     1    10     4   22.711  120.310    10.0
    26     1    10     4   22.711  120.310    10.0
    26     1    10     4   22.711  120.310    10.0
    26     1    10     4   22.711  120.310    10.0
    26     1    10     4   22.711  120.310    10.0
    26     1    10     4   22.711  120.310    10.0
    26     1    10     4   22.711  120.310    10.0
    26     1    10     4   22.711  120.310    10.0
    26     1    10     4   22.711  120.310    10.0
    26     1    10     4   22.711  120.310    10.0
    26     1    10     4   22.711  120.310    10.0
    26     1    10     4   22.711  120.310    10.0
    26     1    10     4   22.711  120.310    10.0
    26     1    10     4   22.711  120.310    10.0
    26     1    10     4   22.711  120.310    10.0
    26     1    10     4   22.711  120.310    10.0
    26     1    10     4   22.711  120.310    10.0
    26     1    10     4   22.711  120.310    10.0
    26     1    10     4   22.711  120.310    10.0
    26     1    10     4   22.711  120.310    10.0
    26     1    10     4   22.711  120.310    10.0
    26     1    10     4   22.711  120.310    10.0
    26     1    10     4   22.711  120.310    10.0
    26     1    10     4   22.711  120.310    10.0
    26     1    10     4   22.711  120.310    10.0
     8 PRESSURE THETA    AIR_TEMP RAINFALL MIXDEPTH RELHUMID TERR_MSL SUN_FLUX
     1     1    26     1    10     4     0     2     0.0   22.711  120.310     10.0   1014.3    290.4    291.6      0.0    612.8     55.3     34.8    270.5
     2     1    26     1    10     4     0     2     0.0   22.711  120.310     10.0   1012.2    290.8    291.8      0.0    761.8     47.6     51.7    402.6
     3     1    26     1    10     4     0     2     0.0   22.711  120.310     10.0   1016.9    290.9    292.3      0.0    755.5     63.4     11.2    263.4
     4     1    26     1    10     4     0     2     0.0   22.711  120.310     10.0    983.8    292.9    291.5      0.0    842.7     54.0    288.6    358.6
     5     1    26     1    10     4     0     2     0.0   22.711  120.310     10.0    973.1    293.4    291.0      0.0    859.1     51.1    381.9    481.6
     6     1    26     1    10     4     0     2     0.0   22.711  120.310     10.0    995.8    292.2    291.8      0.0    871.5     60.8    194.3    285.1
     7     1    26     1    10     4     0     2     0.0   22.711  120.310     10.0   1017.8    289.5    291.0      0.0    592.5     60.3      4.7    258.4
     8     1    26     1    10     4     0     2     0.0   22.711  120.310     10.0   1017.7    289.3    290.8      0.0    668.9     59.0      5.6    425.8
     9     1    26     1    10     4     0     2     0.0   22.711  120.310     10.0   1018.2    290.2    291.7      0.0    626.1     63.9      0.0    256.0
    10     1    26     1    10     4     0     2     0.0   22.711  120.310     10.0   1014.3    290.4    291.6      0.0    612.8     55.3     34.8    270.5
    11     1    26     1    10     4     0     2     0.0   22.711  120.310     10.0   1012.2    290.8    291.8      0.0    761.8     47.6     51.7    402.6
    12     1    26     1    10     4     0     2     0.0   22.711  120.310     10.0   1016.9    290.9    292.3      0.0    755.5     63.4     11.2    263.4
    13     1    26     1    10     4     0     2     0.0   22.711  120.310     10.0    983.8    292.9    291.5      0.0    842.7     54.0    288.6    358.6
    14     1    26     1    10     4     0     2     0.0   22.711  120.310     10.0    973.1    293.4    291.0      0.0    859.1     51.1    381.9    481.6
    15     1    26     1    10     4     0     2     0.0   22.711  120.310     10.0    995.8    292.2    291.8      0.0    871.5     60.8    194.3    285.1
    16     1    26     1    10     4     0     2     0.0   22.711  120.310     10.0   1017.8    289.5    291.0      0.0    592.5     60.3      4.7    258.4
    17     1    26     1    10     4     0     2     0.0   22.711  120.310     10.0   1017.7    289.3    290.8      0.0    668.9     59.0      5.6    425.8
    18     1    26     1    10     4     0     2     0.0   22.711  120.310     10.0   1018.2    290.2    291.7      0.0    626.1     63.9      0.0    256.0
    19     1    26     1    10     4     0     2     0.0   22.711  120.310     10.0    985.0    290.1    288.9      0.0    612.8     63.2     34.8    270.5
    20     1    26     1    10     4     0     2     0.0   22.711  120.310     10.0    983.0    290.4    289.0      0.0    761.8     54.8     51.7    402.6
    21     1    26     1    10     4     0     2     0.0   22.711  120.310     10.0    987.7    290.7    289.7      0.0    755.5     71.4     11.2    263.4
    22     1    26     1    10     4     0     2     0.0   22.711  120.310     10.0    955.7    292.5    288.6      0.0    842.7     62.6    288.6    358.6
    23     1    26     1    10     4     0     2     0.0   22.711  120.310     10.0    945.3    292.8    288.1      0.0    859.1     59.0    381.9    481.6
    24     1    26     1    10     4     0     2     0.0   22.711  120.310     10.0    967.3    291.9    289.1      0.0    871.5     69.4    194.3    285.1
    25     1    26     1    10     4     0     2     0.0   22.711  120.310     10.0    988.4    289.4    288.4      0.0    592.5     67.7      4.7    258.4
    26     1    26     1    10     4     0     2     0.0   22.711  120.310     10.0    988.3    289.2    288.2      0.0    668.9     66.3      5.6    425.8
    27     1    26     1    10     4     0     2     0.0   22.711  120.310     10.0    988.8    290.1    289.1      0.0    626.1     71.9      0.0    256.0
     1     1    26     1    10     3     0     3    -1.0   22.760  120.244      0.0   1017.0    289.5    290.9      0.0    444.7     52.7     22.8    244.6
     2     1    26     1    10     3     0     3    -1.0   22.744  120.259      0.0   1016.3    289.8    291.1      0.0    598.6     45.4     27.8    418.8
     3     1    26     1    10     3     0     3    -1.0   22.713  120.256      0.3   1018.8    290.9    292.4      0.0    768.0     63.9      1.2    241.2
     4     1    26     1    10     3     0     3    -1.0   22.710  120.233      0.0   1008.5    291.4    292.1      0.0    761.6     53.3     78.1    306.6
     5     1    26     1    10     3     0     3    -1.0   22.711  120.245      0.0   1000.6    291.4    291.5      0.0    778.3     50.9    139.0    464.0
     6     1    26     1    10     3     0     3    -1.0   22.698  120.272      0.0   1007.7    291.8    292.4      0.0    846.2     59.8     96.4    272.2
     7     1    26     1    10     3     0     3    -1.0   22.812  120.289      6.9   1018.6    289.1    290.6      0.0    543.0     57.6      3.6    300.7
     8     1    26     1    10     3     0     3    -1.0   22.837  120.306      6.5   1018.5    289.0    290.5      0.0    653.9     58.3      5.2    481.0
     9     1    26     1    10     3     0     3    -1.0   22.772  120.276      9.3   1018.9    289.8    291.4      0.0    526.0     61.8      0.2    217.8
    10     1    26     1    10     3     0     3    -1.0   22.760  120.244    249.8   1017.0    289.5    290.9      0.0    444.7     52.7     22.8    244.6
    11     1    26     1    10     3     0     3    -1.0   22.744  120.259    249.7   1016.3    289.8    291.1      0.0    598.6     45.4     27.8    418.8
    12     1    26     1    10     3     0     3    -1.0   22.713  120.256    250.0   1018.8    290.9    292.4      0.0    768.0     63.9      1.2    241.2
    13     1    26     1    10     3     0     3    -1.0   22.710  120.233    249.2   1008.5    291.4    292.1      0.0    761.6     53.3     78.1    306.6
    14     1    26     1    10     3     0     3    -1.0   22.711  120.245    248.6   1000.6    291.4    291.5      0.0    778.3     50.9    139.0    464.0
    15     1    26     1    10     3     0     3    -1.0   22.698  120.272    249.0   1007.7    291.8    292.4      0.0    846.2     59.8     96.4    272.2
    16     1    26     1    10     3     0     3    -1.0   22.812  120.289    250.0   1018.6    289.1    290.6      0.0    543.0     57.6      3.6    300.7
    17     1    26     1    10     3     0     3    -1.0   22.837  120.306    249.9   1018.5    289.0    290.5      0.0    653.9     58.3      5.2    481.0
    18     1    26     1    10     3     0     3    -1.0   22.772  120.276    250.0   1018.9    289.8    291.4      0.0    526.0     61.8      0.2    217.8
    19     1    26     1    10     3     0     3    -1.0   22.750  120.248      6.7    987.9    289.2    288.2      0.0    436.7     60.1     23.2    237.0
    20     1    26     1    10     3     0     3    -1.0   22.744  120.261      0.0    988.1    289.6    288.6      0.0    601.0     52.2     29.2    419.9
    21     1    26     1    10     3     0     3    -1.0   22.697  120.265      0.0    993.2    290.7    290.1      0.0    774.4     70.4      2.6    243.5
    22     1    26     1    10     3     0     3    -1.0   22.705  120.235      0.0    982.4    291.0    289.5      0.0    766.5     61.2     77.9    306.5
    23     1    26     1    10     3     0     3    -1.0   22.707  120.244      0.0    975.0    291.0    288.9      0.0    777.3     57.7    137.8    461.0
    24     1    26     1    10     3     0     3    -1.0   22.699  120.276      0.0    980.3    291.5    289.8      0.0    846.1     67.4    105.4    273.1
    25     1    26     1    10     3     0     3    -1.0   22.806  120.283     14.6    988.6    289.0    288.1      0.0    542.3     65.1      3.1    295.6
    26     1    26     1    10     3     0     3    -1.0   22.836  120.311     48.4    984.5    288.8    287.6      0.0    652.9     66.8      5.7    480.0
    27     1    26     1    10     3     0     3    -1.0   22.752  120.279      0.0    991.1    289.7    289.0      0.0    528.9     69.8      0.0    215.8
     1     1    26     1    10     2     0     2    -2.0   22.813  120.204      0.0   1017.4    288.8    290.2      0.0    400.1     53.6     19.1    198.1
     2     1    26     1    10     2     0     2    -2.0   22.780  120.229      0.0   1017.3    288.6    290.0      0.0    468.4     49.8     21.5    296.6
     3     1    26     1    10     2     0     2    -2.0   22.696  120.233      0.0   1018.5    290.4    291.9      0.0    659.5     63.0      0.0    165.0
     4     1    26     1    10     2     0     2    -2.0   22.710  120.172      0.0   1010.6    290.1    291.0      0.0    518.5     54.5     62.6    198.3
     5     1    26     1    10     2     0     2    -2.0   22.708  120.192      0.0   1004.3    289.8    290.1      0.0    522.9     53.8    113.7    304.3
     6     1    26     1    10     2     0     2    -2.0   22.670  120.264      0.0   1010.3    291.0    291.9      0.0    672.6     60.9     69.4    180.1
     7     1    26     1    10     2     0     2    -2.0   22.902  120.292      5.0   1018.3    288.8    290.3      0.0    531.2     57.9      3.9    262.4
     8     1    26     1    10     2     0     2    -2.0   22.963  120.323      4.6   1018.1    288.6    290.1      0.0    632.2     58.9      6.8    337.1
     9     1    26     1    10     2     0     2    -2.0   22.826  120.268      9.0   1018.5    289.4    291.0      0.0    501.4     60.7      0.5    153.7
    10     1    26     1    10     2     0     2    -2.0   22.813  120.204    249.8   1017.4    288.8    290.2      0.0    400.1     53.6     19.1    198.1
    11     1    26     1    10     2     0     2    -2.0   22.780  120.229    249.8   1017.3    288.6    290.0      0.0    468.4     49.8     21.5    296.6
    12     1    26     1    10     2     0     2    -2.0   22.696  120.233    250.0   1018.5    290.4    291.9      0.0    659.5     63.0      0.0    165.0
    13     1    26     1    10     2     0     2    -2.0   22.710  120.172    249.4   1010.6    290.1    291.0      0.0    518.5     54.5     62.6    198.3
    14     1    26     1    10     2     0     2    -2.0   22.708  120.192    248.9   1004.3    289.8    290.1      0.0    522.9     53.8    113.7    304.3
    15     1    26     1    10     2     0     2    -2.0   22.670  120.264    249.3   1010.3    291.0    291.9      0.0    672.6     60.9     69.4    180.1
    16     1    26     1    10     2     0     2    -2.0   22.902  120.292    250.0   1018.3    288.8    290.3      0.0    531.2     57.9      3.9    262.4
    17     1    26     1    10     2     0     2    -2.0   22.963  120.323    249.9   1018.1    288.6    290.1      0.0    632.2     58.9      6.8    337.1
    18     1    26     1    10     2     0     2    -2.0   22.826  120.268    250.0   1018.5    289.4    291.0      0.0    501.4     60.7      0.5    153.7
    19     1    26     1    10     2     0     2    -2.0   22.788  120.208      9.1    988.0    289.0    288.0      0.0    388.5     60.2     19.5    185.1
    20     1    26     1    10     2     0     2    -2.0   22.780  120.232      0.4    988.9    288.9    288.0      0.0    466.8     54.5     21.7    296.2
    21     1    26     1    10     2     0     2    -2.0   22.664  120.252      0.0    998.8    290.4    290.3      0.0    687.7     68.6      0.3    168.3
    22     1    26     1    10     2     0     2    -2.0   22.691  120.176      0.0    987.2    290.2    289.1      0.0    536.6     61.0     61.6    197.9
    23     1    26     1    10     2     0     2    -2.0   22.697  120.194      0.0    981.6    289.9    288.4      0.0    522.5     57.6    112.0    299.2
    24     1    26     1    10     2     0     2    -2.0   22.667  120.273      0.0    982.7    290.9    289.5      0.0    667.6     68.2     87.1    180.0
    25     1    26     1    10     2     0     2    -2.0   22.892  120.281     32.8    986.1    288.8    287.6      0.0    533.6     65.9      2.9    257.3
    26     1    26     1    10     2     0     2    -2.0   22.959  120.330     67.1    981.9    288.6    287.1      0.0    626.5     66.7      7.5    336.5
    27     1    26     1    10     2     0     2    -2.0   22.784  120.270      0.0    992.0    289.4    288.7      0.0    505.9     68.3      0.3    150.1
     1     1    26     1    10     1     0     1    -3.0   22.871  120.194      0.0   1017.5    288.0    289.4      0.0    329.3     54.7     18.2    124.5
     2     1    26     1    10     1     0     1    -3.0   22.833  120.223      0.0   1017.4    287.6    289.0      0.0    354.1     53.5     20.9    163.8
     3     1    26     1    10     1     0     1    -3.0   22.689  120.242      0.0   1018.0    290.0    291.5      0.0    572.9     62.1      0.0     89.8
     4     1    26     1    10     1     0     1    -3.0   22.726  120.137      0.0   1011.5    289.0    290.0      0.0    326.5     55.3     55.7    105.6
     5     1    26     1    10     1     0     1    -3.0   22.713  120.160      0.0   1006.5    288.3    288.8      0.0    308.3     56.9     99.2    160.0
     6     1    26     1    10     1     0     1    -3.0   22.649  120.293     10.5   1003.7    290.5    290.8      0.0    521.3     63.4    123.2     95.9
     7     1    26     1    10     1     0     1    -3.0   23.002  120.318      3.5   1017.8    288.3    289.8      0.0    488.1     57.5      6.4    169.1
     8     1    26     1    10     1     0     1    -3.0   23.110  120.359      2.7   1018.2    288.0    289.5      0.0    579.8     59.4      5.7    179.5
     9     1    26     1    10     1     0     1    -3.0   22.894  120.289      8.5   1018.0    289.0    290.5      0.0    460.8     59.2      2.1     88.3
    10     1    26     1    10     1     0     1    -3.0   22.871  120.194    249.8   1017.5    288.0    289.4      0.0    329.3     54.7     18.2    124.5
    11     1    26     1    10     1     0     1    -3.0   22.833  120.223    249.8   1017.4    287.6    289.0      0.0    354.1     53.5     20.9    163.8
    12     1    26     1    10     1     0     1    -3.0   22.689  120.242    250.0   1018.0    290.0    291.5      0.0    572.9     62.1      0.0     89.8
    13     1    26     1    10     1     0     1    -3.0   22.726  120.137    249.4   1011.5    289.0    290.0      0.0    326.5     55.3     55.7    105.6
    14     1    26     1    10     1     0     1    -3.0   22.713  120.160    249.0   1006.5    288.3    288.8      0.0    308.3     56.9     99.2    160.0
    15     1    26     1    10     1     0     1    -3.0   22.649  120.293    259.3   1003.7    290.5    290.8      0.0    521.3     63.4    123.2     95.9
    16     1    26     1    10     1     0     1    -3.0   23.002  120.318    249.9   1017.8    288.3    289.8      0.0    488.1     57.5      6.4    169.1
    17     1    26     1    10     1     0     1    -3.0   23.110  120.359    249.9   1018.2    288.0    289.5      0.0    579.8     59.4      5.7    179.5
    18     1    26     1    10     1     0     1    -3.0   22.894  120.289    250.0   1018.0    289.0    290.5      0.0    460.8     59.2      2.1     88.3
    19     1    26     1    10     1     0     1    -3.0   22.829  120.195     15.1    987.4    288.8    287.7      0.0    320.2     60.1     18.3    113.5
    20     1    26     1    10     1     0     1    -3.0   22.843  120.224      3.8    988.5    288.3    287.3      0.0    356.7     56.7     21.0    164.8
    21     1    26     1    10     1     0     1    -3.0   22.637  120.273      0.0    996.4    290.1    289.8      0.0    617.6     68.7      2.7     93.0
    22     1    26     1    10     1     0     1    -3.0   22.679  120.148      0.0    985.3    289.6    288.4      0.0    364.7     62.0     53.3    104.6
    23     1    26     1    10     1     0     1    -3.0   22.694  120.164      0.0    980.4    289.2    287.6      0.0    309.5     58.9     98.1    155.9
    24     1    26     1    10     1     0     1    -3.0   22.641  120.311     26.0    969.4    290.7    288.1      0.0    513.9     71.8    155.9     95.2
    25     1    26     1    10     1     0     1    -3.0   22.992  120.301     56.2    982.9    288.5    287.1      0.0    503.3     65.4      4.8    168.1
    26     1    26     1    10     1     0     1    -3.0   23.117  120.366     52.4    983.6    288.2    286.8      0.0    574.0     65.9      5.8    179.5
    27     1    26     1    10     1     0     1    -3.0   22.832  120.291      0.0    992.2    289.1    288.5      0.0    477.0     66.5      1.3     84.8
     1     1    26     1    10     0     0     0    -4.0   22.933  120.205      0.0   1017.6    287.0    288.4      0.0    213.2     56.3     19.2     19.8
     2     1    26     1    10     0     0     0    -4.0   22.901  120.235      0.0   1017.6    286.4    287.8      0.0    223.9     56.8     22.0     19.8
     3     1    26     1    10     0     0     0    -4.0   22.687  120.279      0.0   1017.1    289.7    291.1      0.0    465.9     61.1      4.8     13.8
     4     1    26     1    10     0     0     0    -4.0   22.754  120.125      0.0   1011.5    288.0    288.9      0.0    157.4     56.0     55.9     19.8
     5     1    26     1    10     0     0     0    -4.0   22.723  120.146      0.0   1007.4    287.0    287.6      0.0    110.2     60.4     94.2     19.8
     6     1    26     1    10     0     0     0    -4.0   22.643  120.355     85.8    980.1    290.1    288.4      0.0    346.1     69.5    249.9     13.6
     7     1    26     1    10     0     0     0    -4.0   23.109  120.359      2.1   1017.6    287.6    289.0      0.0    401.1     58.4     10.2     19.8
     8     1    26     1    10     0     0     0    -4.0   23.274  120.411      0.6   1018.3    287.2    288.7      0.0    487.5     61.3      0.0     19.8
     9     1    26     1    10     0     0     0    -4.0   22.972  120.329      8.0   1017.6    288.4    289.8      0.0    362.4     57.5      6.5     18.9
    10     1    26     1    10     0     0     0    -4.0   22.933  120.205    249.8   1017.6    287.0    288.4      0.0    213.2     56.3     19.2     19.8
    11     1    26     1    10     0     0     0    -4.0   22.901  120.235    249.8   1017.6    286.4    287.8      0.0    223.9     56.8     22.0     19.8
    12     1    26     1    10     0     0     0    -4.0   22.687  120.279    250.0   1017.1    289.7    291.1      0.0    465.9     61.1      4.8     13.8
    13     1    26     1    10     0     0     0    -4.0   22.754  120.125    249.4   1011.5    288.0    288.9      0.0    157.4     56.0     55.9     19.8
    14     1    26     1    10     0     0     0    -4.0   22.723  120.146    249.1   1007.4    287.0    287.6      0.0    110.2     60.4     94.2     19.8
    15     1    26     1    10     0     0     0    -4.0   22.643  120.355    333.3    980.1    290.1    288.4      0.0    346.1     69.5    249.9     13.6
    16     1    26     1    10     0     0     0    -4.0   23.109  120.359    249.9   1017.6    287.6    289.0      0.0    401.1     58.4     10.2     19.8
    17     1    26     1    10     0     0     0    -4.0   23.274  120.411    250.0   1018.3    287.2    288.7      0.0    487.5     61.3      0.0     19.8
    18     1    26     1    10     0     0     0    -4.0   22.972  120.329    249.9   1017.6    288.4    289.8      0.0    362.4     57.5      6.5     18.9
    19     1    26     1    10     0     0     0    -4.0   22.874  120.203     21.8    986.6    288.5    287.4      0.0    218.0     59.7     19.0     19.8
    20     1    26     1    10     0     0     0    -4.0   22.943  120.238      3.6    988.6    287.4    286.5      0.0    235.0     58.5     22.3     19.8
    21     1    26     1    10     0     0     0    -4.0   22.613  120.327      0.0    991.9    289.9    289.2      0.0    545.4     69.9      7.7     16.2
    22     1    26     1    10     0     0     0    -4.0   22.665  120.147      3.4    983.2    289.3    287.9      0.0    212.0     62.6     51.5     17.1
    23     1    26     1    10     0     0     0    -4.0   22.696  120.154      0.4    979.1    288.7    286.9      0.0    113.7     60.0     93.9     19.8
    24     1    26     1    10     0     0     0    -4.0   22.634  120.387    132.9    940.1    291.3    286.2      0.0    328.4     74.6    307.6     12.8
    25     1    26     1    10     0     0     0    -4.0   23.113  120.335     53.6    982.9    288.2    286.8      0.0    439.8     64.3      7.9     19.8
    26     1    26     1    10     0     0     0    -4.0   23.329  120.423     25.8    986.6    287.4    286.3      0.0    510.9     68.2      0.0     19.8
    27     1    26     1    10     0     0     0    -4.0   22.886  120.334      0.0    990.9    288.8    288.0      0.0    397.8     64.6      4.3     16.2
     1     1    26     1     9    23     0     1    -5.0   22.997  120.226      0.0   1017.0    286.4    287.8      0.0    179.8     57.2     21.1     13.2
     2     1    26     1     9    23     0     1    -5.0   22.980  120.256      0.2   1016.2    286.0    287.3      0.0    208.5     57.9     29.6     13.2
     3     1    26     1     9    23     0     1    -5.0   22.698  120.325      5.8   1015.7    289.4    290.7      0.0    402.4     60.6     13.2      9.0
     4     1    26     1     9    23     0     1    -5.0   22.791  120.129      8.1   1010.6    287.5    288.4      0.0    139.9     57.9     61.7     13.2
     5     1    26     1     9    23     0     1    -5.0   22.741  120.147      2.0   1006.5    286.6    287.2      0.0     94.9     62.0     97.2     13.2
     6     1    26     1     9    23     0     1    -5.0   22.662  120.441    243.9    938.5    291.2    285.9      0.0    220.7     72.7    452.5      8.9
     7     1    26     1     9    23     0     1    -5.0   23.228  120.404      0.8   1017.2    286.9    288.3      0.0    357.8     59.3     14.5     13.2
     8     1    26     1     9    23     0     1    -5.0   23.444  120.479      0.0   1017.1    287.1    288.5      0.0    489.1     61.7      0.0     13.2
     9     1    26     1     9    23     0     1    -5.0   23.062  120.371      7.9   1017.3    287.8    289.2      0.0    326.3     57.6     11.4     13.2
    10     1    26     1     9    23     0     1    -5.0   22.997  120.226    249.8   1017.0    286.4    287.8      0.0    179.8     57.2     21.1     13.2
    11     1    26     1     9    23     0     1    -5.0   22.980  120.256    249.9   1016.2    286.0    287.3      0.0    208.5     57.9     29.6     13.2
    12     1    26     1     9    23     0     1    -5.0   22.698  120.325    255.7   1015.7    289.4    290.7      0.0    402.4     60.6     13.2      9.0
    13     1    26     1     9    23     0     1    -5.0   22.791  120.129    257.5   1010.6    287.5    288.4      0.0    139.9     57.9     61.7     13.2
    14     1    26     1     9    23     0     1    -5.0   22.741  120.147    251.0   1006.5    286.6    287.2      0.0     94.9     62.0     97.2     13.2
    15     1    26     1     9    23     0     1    -5.0   22.662  120.441    489.4    938.5    291.2    285.9      0.0    220.7     72.7    452.5      8.9
    16     1    26     1     9    23     0     1    -5.0   23.228  120.404    249.9   1017.2    286.9    288.3      0.0    357.8     59.3     14.5     13.2
    17     1    26     1     9    23     0     1    -5.0   23.444  120.479    250.0   1017.1    287.1    288.5      0.0    489.1     61.7      0.0     13.2
    18     1    26     1     9    23     0     1    -5.0   23.062  120.371    249.9   1017.3    287.8    289.2      0.0    326.3     57.6     11.4     13.2
    19     1    26     1     9    23     0     1    -5.0   22.937  120.224     25.3    985.6    288.4    287.2      0.0    188.4     57.8     20.9     13.2
    20     1    26     1     9    23     0     1    -5.0   23.090  120.275      7.9    984.6    287.8    286.5      0.0    232.5     59.7     39.7     13.2
    21     1    26     1     9    23     0     1    -5.0   22.599  120.395      2.4    987.3    289.8    288.8      0.0    497.7     71.0     12.8     11.1
    22     1    26     1     9    23     0     1    -5.0   22.660  120.163     16.6    980.9    289.3    287.7      0.0    189.7     63.2     54.7     11.3
    23     1    26     1     9    23     0     1    -5.0   22.713  120.159     11.9    976.6    289.0    287.0      0.0     96.7     59.9     98.9     13.2
    24     1    26     1     9    23     0     1    -5.0   22.663  120.476    262.2    900.9    293.4    284.8      0.0    195.1     71.3    529.9      8.7
    25     1    26     1     9    23     0     1    -5.0   23.273  120.386     32.7    985.0    288.0    286.8      0.0    401.2     63.1     11.5     13.2
    26     1    26     1     9    23     0     1    -5.0   23.592  120.514      0.0    989.0    287.3    286.4      0.0    565.0     68.4      2.5     13.2
    27     1    26     1     9    23     0     1    -5.0   22.946  120.381      1.9    988.7    288.7    287.8      0.0    343.7     63.3      9.7     12.1
     1     1    26     1     9    22     0     2    -6.0   23.067  120.248      0.0   1016.3    285.9    287.2      0.0    161.8     58.2     23.2      6.6
     2     1    26     1     9    22     0     2    -6.0   23.063  120.285      5.9   1012.0    286.0    287.0      0.0    193.1     59.6     54.6      6.6
     3     1    26     1     9    22     0     2    -6.0   22.729  120.365     22.2   1012.9    289.0    290.0      0.0    307.0     60.1     23.3      4.2
     4     1    26     1     9    22     0     2    -6.0   22.838  120.142     28.3   1006.6    287.1    287.6      0.0    116.3     60.2     72.6      6.6
     5     1    26     1     9    22     0     2    -6.0   22.776  120.159     23.0   1002.2    286.6    286.8      0.0     78.6     63.1    115.3      6.6
     6     1    26     1     9    22     0     2    -6.0   22.699  120.515    376.3    905.0    292.9    284.7      0.0    138.9     71.6    614.9      5.3
     7     1    26     1     9    22     0     2    -6.0   23.348  120.453      0.1   1016.6    286.3    287.6      0.0    298.6     59.9     11.6      6.6
     8     1    26     1     9    22     0     2    -6.0   23.612  120.558      0.0   1015.9    287.0    288.3      0.0    455.6     61.8      9.6      6.6
     9     1    26     1     9    22     0     2    -6.0   23.162  120.412      7.9   1016.8    287.1    288.4      0.0    277.5     58.4     15.2      6.6
    10     1    26     1     9    22     0     2    -6.0   23.067  120.248    249.8   1016.3    285.9    287.2      0.0    161.8     58.2     23.2      6.6
    11     1    26     1     9    22     0     2    -6.0   23.063  120.285    255.4   1012.0    286.0    287.0      0.0    193.1     59.6     54.6      6.6
    12     1    26     1     9    22     0     2    -6.0   22.729  120.365    272.0   1012.9    289.0    290.0      0.0    307.0     60.1     23.3      4.2
    13     1    26     1     9    22     0     2    -6.0   22.838  120.142    277.5   1006.6    287.1    287.6      0.0    116.3     60.2     72.6      6.6
    14     1    26     1     9    22     0     2    -6.0   22.776  120.159    271.8   1002.2    286.6    286.8      0.0     78.6     63.1    115.3      6.6
    15     1    26     1     9    22     0     2    -6.0   22.699  120.515    620.1    905.0    292.9    284.7      0.0    138.9     71.6    614.9      5.3
    16     1    26     1     9    22     0     2    -6.0   23.348  120.453    249.9   1016.6    286.3    287.6      0.0    298.6     59.9     11.6      6.6
    17     1    26     1     9    22     0     2    -6.0   23.612  120.558    249.9   1015.9    287.0    288.3      0.0    455.6     61.8      9.6      6.6
    18     1    26     1     9    22     0     2    -6.0   23.162  120.412    249.8   1016.8    287.1    288.4      0.0    277.5     58.4     15.2      6.6
    19     1    26     1     9    22     0     2    -6.0   23.036  120.256     27.2    984.2    288.5    287.2      0.0    149.5     55.4     26.8      6.6
    20     1    26     1     9    22     0     2    -6.0   23.258  120.332     26.0    979.0    288.1    286.3      0.0    217.5     60.8     58.5      6.6
    21     1    26     1     9    22     0     2    -6.0   22.611  120.456     19.4    984.2    289.7    288.4      0.0    412.0     70.5     20.3      5.4
    22     1    26     1     9    22     0     2    -6.0   22.678  120.186     31.5    977.9    289.3    287.5      0.0    149.3     63.6     62.5      5.8
    23     1    26     1     9    22     0     2    -6.0   22.758  120.175     32.9    971.5    289.4    287.1      0.0     70.3     59.7    116.4      6.6
    24     1    26     1     9    22     0     2    -6.0   22.719  120.525    308.2    885.0    294.5    284.4      0.0    135.2     67.3    626.2      5.8
    25     1    26     1     9    22     0     2    -6.0   23.470  120.457     37.5    983.7    287.8    286.5      0.0    329.3     63.0      2.3      6.6
    26     1    26     1     9    22     0     2    -6.0   23.841  120.628     15.6    986.0    287.2    286.0      0.0    499.3     66.8     12.0      6.6
    27     1    26     1     9    22     0     2    -6.0   23.026  120.425     12.8    986.8    288.6    287.5      0.0    269.9     61.4     16.4      6.6
     1     1    26     1     9    21     0     3    -7.0   23.145  120.276      5.3   1012.8    285.7    286.8      0.0    148.9     60.2     46.4      0.0
     2     1    26     1     9    21     0     3    -7.0   23.149  120.331     30.3   1005.3    286.2    286.6      0.0    157.8     60.7     82.4      0.0
     3     1    26     1     9    21     0     3    -7.0   22.776  120.403     53.4   1007.7    288.4    289.1      0.0    203.6     60.3     36.8      0.0
     4     1    26     1     9    21     0     3    -7.0   22.902  120.167     63.6    999.4    287.2    287.1      0.0     80.9     61.7     92.2      0.0
     5     1    26     1     9    21     0     3    -7.0   22.838  120.188     76.6    990.1    287.6    286.8      0.0     52.4     62.2    161.8      0.0
     6     1    26     1     9    21     0     3    -7.0   22.750  120.561    412.8    903.0    293.0    284.5      0.0    128.2     71.5    593.7      0.0
     7     1    26     1     9    21     0     3    -7.0   23.452  120.508      0.8   1015.0    285.7    286.9      0.0    223.2     60.1     11.1      0.0
     8     1    26     1     9    21     0     3    -7.0   23.758  120.641      3.4   1015.5    286.3    287.6      0.0    346.6     61.8     13.2      0.0
     9     1    26     1     9    21     0     3    -7.0   23.262  120.451      7.9   1016.1    286.2    287.5      0.0    216.0     59.4     18.9      0.0
    10     1    26     1     9    21     0     3    -7.0   23.145  120.276    254.8   1012.8    285.7    286.8      0.0    148.9     60.2     46.4      0.0
    11     1    26     1     9    21     0     3    -7.0   23.149  120.331    279.5   1005.3    286.2    286.6      0.0    157.8     60.7     82.4      0.0
    12     1    26     1     9    21     0     3    -7.0   22.776  120.403    303.0   1007.7    288.4    289.1      0.0    203.6     60.3     36.8      0.0
    13     1    26     1     9    21     0     3    -7.0   22.902  120.167    312.7    999.4    287.2    287.1      0.0     80.9     61.7     92.2      0.0
    14     1    26     1     9    21     0     3    -7.0   22.838  120.188    325.0    990.1    287.6    286.8      0.0     52.4     62.2    161.8      0.0
    15     1    26     1     9    21     0     3    -7.0   22.750  120.561    656.9    903.0    293.0    284.5      0.0    128.2     71.5    593.7      0.0
    16     1    26     1     9    21     0     3    -7.0   23.452  120.508    250.6   1015.0    285.7    286.9      0.0    223.2     60.1     11.1      0.0
    17     1    26     1     9    21     0     3    -7.0   23.758  120.641    253.3   1015.5    286.3    287.6      0.0    346.6     61.8     13.2      0.0
    18     1    26     1     9    21     0     3    -7.0   23.262  120.451    249.8   1016.1    286.2    287.5      0.0    216.0     59.4     18.9      0.0
    19     1    26     1     9    21     0     3    -7.0   23.168  120.307     44.5    975.7    289.2    287.1      0.0    133.0     56.2     77.1      0.0
    20     1    26     1     9    21     0     3    -7.0   23.417  120.399     57.1    974.8    288.4    286.3      0.0    187.4     59.9     58.3      0.0
    21     1    26     1     9    21     0     3    -7.0   22.643  120.511     57.5    976.1    289.7    287.7      0.0    284.7     70.4     53.7      0.0
    22     1    26     1     9    21     0     3    -7.0   22.723  120.215     42.8    974.6    289.4    287.3      0.0    101.1     63.8     75.0      0.0
    23     1    26     1     9    21     0     3    -7.0   22.828  120.203     76.4    960.5    290.4    287.0      0.0     43.6     59.7    167.7      0.0
    24     1    26     1     9    21     0     3    -7.0   22.780  120.543    296.9    881.1    294.8    284.2      0.0     95.3     65.2    669.7      0.0
    25     1    26     1     9    21     0     3    -7.0   23.677  120.545     75.1    976.8    288.0    286.1      0.0    289.6     63.7     16.6      0.0
    26     1    26     1     9    21     0     3    -7.0   24.046  120.744     42.8    982.6    287.1    285.7      0.0    460.1     67.6     18.7      0.0
    27     1    26     1     9    21     0     3    -7.0   23.133  120.477     19.2    985.2    288.6    287.4      0.0    193.0     58.1     21.3      0.0
     1     1    26     1     9    20     0     2    -8.0   23.229  120.313     30.5   1005.4    286.2    286.6      0.0    143.2     60.6     92.8      0.0
     2     1    26     1     9    20     0     2    -8.0   23.246  120.387     69.0    999.0    286.7    286.6      0.0    140.6     59.5    101.7      0.0
     3     1    26     1     9    20     0     2    -8.0   22.832  120.434     89.6   1002.1    288.5    288.6      0.0    167.0     60.0     50.5      0.0
     4     1    26     1     9    20     0     2    -8.0   22.977  120.193    107.1    990.9    287.9    287.1      0.0     54.5     61.3    117.7      0.0
     5     1    26     1     9    20     0     2    -8.0   22.913  120.221    152.8    973.9    289.0    286.9      0.0     36.0     60.5    229.3      0.0
     6     1    26     1     9    20     0     2    -8.0   22.807  120.592    404.9    902.9    292.9    284.4      0.0    133.6     72.4    610.1      0.0
     7     1    26     1     9    20     0     2    -8.0   23.538  120.565     13.6   1011.6    286.1    287.0      0.0    215.4     59.8     42.7      0.0
     8     1    26     1     9    20     0     2    -8.0   23.872  120.717      6.8   1015.1    286.1    287.4      0.0    317.8     61.8     20.3      0.0
     9     1    26     1     9    20     0     2    -8.0   23.356  120.485      7.9   1016.1    285.9    287.2      0.0    192.5     58.9     22.0      0.0
    10     1    26     1     9    20     0     2    -8.0   23.229  120.313    279.6   1005.4    286.2    286.6      0.0    143.2     60.6     92.8      0.0
    11     1    26     1     9    20     0     2    -8.0   23.246  120.387    318.0    999.0    286.7    286.6      0.0    140.6     59.5    101.7      0.0
    12     1    26     1     9    20     0     2    -8.0   22.832  120.434    339.1   1002.1    288.5    288.6      0.0    167.0     60.0     50.5      0.0
    13     1    26     1     9    20     0     2    -8.0   22.977  120.193    356.0    990.9    287.9    287.1      0.0     54.5     61.3    117.7      0.0
    14     1    26     1     9    20     0     2    -8.0   22.913  120.221    400.5    973.9    289.0    286.9      0.0     36.0     60.5    229.3      0.0
    15     1    26     1     9    20     0     2    -8.0   22.807  120.592    648.8    902.9    292.9    284.4      0.0    133.6     72.4    610.1      0.0
    16     1    26     1     9    20     0     2    -8.0   23.538  120.565    263.2   1011.6    286.1    287.0      0.0    215.4     59.8     42.7      0.0
    17     1    26     1     9    20     0     2    -8.0   23.872  120.717    256.6   1015.1    286.1    287.4      0.0    317.8     61.8     20.3      0.0
    18     1    26     1     9    20     0     2    -8.0   23.356  120.485    249.8   1016.1    285.9    287.2      0.0    192.5     58.9     22.0      0.0
    19     1    26     1     9    20     0     2    -8.0   23.295  120.360    100.2    962.9    289.7    286.6      0.0    122.5     57.4    137.2      0.0
    20     1    26     1     9    20     0     2    -8.0   23.551  120.461    103.7    971.5    288.6    286.2      0.0    167.9     58.0     41.2      0.0
    21     1    26     1     9    20     0     2    -8.0   22.679  120.556    110.6    957.5    290.5    286.9      0.0    213.2     72.4    167.8      0.0
    22     1    26     1     9    20     0     2    -8.0   22.776  120.238     45.2    972.2    289.6    287.3      0.0     80.4     63.0     90.6      0.0
    23     1    26     1     9    20     0     2    -8.0   22.892  120.231    146.9    946.5    291.1    286.5      0.0     29.4     60.3    226.1      0.0
    24     1    26     1     9    20     0     2    -8.0   22.837  120.537    286.7    874.3    295.1    284.0      0.0     66.0     63.7    750.9      0.0
    25     1    26     1     9    20     0     2    -8.0   23.852  120.629    123.5    971.4    288.3    285.9      0.0    287.1     62.4     21.8      0.0
    26     1    26     1     9    20     0     2    -8.0   24.220  120.856     47.7    975.3    287.5    285.5      0.0    414.4     65.5     74.1      0.0
    27     1    26     1     9    20     0     2    -8.0   23.257  120.527     23.6    982.6    288.7    287.2      0.0    142.2     55.9     37.7      0.0
     1     1    26     1     9    19     0     1    -9.0   23.322  120.359     72.9    996.2    286.9    286.5      0.0    134.5     60.2    128.9      0.0
     2     1    26     1     9    19     0     1    -9.0   23.338  120.436    101.0    995.3    286.8    286.4      0.0    130.4     59.3    103.2      0.0
     3     1    26     1     9    19     0     1    -9.0   22.893  120.450    108.7    998.3    288.5    288.4      0.0    141.7     59.3     61.7      0.0
     4     1    26     1     9    19     0     1    -9.0   23.046  120.212    140.4    982.7    288.5    287.1      0.0     41.6     60.5    156.7      0.0
     5     1    26     1     9    19     0     1    -9.0   22.965  120.242    224.2    960.4    289.8    286.5      0.0     23.7     61.1    279.7      0.0
     6     1    26     1     9    19     0     1    -9.0   22.865  120.608    383.7    899.6    292.8    284.0      0.0    115.0     72.7    666.3      0.0
     7     1    26     1     9    19     0     1    -9.0   23.623  120.622     35.2   1007.8    286.4    287.0      0.0    201.1     59.5     58.8      0.0
     8     1    26     1     9    19     0     1    -9.0   23.983  120.794     16.2   1008.8    286.5    287.2      0.0    307.7     61.3     73.8      0.0
     9     1    26     1     9    19     0     1    -9.0   23.442  120.516     12.2   1014.5    285.9    287.0      0.0    180.7     58.7     39.2      0.0
    10     1    26     1     9    19     0     1    -9.0   23.322  120.359    321.6    996.2    286.9    286.5      0.0    134.5     60.2    128.9      0.0
    11     1    26     1     9    19     0     1    -9.0   23.338  120.436    350.0    995.3    286.8    286.4      0.0    130.4     59.3    103.2      0.0
    12     1    26     1     9    19     0     1    -9.0   22.893  120.450    358.1    998.3    288.5    288.4      0.0    141.7     59.3     61.7      0.0
    13     1    26     1     9    19     0     1    -9.0   23.046  120.212    388.9    982.7    288.5    287.1      0.0     41.6     60.5    156.7      0.0
    14     1    26     1     9    19     0     1    -9.0   22.965  120.242    471.4    960.4    289.8    286.5      0.0     23.7     61.1    279.7      0.0
    15     1    26     1     9    19     0     1    -9.0   22.865  120.608    627.0    899.6    292.8    284.0      0.0    115.0     72.7    666.3      0.0
    16     1    26     1     9    19     0     1    -9.0   23.623  120.622    284.7   1007.8    286.4    287.0      0.0    201.1     59.5     58.8      0.0
    17     1    26     1     9    19     0     1    -9.0   23.983  120.794    265.5   1008.8    286.5    287.2      0.0    307.7     61.3     73.8      0.0
    18     1    26     1     9    19     0     1    -9.0   23.442  120.516    253.9   1014.8    285.9    287.1      0.0    180.7     58.7     39.2      0.0
    19     1    26     1     9    19     0     1    -9.0   23.388  120.397    159.5    955.2    289.8    286.0      0.0    117.4     58.3    145.9      0.0
    20     1    26     1     9    19     0     1    -9.0   23.666  120.512    144.0    965.8    289.0    286.2      0.0    143.1     55.3     50.5      0.0
    21     1    26     1     9    19     0     1    -9.0   22.711  120.582    152.9    944.2    291.1    286.3      0.0    157.8     73.6    248.1      0.0
    22     1    26     1     9    19     0     1    -9.0   22.814  120.251     50.8    969.5    289.8    287.3      0.0     65.2     62.7    106.9      0.0
    23     1    26     1     9    19     0     1    -9.0   22.925  120.246    203.5    936.6    291.3    285.9      0.0     20.6     61.6    259.4      0.0
    24     1    26     1     9    19     0     1    -9.0   22.885  120.500    243.8    867.3    295.6    283.8      0.0     22.7     61.0    865.5      0.0
    25     1    26     1     9    19     0     1    -9.0   24.004  120.698    155.5    968.0    288.6    285.9      0.0    249.6     58.6     18.6      0.0
    26     1    26     1     9    19     0     1    -9.0   24.381  120.959     47.5    977.3    287.3    285.5      0.0    410.6     64.4     60.3      0.0
    27     1    26     1     9    19     0     1    -9.0   23.373  120.565     42.4    976.3    288.8    286.8      0.0    140.1     57.6     77.0      0.0
     1     1    26     1     9    18     0     0   -10.0   23.408  120.401    118.7    989.2    287.2    286.3      0.0    121.9     59.9    142.8      0.0
     2     1    26     1     9    18     0     0   -10.0   23.411  120.478    125.0    994.0    286.7    286.2      0.0    112.8     58.7     91.9      0.0
     3     1    26     1     9    18     0     0   -10.0   22.956  120.457    113.3    996.5    288.5    288.2      0.0    120.0     58.7     71.0      0.0
     4     1    26     1     9    18     0     0   -10.0   23.098  120.224    166.9    975.7    288.9    286.8      0.0     35.8     60.6    194.6      0.0
     5     1    26     1     9    18     0     0   -10.0   22.988  120.247    280.1    951.9    290.0    286.0      0.0     20.1     62.5    300.1      0.0
     6     1    26     1     9    18     0     0   -10.0   22.917  120.608    363.3    893.5    292.9    283.6      0.0     82.2     72.7    746.4      0.0
     7     1    26     1     9    18     0     0   -10.0   23.701  120.677     50.5   1006.7    286.3    286.9      0.0    174.5     58.9     57.0      0.0
     8     1    26     1     9    18     0     0   -10.0   24.091  120.875     49.3    998.1    286.8    286.6      0.0    256.6     59.7    133.9      0.0
     9     1    26     1     9    18     0     0   -10.0   23.524  120.548     27.5   1009.0    286.2    286.9      0.0    178.4     59.2     74.7      0.0
    10     1    26     1     9    18     0     0   -10.0   23.408  120.401    367.3    989.2    287.2    286.3      0.0    121.9     59.9    142.8      0.0
    11     1    26     1     9    18     0     0   -10.0   23.411  120.478    374.1    994.0    286.7    286.2      0.0    112.8     58.7     91.9      0.0
    12     1    26     1     9    18     0     0   -10.0   22.956  120.457    362.6    996.5    288.5    288.2      0.0    120.0     58.7     71.0      0.0
    13     1    26     1     9    18     0     0   -10.0   23.098  120.224    414.9    975.7    288.9    286.8      0.0     35.8     60.6    194.6      0.0
    14     1    26     1     9    18     0     0   -10.0   22.988  120.247    527.1    951.9    290.0    286.0      0.0     20.1     62.5    300.1      0.0
    15     1    26     1     9    18     0     0   -10.0   22.917  120.608    605.9    893.5    292.9    283.6      0.0     82.2     72.7    746.4      0.0
    16     1    26     1     9    18     0     0   -10.0   23.701  120.677    300.0   1006.7    286.3    286.9      0.0    174.5     58.9     57.0      0.0
    17     1    26     1     9    18     0     0   -10.0   24.091  120.875    298.0    998.1    286.8    286.6      0.0    256.6     59.7    133.9      0.0
    18     1    26     1     9    18     0     0   -10.0   23.520  120.547    268.8   1010.1    286.1    286.9      0.0    178.5     59.2     73.9      0.0
    19     1    26     1     9    18     0     0   -10.0   23.450  120.420    208.2    950.1    289.8    285.6      0.0    113.5     58.5    143.2      0.0
    20     1    26     1     9    18     0     0   -10.0   23.772  120.553    159.2    960.8    289.4    286.1      0.0    157.6     54.7     78.1      0.0
    21     1    26     1     9    18     0     0   -10.0   22.739  120.584    180.6    938.8    291.4    286.1      0.0    119.6     75.2    272.4      0.0
    22     1    26     1     9    18     0     0   -10.0   22.835  120.256     56.5    966.3    290.0    287.2      0.0     59.1     62.6    130.6      0.0
    23     1    26     1     9    18     0     0   -10.0   22.933  120.245    232.0    933.1    291.2    285.4      0.0     21.6     63.5    263.7      0.0
    24     1    26     1     9    18     0     0   -10.0   22.918  120.448    165.3    890.9    293.8    284.2      0.0     35.5     66.4    728.4      0.0
    25     1    26     1     9    18     0     0   -10.0   24.157  120.760    165.1    966.1    288.7    285.9      0.0    288.1     57.8     34.4      0.0
    26     1    26     1     9    18     0     0   -10.0   24.524  121.046     39.0    982.1    287.2    285.7      0.0    447.9     63.7     25.7      0.0
    27     1    26     1     9    18     0     0   -10.0   23.466  120.589     77.7    968.4    288.9    286.2      0.0    138.5     59.2    118.5      0.0
     1     1    26     1     9    17     0     1   -11.0   23.489  120.441    169.9    983.1    287.6    286.2      0.0    124.2     59.1    144.8      0.0
     2     1    26     1     9    17     0     1   -11.0   23.477  120.516    143.0    990.4    287.0    286.2      0.0    131.7     57.5    104.6      0.0
     3     1    26     1     9    17     0     1   -11.0   23.015  120.459    115.4    994.9    288.5    288.0      0.0    112.8     57.8     80.2      0.0
     4     1    26     1     9    17     0     1   -11.0   23.137  120.235    200.2    969.2    289.3    286.7      0.0     30.3     60.0    226.4      0.0
     5     1    26     1     9    17     0     1   -11.0   22.996  120.254    324.8    945.1    290.6    286.0      0.0     18.1     61.4    323.3      0.0
     6     1    26     1     9    17     0     1   -11.0   22.960  120.597    337.6    887.9    293.0    283.2      0.0     54.5     72.4    825.9      0.0
     7     1    26     1     9    17     0     1   -11.0   23.771  120.726     56.3   1007.0    286.3    286.8      0.0    180.2     57.6     47.7      0.0
     8     1    26     1     9    17     0     1   -11.0   24.205  120.964     80.8    992.6    286.4    285.8      0.0    220.9     61.1    154.7      0.0
     9     1    26     1     9    17     0     1   -11.0   23.615  120.591     56.1   1002.0    286.8    286.9      0.0    191.9     59.0     99.9      0.0
    10     1    26     1     9    17     0     1   -11.0   23.489  120.441    418.5    983.1    287.6    286.2      0.0    124.2     59.1    144.8      0.0
    11     1    26     1     9    17     0     1   -11.0   23.477  120.516    391.9    990.4    287.0    286.2      0.0    131.7     57.5    104.6      0.0
    12     1    26     1     9    17     0     1   -11.0   23.015  120.459    364.6    994.9    288.5    288.0      0.0    112.8     57.8     80.2      0.0
    13     1    26     1     9    17     0     1   -11.0   23.137  120.235    447.9    969.2    289.3    286.7      0.0     30.3     60.0    226.4      0.0
    14     1    26     1     9    17     0     1   -11.0   22.996  120.254    571.6    945.1    290.6    286.0      0.0     18.1     61.4    323.3      0.0
    15     1    26     1     9    17     0     1   -11.0   22.960  120.597    579.4    887.9    293.0    283.2      0.0     54.5     72.4    825.9      0.0
    16     1    26     1     9    17     0     1   -11.0   23.771  120.726    305.8   1007.0    286.3    286.8      0.0    180.2     57.6     47.7      0.0
    17     1    26     1     9    17     0     1   -11.0   24.205  120.964    329.3    992.7    286.4    285.8      0.0    220.9     61.1    154.7      0.0
    18     1    26     1     9    17     0     1   -11.0   23.607  120.588    297.2   1003.1    286.7    287.0      0.0    193.1     59.0     98.9      0.0
    19     1    26     1     9    17     0     1   -11.0   23.498  120.439    248.3    946.2    290.2    285.6      0.0    128.4     56.9    139.3      0.0
    20     1    26     1     9    17     0     1   -11.0   23.886  120.602    166.1    955.0    289.4    285.6      0.0    227.2     57.3    134.5      0.0
    21     1    26     1     9    17     0     1   -11.0   22.756  120.568    180.5    942.6    291.2    286.2      0.0    159.0     75.3    239.3      0.0
    22     1    26     1     9    17     0     1   -11.0   22.844  120.256     61.0    965.7    290.0    287.1      0.0     63.6     61.1    133.5      0.0
    23     1    26     1     9    17     0     1   -11.0   22.931  120.244    249.0    932.2    291.4    285.6      0.0     23.7     61.9    260.9      0.0
    24     1    26     1     9    17     0     1   -11.0   22.938  120.411    121.7    907.1    292.8    284.7      0.0     56.7     67.3    621.4      0.0
    25     1    26     1     9    17     0     1   -11.0   24.324  120.838    181.2    957.3    288.7    285.1      0.0    353.1     61.0    103.5      0.0
    26     1    26     1     9    17     0     1   -11.0   24.655  121.150     35.6    981.5    287.1    285.6      0.0    478.0     63.4     43.4      0.0
    27     1    26     1     9    17     0     1   -11.0   23.549  120.614    114.1    961.8    289.2    286.0      0.0    155.9     59.3    141.1      0.0
     1     1    26     1     9    16     0     2   -12.0   23.570  120.484    222.7    977.8    288.0    286.1      0.0    133.5     57.5    137.9      0.0
     2     1    26     1     9    16     0     2   -12.0   23.557  120.557    158.7    982.3    287.6    286.1      0.0    164.5     57.5    156.8      0.0
     3     1    26     1     9    16     0     2   -12.0   23.066  120.459    121.6    993.2    288.5    287.9      0.0    110.8     57.3     90.9      0.0
     4     1    26     1     9    16     0     2   -12.0   23.159  120.254    254.9    958.8    290.0    286.5      0.0     18.4     59.4    270.4      0.0
     5     1    26     1     9    16     0     2   -12.0   22.998  120.273    363.1    933.7    291.5    285.8      0.0     18.4     60.3    397.3      0.0
     6     1    26     1     9    16     0     2   -12.0   22.992  120.586    309.2    884.9    293.1    283.0      0.0     33.9     72.4    884.8      0.0
     7     1    26     1     9    16     0     2   -12.0   23.852  120.775     64.1   1001.8    286.6    286.7      0.0    209.5     57.3     84.7      0.0
     8     1    26     1     9    16     0     2   -12.0   24.320  121.062     93.3    978.0    287.3    285.4      0.0    288.3     60.3    273.9      0.0
     9     1    26     1     9    16     0     2   -12.0   23.716  120.643     94.2    995.3    287.2    286.8      0.0    189.5     58.4    116.3      0.0
    10     1    26     1     9    16     0     2   -12.0   23.570  120.484    471.3    977.8    288.0    286.1      0.0    133.5     57.5    137.9      0.0
    11     1    26     1     9    16     0     2   -12.0   23.557  120.557    407.1    982.3    287.6    286.1      0.0    164.5     57.5    156.8      0.0
    12     1    26     1     9    16     0     2   -12.0   23.066  120.459    370.7    993.2    288.5    287.9      0.0    110.8     57.3     90.9      0.0
    13     1    26     1     9    16     0     2   -12.0   23.159  120.254    502.2    958.8    290.0    286.5      0.0     18.4     59.4    270.4      0.0
    14     1    26     1     9    16     0     2   -12.0   22.998  120.273    609.2    933.7    291.5    285.8      0.0     18.4     60.3    397.3      0.0
    15     1    26     1     9    16     0     2   -12.0   22.992  120.586    550.4    884.9    293.1    283.0      0.0     33.9     72.4    884.8      0.0
    16     1    26     1     9    16     0     2   -12.0   23.852  120.775    313.3   1001.8    286.6    286.7      0.0    209.5     57.3     84.7      0.0
    17     1    26     1     9    16     0     2   -12.0   24.320  121.062    340.6    978.0    287.3    285.4      0.0    288.3     60.3    273.9      0.0
    18     1    26     1     9    16     0     2   -12.0   23.706  120.640    335.6    996.1    287.2    286.8      0.0    190.6     58.4    116.9      0.0
    19     1    26     1     9    16     0     2   -12.0   23.542  120.466    283.6    942.2    290.7    285.8      0.0    141.8     55.3    139.8      0.0
    20     1    26     1     9    16     0     2   -12.0   23.997  120.665    197.5    943.2    289.9    285.0      0.0    243.4     57.4    213.5      0.0
    21     1    26     1     9    16     0     2   -12.0   22.757  120.541    142.5    954.9    290.8    286.9      0.0    231.5     73.3    168.1      0.0
    22     1    26     1     9    16     0     2   -12.0   22.845  120.254     64.7    966.2    290.0    287.1      0.0     70.4     59.5    127.7      0.0
    23     1    26     1     9    16     0     2   -12.0   22.920  120.253    265.6    929.7    291.8    285.8      0.0     18.4     60.5    272.0      0.0
    24     1    26     1     9    16     0     2   -12.0   22.945  120.384    102.9    918.5    292.2    285.1      0.0     77.7     66.8    534.7      0.0
    25     1    26     1     9    16     0     2   -12.0   24.493  120.948    243.3    948.8    288.2    283.9      0.0    323.1     63.0    123.5      0.0
    26     1    26     1     9    16     0     2   -12.0   24.767  121.307     79.4    976.5    287.0    285.1      0.0    460.5     64.7     42.3      0.0
    27     1    26     1     9    16     0     2   -12.0   23.628  120.652    150.8    956.0    289.7    286.0      0.0    158.5     58.4    154.4      0.0