    10     1
    GFSQ    25    12     1     0     0
    GFSQ    25    12     2     0     0
    GFSQ    25    12     3     0     0
    GFSQ    25    12     4     0     0
    GFSQ    25    12     5     0     0
    GFSQ    25    12     6     0     0
    GFSQ    25    12     7     0     0
    GFSQ    25    12     8     0     0
    GFSQ    25    12     9     0     0
    GFSQ    25    12    10     0     0
    27 BACKWARD OMEGA   
    25    12     9     7   24.218  120.618    10.0
    25    12     9     7   24.218  120.618    10.0
    25    12     9     7   24.218  120.618    10.0
    25    12     9     7   24.218  120.618    10.0
    25    12     9     7   24.218  120.618    10.0
    25    12     9     7   24.218  120.618    10.0
    25    12     9     7   24.218  120.618    10.0
    25    12     9     7   24.218  120.618    10.0
    25    12     9     7   24.218  120.618    10.0
    25    12     9     7   24.218  120.618    10.0
    25    12     9     7   24.218  120.618    10.0
    25    12     9     7   24.218  120.618    10.0
    25    12     9     7   24.218  120.618    10.0
    25    12     9     7   24.218  120.618    10.0
    25    12     9     7   24.218  120.618    10.0
    25    12     9     7   24.218  120.618    10.0
    25    12     9     7   24.218  120.618    10.0
    25    12     9     7   24.218  120.618    10.0
    25    12     9     7   24.218  120.618    10.0
    25    12     9     7   24.218  120.618    10.0
    25    12     9     7   24.218  120.618    10.0
    25    12     9     7   24.218  120.618    10.0
    25    12     9     7   24.218  120.618    10.0
    25    12     9     7   24.218  120.618    10.0
    25    12     9     7   24.218  120.618    10.0
    25    12     9     7   24.218  120.618    10.0
    25    12     9     7   24.218  120.618    10.0
     8 PRESSURE THETA    AIR_TEMP RAINFALL MIXDEPTH RELHUMID TERR_MSL SUN_FLUX
     1     1    25    12     9     7     0     1     0.0   24.218  120.618     10.0    996.9    295.9    295.7      0.0    784.7     65.3    157.4    486.4
     2     1    25    12     9     7     0     1     0.0   24.218  120.618     10.0   1006.3    294.1    294.6      0.0    693.7     74.3     82.7    474.0
     3     1    25    12     9     7     0     1     0.0   24.218  120.618     10.0    995.3    297.2    296.7      0.0    830.8     57.5    165.7    493.2
     4     1    25    12     9     7     0     1     0.0   24.218  120.618     10.0    926.2    300.3    293.6      0.0    910.6     58.5    810.8    495.5
     5     1    25    12     9     7     0     1     0.0   24.218  120.618     10.0    949.2    298.3    293.7      0.0    779.8     66.8    595.2    456.3
     6     1    25    12     9     7     0     1     0.0   24.218  120.618     10.0    940.8    300.1    294.8      0.0    901.1     54.4    664.3    488.8
     7     1    25    12     9     7     0     1     0.0   24.218  120.618     10.0   1014.9    292.7    293.9      0.0    601.5     79.9     11.1    468.6
     8     1    25    12     9     7     0     1     0.0   24.218  120.618     10.0   1016.1    291.9    293.2      0.0    703.1     81.7      1.4    469.4
     9     1    25    12     9     7     0     1     0.0   24.218  120.618     10.0   1013.7    294.0    295.1      0.0    694.7     72.6     13.0    484.9
    10     1    25    12     9     7     0     1     0.0   24.218  120.618     10.0    997.0    295.9    295.7      0.0    784.7     65.3    157.4    486.4
    11     1    25    12     9     7     0     1     0.0   24.218  120.618     10.0   1006.3    294.1    294.6      0.0    693.7     74.3     82.7    474.0
    12     1    25    12     9     7     0     1     0.0   24.218  120.618     10.0    995.3    297.2    296.7      0.0    830.8     57.5    165.7    493.2
    13     1    25    12     9     7     0     1     0.0   24.218  120.618     10.0    926.3    300.3    293.6      0.0    910.6     58.5    810.8    495.5
    14     1    25    12     9     7     0     1     0.0   24.218  120.618     10.0    949.2    298.3    293.7      0.0    779.8     66.8    595.2    456.3
    15     1    25    12     9     7     0     1     0.0   24.218  120.618     10.0    940.9    300.1    294.8      0.0    901.1     54.4    664.3    488.8
    16     1    25    12     9     7     0     1     0.0   24.218  120.618     10.0   1014.9    292.7    293.9      0.0    601.5     79.9     11.1    468.6
    17     1    25    12     9     7     0     1     0.0   24.218  120.618     10.0   1016.1    291.9    293.2      0.0    703.1     81.7      1.4    469.4
    18     1    25    12     9     7     0     1     0.0   24.218  120.618     10.0   1013.7    294.0    295.1      0.0    694.7     72.6     13.0    484.9
    19     1    25    12     9     7     0     1     0.0   24.218  120.618     10.0    968.8    295.9    293.2      0.0    784.7     70.9    157.4    486.4
    20     1    25    12     9     7     0     1     0.0   24.218  120.618     10.0    977.7    294.1    292.2      0.0    693.7     79.5     82.7    474.0
    21     1    25    12     9     7     0     1     0.0   24.218  120.618     10.0    967.3    296.9    294.1      0.0    830.8     64.4    165.7    493.2
    22     1    25    12     9     7     0     1     0.0   24.218  120.618     10.0    900.5    300.1    291.1      0.0    910.6     64.7    810.8    495.5
    23     1    25    12     9     7     0     1     0.0   24.218  120.618     10.0    922.7    298.2    291.3      0.0    779.8     73.2    595.2    456.3
    24     1    25    12     9     7     0     1     0.0   24.218  120.618     10.0    914.7    300.1    292.4      0.0    901.1     59.4    664.3    488.8
    25     1    25    12     9     7     0     1     0.0   24.218  120.618     10.0    985.9    292.6    291.4      0.0    601.5     85.4     11.1    468.6
    26     1    25    12     9     7     0     1     0.0   24.218  120.618     10.0    987.0    291.8    290.7      0.0    703.1     86.8      1.4    469.4
    27     1    25    12     9     7     0     1     0.0   24.218  120.618     10.0    984.9    293.8    292.5      0.0    694.7     80.2     13.0    484.9
     1     1    25    12     9     6     0     0    -1.0   24.426  120.591      0.0   1002.4    295.4    295.6      0.0    842.3     67.6    114.2    575.7
     2     1    25    12     9     6     0     0    -1.0   24.539  120.722      0.0   1013.6    293.2    294.3      0.0    761.7     75.9     15.4    562.8
     3     1    25    12     9     6     0     0    -1.0   24.304  120.506      0.0   1003.6    296.5    296.8      0.0    946.4     59.4     93.5    591.2
     4     1    25    12     9     6     0     0    -1.0   24.215  120.485      0.0    958.3    300.2    296.5      0.0   1346.4     48.7    507.2    598.7
     5     1    25    12     9     6     0     0    -1.0   24.333  120.578      0.0    970.1    297.7    295.0      0.0    916.6     64.0    403.9    567.5
     6     1    25    12     9     6     0     0    -1.0   24.187  120.479      0.0    964.2    300.2    297.0      0.0   1324.4     47.0    449.2    597.2
     7     1    25    12     9     6     0     0    -1.0   24.628  120.721      0.0   1015.1    292.2    293.4      0.0    756.9     80.3      7.5    568.2
     8     1    25    12     9     6     0     0    -1.0   24.641  120.790      5.4   1016.5    291.7    293.1      0.0    928.5     79.4      0.0    536.5
     9     1    25    12     9     6     0     0    -1.0   24.538  120.629      0.0   1014.2    292.9    294.0      0.0    603.0     79.0     13.6    567.8
    10     1    25    12     9     6     0     0    -1.0   24.426  120.591    248.9   1002.4    295.4    295.6      0.0    842.3     67.6    114.2    575.7
    11     1    25    12     9     6     0     0    -1.0   24.539  120.722    249.8   1013.6    293.2    294.3      0.0    761.7     75.9     15.4    562.8
    12     1    25    12     9     6     0     0    -1.0   24.304  120.506    249.1   1003.6    296.5    296.8      0.0    946.5     59.4     93.5    591.2
    13     1    25    12     9     6     0     0    -1.0   24.215  120.485    244.9    958.3    300.2    296.5      0.0   1346.4     48.7    507.2    598.7
    14     1    25    12     9     6     0     0    -1.0   24.333  120.578    246.0    970.1    297.7    295.0      0.0    916.6     64.0    403.9    567.5
    15     1    25    12     9     6     0     0    -1.0   24.187  120.479    245.5    964.2    300.2    297.0      0.0   1324.4     47.0    449.3    597.2
    16     1    25    12     9     6     0     0    -1.0   24.628  120.721    249.9   1015.1    292.2    293.4      0.0    756.9     80.3      7.5    568.2
    17     1    25    12     9     6     0     0    -1.0   24.641  120.790    250.0   1016.5    291.7    293.1      0.0    928.5     79.4      0.0    536.5
    18     1    25    12     9     6     0     0    -1.0   24.538  120.629    249.9   1014.2    292.9    294.0      0.0    603.0     79.0     13.6    567.8
    19     1    25    12     9     6     0     0    -1.0   24.452  120.631      0.0    978.5    295.6    293.8      0.0    867.3     70.0    129.8    576.6
    20     1    25    12     9     6     0     0    -1.0   24.578  120.823      0.0    982.7    293.9    292.5      0.0    849.6     77.2     53.5    546.2
    21     1    25    12     9     6     0     0    -1.0   24.320  120.521      0.0    977.7    296.2    294.3      0.0    967.2     64.9    110.2    590.7
    22     1    25    12     9     6     0     0    -1.0   24.208  120.479      0.0    945.6    299.6    294.8      0.0   1353.8     52.3    476.4    598.0
    23     1    25    12     9     6     0     0    -1.0   24.370  120.618      0.0    954.0    297.5    293.4      0.0    914.0     67.8    397.9    566.6
    24     1    25    12     9     6     0     0    -1.0   24.175  120.451      0.0    953.8    299.3    295.2      0.0   1324.8     51.5    382.2    598.1
    25     1    25    12     9     6     0     0    -1.0   24.702  120.821     16.6    985.0    292.7    291.4      0.0    759.7     82.6      8.9    570.7
    26     1    25    12     9     6     0     0    -1.0   24.722  120.917     11.8    987.4    291.6    290.6      0.0    982.0     84.8      0.0    543.1
    27     1    25    12     9     6     0     0    -1.0   24.601  120.694      0.0    985.7    293.1    291.9      0.0    596.3     82.7     15.3    571.2
     1     1    25    12     9     5     0     1    -2.0   24.721  120.727      0.0   1012.1    293.5    294.5      0.0    722.9     74.5     31.6    544.7
     2     1    25    12     9     5     0     1    -2.0   24.835  121.028     13.1   1014.0    292.0    293.2      0.1   1013.8     77.6     33.1    235.3
     3     1    25    12     9     5     0     1    -2.0   24.501  120.508      0.0   1004.9    294.7    295.1      0.0    733.1     68.4     96.1    554.8
     4     1    25    12     9     5     0     1    -2.0   24.239  120.412      0.0    984.0    298.2    296.8      0.0   1107.9     49.9    273.6    565.6
     5     1    25    12     9     5     0     1    -2.0   24.513  120.705      0.0    998.1    296.1    295.9      0.0    831.4     63.6    164.1    518.7
     6     1    25    12     9     5     0     1    -2.0   24.177  120.385      0.0    983.6    298.6    297.1      0.0   1111.5     48.2    277.2    570.6
     7     1    25    12     9     5     0     1    -2.0   25.029  121.009      0.0   1017.0    291.7    293.1      0.0   1015.0     78.4      5.2    429.3
     8     1    25    12     9     5     0     1    -2.0   24.989  121.137      1.0   1019.5    291.3    292.9      0.0   1154.2     76.2      0.0    125.6
     9     1    25    12     9     5     0     1    -2.0   24.946  120.810      0.0   1015.3    292.4    293.7      0.0    780.4     78.1      9.7    543.9
    10     1    25    12     9     5     0     1    -2.0   24.721  120.727    249.7   1012.1    293.5    294.5      0.0    722.9     74.5     31.6    544.7
    11     1    25    12     9     5     0     1    -2.0   24.835  121.028    262.8   1014.0    292.0    293.2      0.1   1013.8     77.6     33.1    235.3
    12     1    25    12     9     5     0     1    -2.0   24.501  120.508    249.0   1004.9    294.7    295.1      0.0    733.1     68.4     96.1    554.8
    13     1    25    12     9     5     0     1    -2.0   24.239  120.412    247.3    984.0    298.2    296.8      0.0   1107.9     49.9    273.6    565.6
    14     1    25    12     9     5     0     1    -2.0   24.513  120.705    248.4    998.1    296.1    295.9      0.0    831.4     63.6    164.0    518.7
    15     1    25    12     9     5     0     1    -2.0   24.177  120.385    247.2    983.6    298.6    297.1      0.0   1111.5     48.2    277.2    570.6
    16     1    25    12     9     5     0     1    -2.0   25.029  121.009    249.9   1017.0    291.7    293.1      0.0   1015.0     78.4      5.2    429.3
    17     1    25    12     9     5     0     1    -2.0   24.989  121.137    250.4   1019.5    291.3    292.9      0.0   1154.2     76.2      0.0    125.6
    18     1    25    12     9     5     0     1    -2.0   24.946  120.810    249.9   1015.3    292.4    293.7      0.0    780.4     78.1      9.7    543.9
    19     1    25    12     9     5     0     1    -2.0   24.758  120.840      0.0    982.4    294.5    293.0      0.0    796.4     74.2     82.6    536.2
    20     1    25    12     9     5     0     1    -2.0   24.817  121.251     71.1    971.8    292.2    289.9      0.2    912.6     89.3     98.1    113.0
    21     1    25    12     9     5     0     1    -2.0   24.516  120.549      0.0    977.0    295.3    293.4      0.0    824.2     68.4    137.3    556.6
    22     1    25    12     9     5     0     1    -2.0   24.228  120.405      0.0    966.1    297.7    294.8      0.0   1102.7     54.2    271.3    565.7
    23     1    25    12     9     5     0     1    -2.0   24.538  120.839     57.7    941.5    295.8    290.7      0.1    752.6     79.5    384.1    402.7
    24     1    25    12     9     5     0     1    -2.0   24.170  120.339      0.0    970.4    297.5    294.9      0.0   1059.2     55.6    224.5    570.2
    25     1    25    12     9     5     0     1    -2.0   25.095  121.261     34.0    983.2    291.8    290.4      0.1   1027.4     85.1     27.4    236.2
    26     1    25    12     9     5     0     1    -2.0   25.045  121.397     52.5    985.3    291.3    290.1      0.1   1157.5     83.1      0.0     91.2
    27     1    25    12     9     5     0     1    -2.0   25.031  120.970      0.0    988.3    292.9    291.9      0.0    769.9     80.1     15.0    537.8
     1     1    25    12     9     4     0     2    -3.0   25.001  121.014      9.8   1012.5    292.0    293.0      0.2    947.6     78.5     47.4    272.3
     2     1    25    12     9     4     0     2    -3.0   24.998  121.369     18.9   1008.5    291.6    292.3      0.3   1067.7     78.2     79.2     56.8
     3     1    25    12     9     4     0     2    -3.0   24.766  120.599      0.0   1006.8    294.3    294.9      0.0    766.8     70.4     82.6    520.4
     4     1    25    12     9     4     0     2    -3.0   24.326  120.390      0.0    992.9    296.6    296.0      0.0    852.3     56.8    202.8    533.1
     5     1    25    12     9     4     0     2    -3.0   24.658  120.922     43.9    984.9    293.1    291.8      0.2    788.3     81.9    269.0    187.1
     6     1    25    12     9     4     0     2    -3.0   24.195  120.305      0.0    996.6    297.2    296.9      0.0    903.7     50.3    164.7    542.3
     7     1    25    12     9     4     0     2    -3.0   25.291  121.400      4.7   1020.1    291.3    293.0      0.1   1200.4     74.4      0.0     84.6
     8     1    25    12     9     4     0     2    -3.0   25.210  121.534      0.0   1019.7    291.3    292.9      0.0   1221.5     69.8      3.6     95.8
     9     1    25    12     9     4     0     2    -3.0   25.309  121.137      5.5   1016.6    291.7    293.1      0.1   1034.9     77.0     12.6    306.8
    10     1    25    12     9     4     0     2    -3.0   25.001  121.014    259.3   1012.5    292.0    293.0      0.2    947.6     78.5     47.4    272.3
    11     1    25    12     9     4     0     2    -3.0   24.998  121.369    268.1   1008.5    291.6    292.3      0.3   1067.7     78.2     79.3     56.8
    12     1    25    12     9     4     0     2    -3.0   24.766  120.599    249.2   1006.8    294.3    294.9      0.0    766.7     70.4     82.6    520.4
    13     1    25    12     9     4     0     2    -3.0   24.326  120.390    248.0    992.9    296.6    296.0      0.0    852.3     56.8    202.8    533.1
    14     1    25    12     9     4     0     2    -3.0   24.658  120.922    291.2    984.9    293.1    291.8      0.2    788.3     81.9    269.0    187.2
    15     1    25    12     9     4     0     2    -3.0   24.195  120.305    248.4    996.6    297.2    296.9      0.0    903.7     50.3    164.8    542.3
    16     1    25    12     9     4     0     2    -3.0   25.291  121.400    254.7   1020.1    291.3    293.0      0.1   1200.4     74.4      0.0     84.6
    17     1    25    12     9     4     0     2    -3.0   25.210  121.534    250.0   1019.7    291.3    292.9      0.0   1221.5     69.8      3.6     95.8
    18     1    25    12     9     4     0     2    -3.0   25.309  121.137    255.4   1016.6    291.7    293.1      0.1   1034.9     77.0     12.6    306.8
    19     1    25    12     9     4     0     2    -3.0   24.963  121.244    146.2    955.7    292.9    289.1      0.3    828.0     91.2    173.9    102.0
    20     1    25    12     9     4     0     2    -3.0   24.865  121.610     65.5    965.8    292.3    289.4      0.5    947.6     89.5    163.4     35.9
    21     1    25    12     9     4     0     2    -3.0   24.756  120.658      0.0    980.5    295.0    293.4      0.0    796.1     71.0    118.2    526.1
    22     1    25    12     9     4     0     2    -3.0   24.311  120.393      0.0    971.1    296.4    293.9      0.0    862.1     60.4    213.6    534.1
    23     1    25    12     9     4     0     2    -3.0   24.539  121.127    424.3    873.5    296.6    285.3      1.1    468.2     95.1    661.0     81.3
    24     1    25    12     9     4     0     2    -3.0   24.201  120.259      0.0    980.0    296.1    294.4      0.0    859.4     58.8    107.1    541.8
    25     1    25    12     9     4     0     2    -3.0   25.249  121.698     53.2    972.1    291.8    289.4      0.3   1025.4     87.3    107.5     49.5
    26     1    25    12     9     4     0     2    -3.0   25.207  121.842     44.7    986.2    291.5    290.3      0.0   1190.3     77.9      5.5    104.5
    27     1    25    12     9     4     0     2    -3.0   25.327  121.434     93.6    973.2    291.9    289.7      0.2    991.3     88.5     71.5     99.6
     1     1    25    12     9     3     0     3    -4.0   25.160  121.332     20.7   1007.8    291.4    292.0      0.3   1058.9     80.0     92.3     47.2
     2     1    25    12     9     3     0     3    -4.0   25.102  121.723      7.5   1019.9    291.8    293.5      0.2   1205.8     70.5     10.4     80.8
     3     1    25    12     9     3     0     3    -4.0   25.060  120.827      0.0   1010.8    293.2    294.0      0.0    826.5     73.6     60.6    460.0
     4     1    25    12     9     3     0     3    -4.0   24.461  120.425      0.0    998.6    296.0    295.9      0.0    779.1     61.6    154.0    505.4
     5     1    25    12     9     3     0     3    -4.0   24.737  121.191    146.9    983.1    291.7    290.3      0.5    887.7     89.7    182.4     19.2
     6     1    25    12     9     3     0     3    -4.0   24.223  120.240      0.0   1006.9    296.1    296.7      0.0    752.4     51.6     77.6    514.7
     7     1    25    12     9     3     0     3    -4.0   25.451  121.784     12.3   1019.3    291.3    292.9      0.0   1209.7     70.3      9.6     97.8
     8     1    25    12     9     3     0     3    -4.0   25.380  121.931      3.3   1020.8    291.1    292.8      0.0   1281.0     67.8      0.0    114.7
     9     1    25    12     9     3     0     3    -4.0   25.522  121.527     15.0   1015.6    291.3    292.6      0.2   1183.2     75.4     34.8     64.9
    10     1    25    12     9     3     0     3    -4.0   25.160  121.332    269.8   1007.8    291.4    292.0      0.3   1058.9     80.0     92.3     47.2
    11     1    25    12     9     3     0     3    -4.0   25.102  121.723    257.3   1019.9    291.8    293.5      0.2   1205.8     70.5     10.4     80.8
    12     1    25    12     9     3     0     3    -4.0   25.060  120.827    249.4   1010.8    293.2    294.0      0.0    826.4     73.6     60.6    460.0
    13     1    25    12     9     3     0     3    -4.0   24.461  120.425    248.5    998.6    296.0    295.9      0.0    779.1     61.6    154.1    505.4
    14     1    25    12     9     3     0     3    -4.0   24.737  121.191    395.1    983.1    291.7    290.3      0.5    887.7     89.7    182.4     19.2
    15     1    25    12     9     3     0     3    -4.0   24.223  120.240    249.2   1006.9    296.1    296.7      0.0    752.5     51.6     77.6    514.7
    16     1    25    12     9     3     0     3    -4.0   25.451  121.784    262.2   1019.3    291.3    292.9      0.0   1209.7     70.3      9.6     97.8
    17     1    25    12     9     3     0     3    -4.0   25.380  121.931    253.3   1020.8    291.1    292.8      0.0   1281.0     67.8      0.0    114.7
    18     1    25    12     9     3     0     3    -4.0   25.522  121.527    264.7   1015.6    291.3    292.6      0.2   1183.2     75.4     34.8     64.9
    19     1    25    12     9     3     0     3    -4.0   24.954  121.631    246.2    929.7    293.1    287.0      0.7    778.3     99.2    314.5     12.9
    20     1    25    12     9     3     0     3    -4.0   24.926  121.987      0.0    998.2    292.5    292.3      0.2   1252.3     74.8      4.1     65.0
    21     1    25    12     9     3     0     3    -4.0   25.020  120.923      0.0    978.8    294.1    292.3      0.0    787.0     76.0    121.8    469.4
    22     1    25    12     9     3     0     3    -4.0   24.431  120.441      0.0    973.6    296.0    293.7      0.0    782.2     64.1    186.1    508.2
    23     1    25    12     9     3     0     3    -4.0   24.503  121.404    192.3    933.0    293.2    287.4      1.4    551.9     99.1    333.7     16.9
    24     1    25    12     9     3     0     3    -4.0   24.233  120.199      0.0    986.3    295.1    293.9      0.0    726.4     60.5     32.9    514.4
    25     1    25    12     9     3     0     3    -4.0   25.347  122.115      0.0    995.9    291.8    291.4      0.1   1215.6     75.7      3.7     76.0
    26     1    25    12     9     3     0     3    -4.0   25.350  122.265     59.9    985.8    291.3    290.1      0.0   1295.6     75.7      0.0    114.0
    27     1    25    12     9     3     0     3    -4.0   25.393  121.833    108.0    964.6    292.0    289.0      0.4   1029.1     89.6    137.3     35.7
     1     1    25    12     9     2     0     2    -5.0   25.255  121.661     11.6   1017.4    291.9    293.3      1.7   1207.0     72.3     31.2     37.4
     2     1    25    12     9     2     0     2    -5.0   25.245  122.094      0.2   1020.7    291.8    293.5      0.0   1288.6     68.0      0.0     68.8
     3     1    25    12     9     2     0     2    -5.0   25.290  121.140     18.8   1010.4    291.0    291.9      0.8    992.6     82.5     75.9     63.7
     4     1    25    12     9     2     0     2    -5.0   24.649  120.553      0.0    992.4    294.3    293.6      0.0    748.1     72.1    221.3    343.1
     5     1    25    12     9     2     0     2    -5.0   24.757  121.445     98.5    975.5    292.0    289.9      2.8    843.8     90.0    302.7     10.4
     6     1    25    12     9     2     0     2    -5.0   24.270  120.206      0.0   1011.3    294.1    295.1      0.0    581.5     60.3     39.9    349.9
     7     1    25    12     9     2     0     2    -5.0   25.614  122.173     15.9   1020.0    291.4    293.0      0.0   1302.5     66.9      0.0     74.8
     8     1    25    12     9     2     0     2    -5.0   25.543  122.298      4.2   1021.2    291.1    292.9      0.0   1338.5     64.3      0.0    110.7
     9     1    25    12     9     2     0     2    -5.0   25.664  121.904     18.1   1018.7    291.5    293.0      0.7   1227.9     70.0      9.9     63.7
    10     1    25    12     9     2     0     2    -5.0   25.255  121.661    261.3   1017.4    291.9    293.3      1.7   1207.0     72.3     31.2     37.4
    11     1    25    12     9     2     0     2    -5.0   25.245  122.094    250.2   1020.7    291.8    293.5      0.0   1288.6     68.0      0.0     68.8
    12     1    25    12     9     2     0     2    -5.0   25.290  121.140    268.0   1010.4    291.0    291.9      0.8    992.6     82.5     75.9     63.8
    13     1    25    12     9     2     0     2    -5.0   24.649  120.553    247.8    992.4    294.3    293.6      0.0    748.1     72.1    221.4    343.1
    14     1    25    12     9     2     0     2    -5.0   24.757  121.445    345.5    975.5    292.0    289.9      2.8    843.8     90.0    302.8     10.3
    15     1    25    12     9     2     0     2    -5.0   24.270  120.206    249.6   1011.3    294.1    295.1      0.0    581.5     60.3     39.9    349.9
    16     1    25    12     9     2     0     2    -5.0   25.614  122.173    265.9   1020.0    291.4    293.0      0.0   1302.5     66.9      0.0     74.8
    17     1    25    12     9     2     0     2    -5.0   25.543  122.298    254.2   1021.2    291.1    292.9      0.0   1338.5     64.3      0.0    110.7
    18     1    25    12     9     2     0     2    -5.0   25.664  121.904    268.0   1018.7    291.5    293.0      0.7   1227.9     70.0      9.9     63.7
    19     1    25    12     9     2     0     2    -5.0   24.984  121.984      0.0   1005.1    292.7    293.1      1.0   1274.9     73.8     18.9     32.7
    20     1    25    12     9     2     0     2    -5.0   25.049  122.401      0.0    994.3    292.3    291.8      0.2   1342.4     72.7      0.0     87.3
    21     1    25    12     9     2     0     2    -5.0   25.152  121.320    288.5    921.7    293.9    287.1      1.8    728.4     94.9    348.9     43.8
    22     1    25    12     9     2     0     2    -5.0   24.596  120.571      0.0    956.7    295.2    291.4      0.0    741.1     74.2    360.7    347.3
    23     1    25    12     9     2     0     2    -5.0   24.547  121.720      0.0   1000.4    292.9    292.9      1.5   1176.5     76.3      5.5     35.0
    24     1    25    12     9     2     0     2    -5.0   24.305  120.190      0.0    986.5    293.5    292.4      0.0    575.2     70.2     23.8    348.3
    25     1    25    12     9     2     0     2    -5.0   25.488  122.523      0.0    993.6    291.7    291.2      0.0   1317.1     73.2      0.0     83.3
    26     1    25    12     9     2     0     2    -5.0   25.510  122.666     44.5    987.7    291.2    290.1      0.0   1292.5     71.2      0.0    143.4
    27     1    25    12     9     2     0     2    -5.0   25.489  122.242      0.0    996.2    292.2    291.8      0.4   1269.7     75.2      0.0     47.4
     1     1    25    12     9     1     0     1    -6.0   25.420  122.042      0.0   1020.7    291.9    293.6      0.1   1299.1     68.4      0.0     32.3
     2     1    25    12     9     1     0     1    -6.0   25.424  122.460      0.0   1020.7    291.6    293.3      0.0   1241.0     65.2      0.0     75.2
     3     1    25    12     9     1     0     1    -6.0   25.429  121.444     27.7   1002.6    291.1    291.3      1.5   1008.4     81.4    131.8     12.6
     4     1    25    12     9     1     0     1    -6.0   24.851  120.781     13.0    995.4    292.2    291.8      0.3    773.3     82.3    207.8    113.5
     5     1    25    12     9     1     0     1    -6.0   24.836  121.752      0.0   1019.8    292.6    294.3      0.7   1296.6     70.9     10.2     20.5
     6     1    25    12     9     1     0     1    -6.0   24.384  120.242      0.0   1007.3    292.9    293.5      0.0    480.5     68.4     81.2    186.3
     7     1    25    12     9     1     0     1    -6.0   25.803  122.547     16.1   1020.5    291.1    292.8      0.0   1271.1     64.2      0.0     72.8
     8     1    25    12     9     1     0     1    -6.0   25.734  122.664      6.3   1022.7    290.6    292.5      0.0   1248.1     63.2      0.0     89.3
     9     1    25    12     9     1     0     1    -6.0   25.847  122.289     15.5   1020.1    291.5    293.1      0.0   1312.3     66.6      0.0     43.4
    10     1    25    12     9     1     0     1    -6.0   25.420  122.042    250.0   1020.7    291.9    293.6      0.1   1299.1     68.4      0.0     32.3
    11     1    25    12     9     1     0     1    -6.0   25.424  122.460    250.0   1020.7    291.6    293.3      0.0   1241.0     65.2      0.0     75.2
    12     1    25    12     9     1     0     1    -6.0   25.429  121.444    276.4   1002.6    291.1    291.3      1.5   1008.3     81.4    131.9     12.6
    13     1    25    12     9     1     0     1    -6.0   24.851  120.781    260.8    995.4    292.2    291.8      0.3    773.2     82.3    207.7    113.5
    14     1    25    12     9     1     0     1    -6.0   24.836  121.752    249.9   1019.8    292.6    294.3      0.7   1296.6     70.9     10.2     20.5
    15     1    25    12     9     1     0     1    -6.0   24.384  120.242    249.2   1007.3    292.9    293.5      0.0    480.4     68.4     81.3    186.3
    16     1    25    12     9     1     0     1    -6.0   25.803  122.547    266.1   1020.5    291.1    292.8      0.0   1271.1     64.2      0.0     72.8
    17     1    25    12     9     1     0     1    -6.0   25.734  122.664    256.3   1022.7    290.6    292.5      0.0   1248.1     63.2      0.0     89.3
    18     1    25    12     9     1     0     1    -6.0   25.847  122.289    265.5   1020.1    291.5    293.1      0.0   1312.3     66.6      0.0     43.4
    19     1    25    12     9     1     0     1    -6.0   25.117  122.421      0.0    994.1    292.5    292.0      0.4   1305.8     73.5      0.0     49.1
    20     1    25    12     9     1     0     1    -6.0   25.219  122.848      0.0    993.7    291.8    291.3      0.0   1149.7     70.5      0.0     93.3
    21     1    25    12     9     1     0     1    -6.0   25.171  121.679    110.6    943.7    292.4    287.6      2.9    724.8     99.1    321.7      4.2
    22     1    25    12     9     1     0     1    -6.0   24.791  120.868     88.1    934.7    294.1    288.4      0.5    611.7     90.8    429.2    101.5
    23     1    25    12     9     1     0     1    -6.0   24.675  122.162      0.0    993.9    292.7    292.2      0.6   1270.2     75.0      0.0     54.7
    24     1    25    12     9     1     0     1    -6.0   24.470  120.283      0.0    974.9    293.2    291.1      0.0    483.7     74.3    129.9    186.1
    25     1    25    12     9     1     0     1    -6.0   25.672  122.947      0.0    994.1    291.3    290.8      0.0   1130.8     69.9      0.0    116.2
    26     1    25    12     9     1     0     1    -6.0   25.710  123.097     15.3    990.9    290.6    289.8      0.0   1074.6     68.4      0.0    165.2
    27     1    25    12     9     1     0     1    -6.0   25.654  122.668      0.0    994.4    291.8    291.4      0.1   1283.5     72.5      0.0     51.2
     1     1    25    12     9     0     0     0    -7.0   25.622  122.423      0.0   1020.6    291.5    293.3      0.0   1209.4     65.8      0.0      9.1
     2     1    25    12     9     0     0     0    -7.0   25.634  122.870      0.0   1020.6    291.0    292.7      0.0    982.8     64.4      0.0     20.8
     3     1    25    12     9     0     0     0    -7.0   25.600  121.815      0.0   1020.1    291.7    293.4      0.7   1298.4     69.8      6.1      1.3
     4     1    25    12     9     0     0     0    -7.0   25.009  121.049     48.2   1000.0    290.7    290.7      1.6    922.0     89.0    136.3      0.0
     5     1    25    12     9     0     0     0    -7.0   25.011  122.144      0.0   1020.6    292.3    294.0      0.3   1267.1     68.7      0.0      5.6
     6     1    25    12     9     0     0     0    -7.0   24.547  120.345      4.6    997.1    292.5    292.3      0.0    415.1     70.7    172.8     27.1
     7     1    25    12     9     0     0     0    -7.0   26.019  122.943     14.5   1020.1    290.7    292.4      0.0   1041.7     63.3      0.0     25.2
     8     1    25    12     9     0     0     0    -7.0   25.948  123.069      5.7   1020.6    290.4    292.1      0.0    979.1     62.3      0.0     26.8
     9     1    25    12     9     0     0     0    -7.0   26.062  122.673     14.5   1020.8    291.0    292.7      0.0   1206.7     64.5      0.0     10.5
    10     1    25    12     9     0     0     0    -7.0   25.622  122.423    250.0   1020.6    291.5    293.3      0.0   1209.4     65.8      0.0      9.1
    11     1    25    12     9     0     0     0    -7.0   25.634  122.870    250.0   1020.6    291.0    292.7      0.0    982.8     64.4      0.0     20.8
    12     1    25    12     9     0     0     0    -7.0   25.600  121.815    249.9   1020.1    291.7    293.4      0.7   1298.4     69.8      6.1      1.3
    13     1    25    12     9     0     0     0    -7.0   25.009  121.049    296.8   1000.0    290.7    290.7      1.6    921.9     89.0    136.2      0.0
    14     1    25    12     9     0     0     0    -7.0   25.011  122.144    250.0   1020.6    292.3    294.0      0.3   1267.2     68.7      0.0      5.6
    15     1    25    12     9     0     0     0    -7.0   24.547  120.345    252.9    997.1    292.5    292.3      0.0    415.1     70.7    172.8     27.1
    16     1    25    12     9     0     0     0    -7.0   26.019  122.943    264.5   1020.1    290.7    292.4      0.0   1041.7     63.3      0.0     25.2
    17     1    25    12     9     0     0     0    -7.0   25.948  123.069    255.7   1020.6    290.4    292.1      0.0    979.1     62.3      0.0     26.8
    18     1    25    12     9     0     0     0    -7.0   26.062  122.673    264.5   1020.8    291.0    292.7      0.0   1206.7     64.5      0.0     10.5
    19     1    25    12     9     0     0     0    -7.0   25.321  122.903      6.5    991.8    291.8    291.1      0.4   1085.5     72.8      0.0     15.0
    20     1    25    12     9     0     0     0    -7.0   25.471  123.313     42.7    987.6    291.1    290.0      0.0   1057.5     70.9      0.0     17.3
    21     1    25    12     9     0     0     0    -7.0   25.276  122.051      0.0   1005.2    292.4    292.9      0.8   1325.1     73.1     10.6      2.3
    22     1    25    12     9     0     0     0    -7.0   24.847  121.198    240.7    907.6    294.2    286.1      2.8    579.4     99.0    534.3      0.0
    23     1    25    12     9     0     0     0    -7.0   24.881  122.655     14.9    990.9    292.0    291.2      0.7   1130.5     75.4      0.0     12.0
    24     1    25    12     9     0     0     0    -7.0   24.660  120.450     14.4    962.0    292.9    289.6      0.0    429.9     79.4    234.9     26.5
    25     1    25    12     9     0     0     0    -7.0   25.912  123.427     16.6    990.5    290.5    289.8      0.0    977.8     68.3      0.0     14.6
    26     1    25    12     9     0     0     0    -7.0   25.960  123.573     52.6    988.1    289.8    288.8      0.0   1029.9     67.1      0.0     22.3
    27     1    25    12     9     0     0     0    -7.0   25.866  123.136      0.0    993.1    291.2    290.6      0.0   1018.8     70.4      0.0     15.9
     1     1    25    12     8    23     0     1    -8.0   25.856  122.836      0.0   1020.5    291.2    292.9      0.0   1065.8     65.1      0.0     14.0
     2     1    25    12     8    23     0     1    -8.0   25.889  123.281      3.0   1021.6    290.5    292.3      0.0   1092.5     62.5      0.0     13.3
     3     1    25    12     8    23     0     1    -8.0   25.828  122.201      0.2   1020.2    291.7    293.4      0.0   1326.9     66.5      0.0      4.6
     4     1    25    12     8    23     0     1    -8.0   25.139  121.342     31.0   1001.5    291.4    291.5      1.4   1035.2     81.4    141.1      0.0
     5     1    25    12     8    23     0     1    -8.0   25.232  122.563      0.2   1020.0    292.0    293.7      0.0   1105.1     67.1      0.0      8.9
     6     1    25    12     8    23     0     1    -8.0   24.706  120.474     23.9    983.0    292.6    291.1      0.0    456.7     76.3    287.5     17.4
     7     1    25    12     8    23     0     1    -8.0   26.276  123.372     13.1   1021.3    290.2    291.9      0.0   1035.4     61.7      0.0     17.5
     8     1    25    12     8    23     0     1    -8.0   26.213  123.482      7.8   1021.9    289.8    291.6      0.0   1082.8     60.5      0.0     17.2
     9     1    25    12     8    23     0     1    -8.0   26.304  123.085     11.4   1020.5    290.7    292.4      0.0   1040.9     63.7      0.0     16.2
    10     1    25    12     8    23     0     1    -8.0   25.857  122.836    250.0   1020.5    291.2    292.9      0.0   1065.8     65.1      0.0     14.0
    11     1    25    12     8    23     0     1    -8.0   25.889  123.281    253.0   1021.6    290.5    292.3      0.0   1092.5     62.5      0.0     13.3
    12     1    25    12     8    23     0     1    -8.0   25.828  122.201    250.2   1020.2    291.7    293.4      0.0   1327.0     66.5      0.0      4.6
    13     1    25    12     8    23     0     1    -8.0   25.139  121.342    279.7   1001.5    291.4    291.5      1.4   1034.8     81.4    141.2      0.0
    14     1    25    12     8    23     0     1    -8.0   25.232  122.563    250.2   1020.0    292.0    293.7      0.0   1105.1     67.1      0.0      8.9
    15     1    25    12     8    23     0     1    -8.0   24.706  120.474    271.0    983.0    292.6    291.1      0.0    456.7     76.3    287.4     17.4
    16     1    25    12     8    23     0     1    -8.0   26.276  123.372    263.1   1021.3    290.2    291.9      0.0   1035.4     61.7      0.0     17.5
    17     1    25    12     8    23     0     1    -8.0   26.213  123.482    257.8   1021.9    289.8    291.6      0.0   1082.8     60.5      0.0     17.2
    18     1    25    12     8    23     0     1    -8.0   26.304  123.085    261.4   1020.5    290.7    292.4      0.0   1040.9     63.7      0.0     16.2
    19     1    25    12     8    23     0     1    -8.0   25.619  123.349     44.8    987.1    291.4    290.3      0.1   1131.9     72.9      0.0     12.2
    20     1    25    12     8    23     0     1    -8.0   25.772  123.689    176.0    973.4    290.5    288.3      0.0   1243.2     74.2      0.0     10.6
    21     1    25    12     8    23     0     1    -8.0   25.486  122.518      0.0    993.4    292.2    291.7      0.3   1227.8     73.3      0.0      4.4
    22     1    25    12     8    23     0     1    -8.0   24.905  121.493      0.0    979.3    292.0    290.3      1.8    816.2     89.9    252.0      0.0
    23     1    25    12     8    23     0     1    -8.0   25.171  123.094     36.6    987.7    291.7    290.7      0.4   1149.8     74.7      0.0     10.4
    24     1    25    12     8    23     0     1    -8.0   24.848  120.669     75.1    920.4    295.4    288.3      0.0    422.6     78.7    563.4     18.1
    25     1    25    12     8    23     0     1    -8.0   26.199  123.830    108.2    981.1    289.9    288.3      0.0   1175.5     70.0      0.0     16.1
    26     1    25    12     8    23     0     1    -8.0   26.242  123.949    128.1    978.7    289.5    287.7      0.0   1189.9     68.4      0.0     17.0
    27     1    25    12     8    23     0     1    -8.0   26.154  123.593     67.5    985.2    290.7    289.4      0.0   1121.2     71.2      0.0      9.6
     1     1    25    12     8    22     0     2    -9.0   26.138  123.214      1.2   1021.0    290.6    292.3      0.0   1154.1     63.4      0.0      6.9
     2     1    25    12     8    22     0     2    -9.0   26.175  123.591      5.7   1021.3    290.0    291.8      0.0   1226.7     60.4      0.0      8.9
     3     1    25    12     8    22     0     2    -9.0   26.082  122.602      0.0   1019.9    291.4    293.1      0.0   1150.9     65.8      0.0      6.2
     4     1    25    12     8    22     0     2    -9.0   25.345  121.702      0.0   1019.3    292.2    293.8      0.2   1351.5     68.5      0.0      0.8
     5     1    25    12     8    22     0     2    -9.0   25.515  122.942      2.9   1020.6    291.5    293.2      0.0   1170.3     66.1      0.0      5.6
     6     1    25    12     8    22     0     2    -9.0   24.914  120.685    129.5    962.3    292.9    289.6      0.0    548.1     82.0    373.6      8.8
     7     1    25    12     8    22     0     2    -9.0   26.567  123.701     15.7   1021.1    289.6    291.4      0.0   1211.3     59.6      0.0      9.7
     8     1    25    12     8    22     0     2    -9.0   26.491  123.784     10.7   1022.5    289.3    291.1      0.0   1227.4     59.2      0.0      9.7
     9     1    25    12     8    22     0     2    -9.0   26.594  123.462     11.3   1021.1    290.1    291.9      0.0   1136.4     61.3      0.0      8.4
    10     1    25    12     8    22     0     2    -9.0   26.138  123.214    251.2   1021.0    290.6    292.3      0.0   1154.1     63.4      0.0      6.9
    11     1    25    12     8    22     0     2    -9.0   26.175  123.591    255.7   1021.3    290.0    291.8      0.0   1226.7     60.4      0.0      8.9
    12     1    25    12     8    22     0     2    -9.0   26.082  122.602    250.0   1019.9    291.4    293.1      0.0   1150.9     65.8      0.0      6.2
    13     1    25    12     8    22     0     2    -9.0   25.345  121.701    250.0   1019.3    292.2    293.8      0.2   1351.5     68.5      0.0      0.8
    14     1    25    12     8    22     0     2    -9.0   25.515  122.942    252.9   1020.6    291.5    293.2      0.0   1170.3     66.1      0.0      5.6
    15     1    25    12     8    22     0     2    -9.0   24.914  120.685    375.8    962.3    292.9    289.6      0.0    548.0     82.0    373.7      8.8
    16     1    25    12     8    22     0     2    -9.0   26.567  123.701    265.7   1021.1    289.6    291.4      0.0   1211.3     59.6      0.0      9.7
    17     1    25    12     8    22     0     2    -9.0   26.491  123.784    260.7   1022.5    289.3    291.1      0.0   1227.4     59.2      0.0      9.7
    18     1    25    12     8    22     0     2    -9.0   26.594  123.462    261.3   1021.1    290.1    291.9      0.0   1136.4     61.3      0.0      8.4
    19     1    25    12     8    22     0     2    -9.0   25.957  123.700    141.9    976.6    290.7    288.7      0.0   1247.0     75.2      0.0      4.2
    20     1    25    12     8    22     0     2    -9.0   26.072  123.988    243.3    964.9    290.1    287.2      0.0   1272.8     74.9      0.0      6.0
    21     1    25    12     8    22     0     2    -9.0   25.766  122.983     12.0    990.0    291.8    290.9      0.0   1155.1     73.2      0.0      4.8
    22     1    25    12     8    22     0     2    -9.0   25.069  121.892      0.0   1000.3    292.7    292.7      0.5   1330.0     73.1      2.9      1.4
    23     1    25    12     8    22     0     2    -9.0   25.527  123.463     73.7    984.1    291.2    289.9      0.0   1270.5     74.2      0.0      3.2
    24     1    25    12     8    22     0     2    -9.0   24.989  120.952    215.6    893.5    295.7    286.4      0.4    394.9     95.1    683.1      2.8
    25     1    25    12     8    22     0     2    -9.0   26.497  124.143    163.5    974.1    289.6    287.5      0.0   1239.7     70.1      0.0      9.6
    26     1    25    12     8    22     0     2    -9.0   26.531  124.255    163.9    974.9    289.0    286.9      0.0   1218.6     69.3      0.0     11.1
    27     1    25    12     8    22     0     2    -9.0   26.463  123.934    161.3    974.3    290.0    287.8      0.0   1241.2     72.7      0.0      9.3
     1     1    25    12     8    21     0     3   -10.0   26.449  123.498      2.1   1020.6    290.0    291.7      0.0   1271.6     60.4      0.0      0.0
     2     1    25    12     8    21     0     3   -10.0   26.471  123.847      2.0   1022.5    289.4    291.2      0.0   1242.9     59.7      0.0      0.0
     3     1    25    12     8    21     0     3   -10.0   26.389  122.976      0.0   1020.6    290.6    292.3      0.0   1160.0     63.7      0.0      0.0
     4     1    25    12     8    21     0     3   -10.0   25.602  122.096      0.0   1019.0    292.2    293.7      0.0   1319.2     67.0      0.0      0.0
     5     1    25    12     8    21     0     3   -10.0   25.835  123.238      4.1   1020.6    290.7    292.4      0.0   1271.1     63.9      0.0      0.0
     6     1    25    12     8    21     0     3   -10.0   25.128  120.968    189.6    957.8    292.0    288.4      0.7    670.2     94.6    366.0      0.0
     7     1    25    12     8    21     0     3   -10.0   26.858  123.958     13.9   1022.1    289.1    290.9      0.0   1258.8     59.0      0.0      0.0
     8     1    25    12     8    21     0     3   -10.0   26.768  124.030      7.3   1022.6    288.9    290.7      0.0   1256.2     59.0      0.0      0.0
     9     1    25    12     8    21     0     3   -10.0   26.902  123.739     12.1   1021.7    289.5    291.3      0.0   1280.8     59.3      0.0      0.0
    10     1    25    12     8    21     0     3   -10.0   26.449  123.498    252.1   1020.6    290.0    291.7      0.0   1271.6     60.4      0.0      0.0
    11     1    25    12     8    21     0     3   -10.0   26.471  123.847    252.0   1022.5    289.4    291.2      0.0   1242.9     59.7      0.0      0.0
    12     1    25    12     8    21     0     3   -10.0   26.389  122.976    250.0   1020.6    290.6    292.3      0.0   1160.0     63.7      0.0      0.0
    13     1    25    12     8    21     0     3   -10.0   25.602  122.096    250.0   1019.0    292.2    293.7      0.0   1319.3     67.0      0.0      0.0
    14     1    25    12     8    21     0     3   -10.0   25.835  123.238    254.1   1020.6    290.7    292.4      0.0   1271.1     63.9      0.0      0.0
    15     1    25    12     8    21     0     3   -10.0   25.128  120.968    436.0    957.8    292.0    288.4      0.7    670.2     94.6    366.0      0.0
    16     1    25    12     8    21     0     3   -10.0   26.858  123.958    263.9   1022.1    289.1    290.9      0.0   1258.8     59.0      0.0      0.0
    17     1    25    12     8    21     0     3   -10.0   26.768  124.030    257.3   1022.6    288.9    290.7      0.0   1256.2     59.0      0.0      0.0
    18     1    25    12     8    21     0     3   -10.0   26.902  123.739    262.1   1021.7    289.5    291.3      0.0   1280.8     59.3      0.0      0.0
    19     1    25    12     8    21     0     3   -10.0   26.282  123.977    194.5    969.9    290.1    287.6      0.0   1296.9     74.9      0.0      0.0
    20     1    25    12     8    21     0     3   -10.0   26.372  124.263    267.3    961.5    289.8    286.6      0.0   1297.6     74.6      0.0      0.0
    21     1    25    12     8    21     0     3   -10.0   26.120  123.357     67.3    984.6    290.9    289.6      0.0   1257.8     73.6      0.0      0.0
    22     1    25    12     8    21     0     3   -10.0   25.337  122.367      0.0    991.2    292.4    291.7      0.2   1232.9     73.6      0.0      0.0
    23     1    25    12     8    21     0     3   -10.0   25.869  123.751    134.5    976.8    290.5    288.5      0.0   1290.1     74.7      0.0      0.0
    24     1    25    12     8    21     0     3   -10.0   25.022  121.200    119.4    899.1    295.1    286.2      2.2    419.6     99.4    722.7      0.0
    25     1    25    12     8    21     0     3   -10.0   26.801  124.425    185.1    971.4    289.2    286.9      0.0   1250.6     70.2      0.0      0.0
    26     1    25    12     8    21     0     3   -10.0   26.826  124.529    195.6    971.4    288.7    286.3      0.0   1237.0     70.0      0.0      0.0
    27     1    25    12     8    21     0     3   -10.0   26.778  124.215    199.5    969.5    289.6    287.1      0.0   1281.6     71.8      0.0      0.0
     1     1    25    12     8    20     0     2   -11.0   26.749  123.747      0.0   1022.4    289.5    291.4      0.0   1303.0     60.0      0.0      0.0
     2     1    25    12     8    20     0     2   -11.0   26.759  124.089      0.0   1022.4    289.1    290.9      0.0   1244.1     60.0      0.0      0.0
     3     1    25    12     8    20     0     2   -11.0   26.713  123.266      0.0   1021.0    290.1    291.9      0.0   1224.1     62.2      0.0      0.0
     4     1    25    12     8    20     0     2   -11.0   25.899  122.494      0.0   1020.0    291.5    293.2      0.1   1192.6     65.8      0.0      0.0
     5     1    25    12     8    20     0     2   -11.0   26.147  123.490      3.2   1020.8    290.4    292.1      0.0   1249.5     63.0      0.0      0.0
     6     1    25    12     8    20     0     2   -11.0   25.276  121.235    153.6    979.1    291.4    289.7      0.2    735.9     91.8    192.0      0.0
     7     1    25    12     8    20     0     2   -11.0   27.139  124.198      8.9   1022.4    288.8    290.7      0.0   1262.3     59.8      0.0      0.0
     8     1    25    12     8    20     0     2   -11.0   27.041  124.265      2.1   1022.3    288.6    290.4      0.0   1257.0     59.4      0.0      0.0
     9     1    25    12     8    20     0     2   -11.0   27.190  123.984      8.8   1022.4    289.1    291.0      0.0   1273.5     59.7      0.0      0.0
    10     1    25    12     8    20     0     2   -11.0   26.749  123.747    250.0   1022.4    289.5    291.4      0.0   1303.0     60.0      0.0      0.0
    11     1    25    12     8    20     0     2   -11.0   26.759  124.089    250.0   1022.4    289.1    290.9      0.0   1244.1     60.0      0.0      0.0
    12     1    25    12     8    20     0     2   -11.0   26.713  123.266    250.0   1021.0    290.1    291.9      0.0   1224.0     62.2      0.0      0.0
    13     1    25    12     8    20     0     2   -11.0   25.899  122.494    250.0   1020.0    291.5    293.2      0.1   1192.5     65.8      0.0      0.0
    14     1    25    12     8    20     0     2   -11.0   26.147  123.490    253.2   1020.8    290.4    292.1      0.0   1249.5     63.0      0.0      0.0
    15     1    25    12     8    20     0     2   -11.0   25.276  121.235    401.6    979.1    291.4    289.7      0.2    735.9     91.8    192.0      0.0
    16     1    25    12     8    20     0     2   -11.0   27.139  124.198    258.9   1022.4    288.8    290.7      0.0   1262.3     59.8      0.0      0.0
    17     1    25    12     8    20     0     2   -11.0   27.041  124.265    252.1   1022.3    288.6    290.4      0.0   1257.0     59.4      0.0      0.0
    18     1    25    12     8    20     0     2   -11.0   27.190  123.984    258.8   1022.4    289.1    291.0      0.0   1273.5     59.7      0.0      0.0
    19     1    25    12     8    20     0     2   -11.0   26.594  124.248    212.1    967.9    290.0    287.3      0.0   1285.6     74.1      0.0      0.0
    20     1    25    12     8    20     0     2   -11.0   26.666  124.534    286.8    960.2    289.4    286.0      0.0   1276.7     74.8      0.0      0.0
    21     1    25    12     8    20     0     2   -11.0   26.470  123.658    128.9    977.2    290.3    288.4      0.0   1229.9     74.3      0.0      0.0
    22     1    25    12     8    20     0     2   -11.0   25.675  122.793     24.3    989.2    291.7    290.8      0.4   1275.6     73.8      0.0      0.0
    23     1    25    12     8    20     0     2   -11.0   26.187  124.019    150.5    974.8    290.4    288.3      0.0   1277.4     73.9      0.0      0.0
    24     1    25    12     8    20     0     2   -11.0   25.076  121.420      0.0    972.6    292.1    289.8      0.5    569.2     93.8    309.1      0.0
    25     1    25    12     8    20     0     2   -11.0   27.100  124.698    217.5    968.6    288.8    286.2      0.0   1234.7     71.7      0.0      0.0
    26     1    25    12     8    20     0     2   -11.0   27.113  124.793    204.1    970.1    288.4    285.9      0.0   1209.2     70.0      0.0      0.0
    27     1    25    12     8    20     0     2   -11.0   27.084  124.491    210.1    968.9    289.3    286.7      0.0   1279.5     72.0      0.0      0.0
     1     1    25    12     8    19     0     1   -12.0   27.034  124.001      0.0   1022.1    289.2    291.0      0.0   1259.4     60.8      0.0      0.0
     2     1    25    12     8    19     0     1   -12.0   27.042  124.333      0.0   1022.1    288.7    290.6      0.0   1203.9     59.6      0.0      0.0
     3     1    25    12     8    19     0     1   -12.0   26.996  123.531      0.0   1022.1    289.8    291.6      0.0   1381.5     59.9      0.0      0.0
     4     1    25    12     8    19     0     1   -12.0   26.228  122.817      0.4   1020.1    290.8    292.5      0.0   1127.3     64.9      0.0      0.0
     5     1    25    12     8    19     0     1   -12.0   26.439  123.746      0.3   1021.9    290.0    291.8      0.0   1314.9     61.8      0.0      0.0
     6     1    25    12     8    19     0     1   -12.0   25.438  121.539      0.0   1014.5    292.4    293.6      0.0   1273.2     73.4     48.3      0.0
     7     1    25    12     8    19     0     1   -12.0   27.419  124.439      5.8   1022.1    288.5    290.3      0.0   1192.4     59.4      0.0      0.0
     8     1    25    12     8    19     0     1   -12.0   27.321  124.499      0.0   1022.1    288.3    290.1      0.0   1191.3     58.7      0.0      0.0
     9     1    25    12     8    19     0     1   -12.0   27.471  124.235      5.7   1022.1    288.8    290.6      0.0   1243.5     60.2      0.0      0.0
    10     1    25    12     8    19     0     1   -12.0   27.034  124.001    250.0   1022.1    289.2    291.0      0.0   1259.4     60.8      0.0      0.0
    11     1    25    12     8    19     0     1   -12.0   27.042  124.333    250.0   1022.1    288.7    290.6      0.0   1203.9     59.6      0.0      0.0
    12     1    25    12     8    19     0     1   -12.0   26.996  123.531    250.0   1022.1    289.8    291.6      0.0   1381.5     59.9      0.0      0.0
    13     1    25    12     8    19     0     1   -12.0   26.227  122.816    250.4   1020.1    290.8    292.5      0.0   1127.4     64.9      0.0      0.0
    14     1    25    12     8    19     0     1   -12.0   26.439  123.746    250.3   1021.9    290.0    291.8      0.0   1314.9     61.8      0.0      0.0
    15     1    25    12     8    19     0     1   -12.0   25.438  121.539    249.5   1014.5    292.4    293.6      0.0   1273.2     73.4     48.3      0.0
    16     1    25    12     8    19     0     1   -12.0   27.419  124.439    255.8   1022.1    288.5    290.3      0.0   1192.4     59.4      0.0      0.0
    17     1    25    12     8    19     0     1   -12.0   27.321  124.499    250.0   1022.1    288.3    290.1      0.0   1191.3     58.7      0.0      0.0
    18     1    25    12     8    19     0     1   -12.0   27.471  124.235    255.7   1022.1    288.8    290.6      0.0   1243.5     60.2      0.0      0.0
    19     1    25    12     8    19     0     1   -12.0   26.890  124.522    240.5    965.6    289.5    286.6      0.0   1288.7     74.3      0.0      0.0
    20     1    25    12     8    19     0     1   -12.0   26.954  124.799    329.5    955.6    289.0    285.3      0.0   1218.3     76.0      0.0      0.0
    21     1    25    12     8    19     0     1   -12.0   26.788  123.948    175.4    973.0    290.0    287.8      0.0   1235.4     75.1      0.0      0.0
    22     1    25    12     8    19     0     1   -12.0   26.033  123.143     48.4    986.4    291.1    289.9      0.0   1243.5     73.3      0.0      0.0
    23     1    25    12     8    19     0     1   -12.0   26.494  124.296    175.3    972.9    290.0    287.7      0.0   1311.8     72.2      0.0      0.0
    24     1    25    12     8    19     0     1   -12.0   25.215  121.743      0.0   1004.5    293.1    293.4      0.6   1321.4     74.2     17.3      0.0
    25     1    25    12     8    19     0     1   -12.0   27.395  124.963    230.4    966.9    288.5    285.8      0.0   1183.3     71.1      0.0      0.0
    26     1    25    12     8    19     0     1   -12.0   27.415  125.049    220.5    968.0    288.1    285.5      0.0   1204.3     69.6      0.0      0.0
    27     1    25    12     8    19     0     1   -12.0   27.380  124.767    241.6    965.6    288.8    286.0      0.0   1230.6     73.2      0.0      0.0
