    10     1
    GFSQ    26     2     2     0     0
    GFSQ    26     2     3     0     0
    GFSQ    26     2     4     0     0
    GFSQ    26     2     5     0     0
    GFSQ    26     2     6     0     0
    GFSQ    26     2     7     0     0
    GFSQ    26     2     8     0     0
    GFSQ    26     2     9     0     0
    GFSQ    26     2    10     0     0
    GFSQ    26     2    11     0     0
    27 BACKWARD OMEGA   
    26     2    10     6   24.218  120.618    10.0
    26     2    10     6   24.218  120.618    10.0
    26     2    10     6   24.218  120.618    10.0
    26     2    10     6   24.218  120.618    10.0
    26     2    10     6   24.218  120.618    10.0
    26     2    10     6   24.218  120.618    10.0
    26     2    10     6   24.218  120.618    10.0
    26     2    10     6   24.218  120.618    10.0
    26     2    10     6   24.218  120.618    10.0
    26     2    10     6   24.218  120.618    10.0
    26     2    10     6   24.218  120.618    10.0
    26     2    10     6   24.218  120.618    10.0
    26     2    10     6   24.218  120.618    10.0
    26     2    10     6   24.218  120.618    10.0
    26     2    10     6   24.218  120.618    10.0
    26     2    10     6   24.218  120.618    10.0
    26     2    10     6   24.218  120.618    10.0
    26     2    10     6   24.218  120.618    10.0
    26     2    10     6   24.218  120.618    10.0
    26     2    10     6   24.218  120.618    10.0
    26     2    10     6   24.218  120.618    10.0
    26     2    10     6   24.218  120.618    10.0
    26     2    10     6   24.218  120.618    10.0
    26     2    10     6   24.218  120.618    10.0
    26     2    10     6   24.218  120.618    10.0
    26     2    10     6   24.218  120.618    10.0
    26     2    10     6   24.218  120.618    10.0
     8 PRESSURE THETA    AIR_TEMP RAINFALL MIXDEPTH RELHUMID TERR_MSL SUN_FLUX
     1     1    26     2    10     6     0     0     0.0   24.218  120.618     10.0    999.3    291.0    290.9      0.0    790.1     61.3    157.4    680.7
     2     1    26     2    10     6     0     0     0.0   24.218  120.618     10.0   1009.4    288.7    289.4      0.0    567.1     70.2     82.7    660.0
     3     1    26     2    10     6     0     0     0.0   24.218  120.618     10.0    996.8    293.7    293.4      0.0   1154.6     47.8    165.7    685.4
     4     1    26     2    10     6     0     0     0.0   24.218  120.618     10.0    927.6    296.8    290.3      0.0   1120.2     52.2    810.8    699.4
     5     1    26     2    10     6     0     0     0.0   24.218  120.618     10.0    950.5    294.3    289.9      0.0    936.7     58.4    595.2    678.2
     6     1    26     2    10     6     0     0     0.0   24.218  120.618     10.0    941.1    297.3    292.1      0.0   1340.3     47.1    664.3    697.6
     7     1    26     2    10     6     0     0     0.0   24.218  120.618     10.0   1017.4    287.5    288.9      0.0    387.5     76.6     11.1    677.3
     8     1    26     2    10     6     0     0     0.0   24.218  120.618     10.0   1019.1    286.4    287.9      0.0    336.1     80.0      1.4    669.8
     9     1    26     2    10     6     0     0     0.0   24.218  120.618     10.0   1016.2    289.8    291.1      0.0    604.2     64.3     13.0    681.0
    10     1    26     2    10     6     0     0     0.0   24.218  120.618     10.0    999.3    291.0    291.0      0.0    790.1     61.3    157.4    680.7
    11     1    26     2    10     6     0     0     0.0   24.218  120.618     10.0   1009.4    288.7    289.4      0.0    567.1     70.2     82.7    660.0
    12     1    26     2    10     6     0     0     0.0   24.218  120.618     10.0    996.8    293.7    293.4      0.0   1154.6     47.8    165.7    685.4
    13     1    26     2    10     6     0     0     0.0   24.218  120.618     10.0    927.7    296.8    290.3      0.0   1120.2     52.2    810.8    699.4
    14     1    26     2    10     6     0     0     0.0   24.218  120.618     10.0    950.5    294.3    289.9      0.0    936.7     58.4    595.2    678.2
    15     1    26     2    10     6     0     0     0.0   24.218  120.618     10.0    941.1    297.3    292.1      0.0   1340.3     47.1    664.3    697.6
    16     1    26     2    10     6     0     0     0.0   24.218  120.618     10.0   1017.4    287.5    288.9      0.0    387.5     76.6     11.1    677.3
    17     1    26     2    10     6     0     0     0.0   24.218  120.618     10.0   1019.1    286.4    287.9      0.0    336.1     80.0      1.4    669.8
    18     1    26     2    10     6     0     0     0.0   24.218  120.618     10.0   1016.2    289.8    291.1      0.0    604.2     64.3     13.0    681.0
    19     1    26     2    10     6     0     0     0.0   24.218  120.618     10.0    970.6    291.2    288.7      0.0    790.1     64.4    157.4    680.7
    20     1    26     2    10     6     0     0     0.0   24.218  120.618     10.0    980.1    288.7    287.1      0.0    567.1     75.8     82.7    660.0
    21     1    26     2    10     6     0     0     0.0   24.218  120.618     10.0    968.3    292.9    290.2      0.0   1154.6     55.8    165.7    685.4
    22     1    26     2    10     6     0     0     0.0   24.218  120.618     10.0    901.5    296.0    287.2      0.0   1120.2     61.1    810.8    699.4
    23     1    26     2    10     6     0     0     0.0   24.218  120.618     10.0    923.5    293.6    286.9      0.0    936.7     66.5    595.2    678.2
    24     1    26     2    10     6     0     0     0.0   24.218  120.618     10.0    914.6    296.4    288.8      0.0   1340.3     55.8    664.3    697.6
    25     1    26     2    10     6     0     0     0.0   24.218  120.618     10.0    987.8    287.9    286.9      0.0    387.5     81.2     11.1    677.3
    26     1    26     2    10     6     0     0     0.0   24.218  120.618     10.0    989.4    286.5    285.6      0.0    336.1     88.0      1.4    669.8
    27     1    26     2    10     6     0     0     0.0   24.218  120.618     10.0    986.8    289.4    288.3      0.0    604.2     71.7     13.0    681.0
     1     1    26     2    10     5     0     1    -1.0   24.278  120.604      0.0   1010.9    288.3    289.2      0.0    499.7     73.5     68.5    634.9
     2     1    26     2    10     5     0     1    -1.0   24.271  120.632      0.0   1015.0    287.3    288.5      0.0    451.0     76.0     39.9    622.8
     3     1    26     2    10     5     0     1    -1.0   24.283  120.586      0.0   1011.2    291.2    292.1      0.0    776.6     57.0     51.0    641.4
     4     1    26     2    10     5     0     1    -1.0   24.230  120.576      0.0    974.9    294.1    291.9      0.0   1046.6     50.7    378.6    651.0
     5     1    26     2    10     5     0     1    -1.0   24.248  120.603      0.0    984.9    291.6    290.2      0.0    806.7     61.7    301.4    623.4
     6     1    26     2    10     5     0     1    -1.0   24.245  120.572      0.0    979.6    295.0    293.3      0.0   1312.8     46.4    321.0    650.5
     7     1    26     2    10     5     0     1    -1.0   24.294  120.647      0.0   1019.0    286.7    288.3      0.0    368.7     79.4      6.7    635.9
     8     1    26     2    10     5     0     1    -1.0   24.272  120.665      6.4   1019.9    286.1    287.7      0.0    348.2     80.4      0.0    630.2
     9     1    26     2    10     5     0     1    -1.0   24.310  120.628      0.0   1018.7    288.0    289.5      0.0    450.6     74.0      6.4    639.1
    10     1    26     2    10     5     0     1    -1.0   24.278  120.604    249.3   1010.9    288.3    289.2      0.0    499.7     73.5     68.5    634.9
    11     1    26     2    10     5     0     1    -1.0   24.271  120.632    249.6   1015.0    287.3    288.5      0.0    451.0     76.0     39.9    622.8
    12     1    26     2    10     5     0     1    -1.0   24.283  120.586    249.5   1011.2    291.2    292.1      0.0    776.6     57.0     51.0    641.4
    13     1    26     2    10     5     0     1    -1.0   24.230  120.576    246.2    974.9    294.1    291.9      0.0   1046.5     50.7    378.8    651.0
    14     1    26     2    10     5     0     1    -1.0   24.248  120.603    247.0    984.9    291.6    290.2      0.0    806.7     61.7    301.5    623.4
    15     1    26     2    10     5     0     1    -1.0   24.245  120.572    246.8    979.6    295.0    293.3      0.0   1312.8     46.4    321.1    650.5
    16     1    26     2    10     5     0     1    -1.0   24.294  120.647    249.9   1019.0    286.7    288.3      0.0    368.7     79.4      6.7    635.9
    17     1    26     2    10     5     0     1    -1.0   24.272  120.665    250.0   1019.9    286.1    287.7      0.0    348.2     80.4      0.0    630.2
    18     1    26     2    10     5     0     1    -1.0   24.310  120.628    249.9   1018.7    288.0    289.5      0.0    450.6     74.0      6.4    639.1
    19     1    26     2    10     5     0     1    -1.0   24.262  120.605      2.0    982.1    288.8    287.3      0.0    507.6     76.7     72.3    635.7
    20     1    26     2    10     5     0     1    -1.0   24.254  120.623      0.0    987.3    287.3    286.2      0.0    444.5     83.8     37.5    622.9
    21     1    26     2    10     5     0     1    -1.0   24.286  120.579      0.0    984.3    290.5    289.2      0.0    755.9     65.2     43.5    641.1
    22     1    26     2    10     5     0     1    -1.0   24.223  120.561      0.0    962.8    293.1    289.9      0.0   1062.0     56.4    310.7    649.6
    23     1    26     2    10     5     0     1    -1.0   24.235  120.580      0.0    973.2    290.5    288.2      0.0    802.4     67.7    231.3    620.7
    24     1    26     2    10     5     0     1    -1.0   24.254  120.544      0.0    966.9    293.8    290.9      0.0   1288.2     52.8    263.9    649.0
    25     1    26     2    10     5     0     1    -1.0   24.277  120.643     85.0    980.5    287.4    285.7      0.0    369.7     84.7      6.9    636.4
    26     1    26     2    10     5     0     1    -1.0   24.257  120.654     50.8    985.3    286.3    285.0      0.0    349.6     89.9      0.0    630.5
    27     1    26     2    10     5     0     1    -1.0   24.298  120.626     91.5    979.6    288.4    286.7      0.0    452.5     77.8      6.2    639.2
     1     1    26     2    10     4     0     2    -2.0   24.366  120.564      0.0   1017.9    286.8    288.3      0.0    398.8     79.2     15.9    590.2
     2     1    26     2    10     4     0     2    -2.0   24.347  120.609      0.0   1018.1    286.4    287.9      0.0    402.5     79.0     18.1    585.6
     3     1    26     2    10     4     0     2    -2.0   24.365  120.526      0.0   1016.6    288.8    290.2      0.0    559.9     69.4     20.2    597.9
     4     1    26     2    10     4     0     2    -2.0   24.268  120.496      0.0    992.9    291.4    290.8      0.0    777.3     60.5    228.8    604.0
     5     1    26     2    10     4     0     2    -2.0   24.299  120.546      0.0   1006.9    289.1    289.6      0.0    651.6     68.6    115.0    580.8
     6     1    26     2    10     4     0     2    -2.0   24.282  120.479      0.0    994.8    292.8    292.3      0.0    984.4     53.3    198.8    606.9
     7     1    26     2    10     4     0     2    -2.0   24.388  120.631      0.0   1020.3    286.2    287.9      0.0    373.6     80.4      3.0    593.4
     8     1    26     2    10     4     0     2    -2.0   24.348  120.661      5.5   1020.7    285.8    287.4      0.0    359.2     80.6      0.0    589.8
     9     1    26     2    10     4     0     2    -2.0   24.414  120.597      0.0   1020.3    286.9    288.5      0.0    398.5     79.1      3.5    596.5
    10     1    26     2    10     4     0     2    -2.0   24.366  120.564    249.8   1017.9    286.8    288.3      0.0    398.8     79.2     15.9    590.2
    11     1    26     2    10     4     0     2    -2.0   24.347  120.609    249.8   1018.1    286.4    287.9      0.0    402.5     79.0     18.1    585.6
    12     1    26     2    10     4     0     2    -2.0   24.365  120.526    249.8   1016.6    288.8    290.2      0.0    559.9     69.4     20.2    597.9
    13     1    26     2    10     4     0     2    -2.0   24.268  120.496    247.7    992.9    291.4    290.8      0.0    777.3     60.5    228.9    604.0
    14     1    26     2    10     4     0     2    -2.0   24.299  120.546    248.8   1006.9    289.1    289.6      0.0    651.6     68.6    115.0    580.8
    15     1    26     2    10     4     0     2    -2.0   24.282  120.479    248.0    994.7    292.8    292.3      0.0    984.5     53.3    198.8    606.9
    16     1    26     2    10     4     0     2    -2.0   24.388  120.631    250.0   1020.3    286.2    287.9      0.0    373.6     80.4      3.0    593.4
    17     1    26     2    10     4     0     2    -2.0   24.348  120.661    250.0   1020.7    285.8    287.4      0.0    359.2     80.6      0.0    589.8
    18     1    26     2    10     4     0     2    -2.0   24.414  120.597    250.0   1020.3    286.9    288.5      0.0    398.5     79.1      3.5    596.5
    19     1    26     2    10     4     0     2    -2.0   24.337  120.567     34.3    984.7    287.3    286.0      0.0    411.6     85.5     21.6    591.3
    20     1    26     2    10     4     0     2    -2.0   24.316  120.595      7.9    988.7    286.5    285.5      0.0    397.5     88.5     15.7    585.7
    21     1    26     2    10     4     0     2    -2.0   24.366  120.521      9.8    987.3    288.6    287.5      0.0    554.9     77.7     19.7    597.9
    22     1    26     2    10     4     0     2    -2.0   24.261  120.477      0.0    988.5    290.7    289.7      0.0    743.7     65.1    210.6    603.5
    23     1    26     2    10     4     0     2    -2.0   24.277  120.515      0.0   1001.1    288.7    288.8      0.0    644.0     71.7    110.9    581.5
    24     1    26     2    10     4     0     2    -2.0   24.302  120.446      0.0    991.0    291.7    290.9      0.0    906.1     58.8    166.3    605.4
    25     1    26     2    10     4     0     2    -2.0   24.337  120.606    140.0    975.4    287.3    285.2      0.0    374.1     83.9      2.8    594.7
    26     1    26     2    10     4     0     2    -2.0   24.309  120.636     93.0    981.1    286.1    284.5      0.0    361.8     91.5      0.0    590.7
    27     1    26     2    10     4     0     2    -2.0   24.370  120.577    137.2    976.0    287.8    285.8      0.0    393.5     81.6      1.6    596.6
     1     1    26     2    10     3     0     3    -3.0   24.478  120.550      0.0   1019.8    286.2    287.8      0.0    384.7     80.8      2.0    547.1
     2     1    26     2    10     3     0     3    -3.0   24.437  120.600      0.0   1020.4    285.8    287.4      0.0    389.6     80.5      6.1    546.1
     3     1    26     2    10     3     0     3    -3.0   24.473  120.493      0.0   1018.8    287.1    288.6      0.0    447.0     78.4     17.1    554.7
     4     1    26     2    10     3     0     3    -3.0   24.333  120.447      0.0   1003.1    289.4    289.6      0.0    615.4     68.7    149.1    557.4
     5     1    26     2    10     3     0     3    -3.0   24.371  120.513      0.0   1013.4    287.4    288.5      0.0    513.4     75.4     63.2    546.1
     6     1    26     2    10     3     0     3    -3.0   24.337  120.413      0.0   1003.7    290.8    291.1      0.0    737.5     61.8    133.2    563.8
     7     1    26     2    10     3     0     3    -3.0   24.500  120.628      0.0   1021.3    285.8    287.6      0.0    379.2     81.0      0.0    551.9
     8     1    26     2    10     3     0     3    -3.0   24.440  120.661      6.9   1021.6    285.4    287.1      0.0    364.7     80.8      0.0    547.3
     9     1    26     2    10     3     0     3    -3.0   24.539  120.581      0.0   1021.5    286.1    287.9      0.0    383.7     81.3      1.6    554.0
    10     1    26     2    10     3     0     3    -3.0   24.478  120.550    250.0   1019.8    286.2    287.8      0.0    384.7     80.8      2.0    547.1
    11     1    26     2    10     3     0     3    -3.0   24.437  120.600    249.9   1020.4    285.8    287.4      0.0    389.6     80.5      6.1    546.1
    12     1    26     2    10     3     0     3    -3.0   24.473  120.493    249.8   1018.8    287.1    288.6      0.0    447.0     78.4     17.1    554.7
    13     1    26     2    10     3     0     3    -3.0   24.333  120.447    248.5   1003.1    289.4    289.6      0.0    615.5     68.7    149.1    557.4
    14     1    26     2    10     3     0     3    -3.0   24.371  120.513    249.4   1013.4    287.4    288.5      0.0    513.5     75.4     63.2    546.1
    15     1    26     2    10     3     0     3    -3.0   24.337  120.413    248.7   1003.7    290.8    291.1      0.0    737.6     61.8    133.2    563.8
    16     1    26     2    10     3     0     3    -3.0   24.500  120.628    250.0   1021.3    285.8    287.6      0.0    379.2     81.0      0.0    551.9
    17     1    26     2    10     3     0     3    -3.0   24.440  120.661    251.5   1021.6    285.4    287.1      0.0    364.7     80.8      0.0    547.3
    18     1    26     2    10     3     0     3    -3.0   24.539  120.581    250.0   1021.5    286.1    287.9      0.0    383.7     81.3      1.6    554.0
    19     1    26     2    10     3     0     3    -3.0   24.423  120.554     84.8    980.8    286.5    284.9      0.0    398.4     92.7      7.0    548.7
    20     1    26     2    10     3     0     3    -3.0   24.398  120.586     37.1    987.2    285.8    284.8      0.0    392.3     92.3      6.5    546.1
    21     1    26     2    10     3     0     3    -3.0   24.469  120.493     24.0    987.4    286.9    285.9      0.0    450.4     88.8     17.1    554.8
    22     1    26     2    10     3     0     3    -3.0   24.328  120.432      0.0    986.8    288.8    287.7      0.0    595.1     76.5    136.0    557.0
    23     1    26     2    10     3     0     3    -3.0   24.339  120.481      0.0    994.2    287.3    286.8      0.0    526.6     81.7     66.8    546.1
    24     1    26     2    10     3     0     3    -3.0   24.372  120.382      0.0    990.1    289.5    288.7      0.0    666.2     72.2    102.0    561.6
    25     1    26     2    10     3     0     3    -3.0   24.401  120.563    179.3    972.1    287.6    285.3      0.0    379.6     79.2      0.1    554.1
    26     1    26     2    10     3     0     3    -3.0   24.365  120.616    134.9    977.0    286.2    284.3      0.0    367.7     88.8      0.0    549.5
    27     1    26     2    10     3     0     3    -3.0   24.455  120.532    138.5    976.9    287.0    285.1      0.0    385.0     86.0      0.0    554.1
     1     1    26     2    10     2     0     2    -4.0   24.587  120.544      0.0   1020.6    285.7    287.4      0.0    359.1     81.4      0.0    372.8
     2     1    26     2    10     2     0     2    -4.0   24.527  120.592      0.0   1021.3    285.4    287.1      0.0    379.2     81.2      0.0    372.5
     3     1    26     2    10     2     0     2    -4.0   24.587  120.479      0.0   1019.7    286.3    287.9      0.0    373.0     80.5     10.3    376.6
     4     1    26     2    10     2     0     2    -4.0   24.408  120.420      0.0   1009.2    287.8    288.5      0.0    462.6     74.5     97.3    376.2
     5     1    26     2    10     2     0     2    -4.0   24.449  120.490      0.0   1018.0    286.2    287.6      0.0    401.1     80.0     22.2    372.5
     6     1    26     2    10     2     0     2    -4.0   24.403  120.376      0.0   1008.7    288.7    289.4      0.0    503.1     69.9     96.2    382.2
     7     1    26     2    10     2     0     2    -4.0   24.610  120.628      0.0   1021.3    285.5    287.2      0.0    366.6     81.1      0.0    374.7
     8     1    26     2    10     2     0     2    -4.0   24.533  120.657      7.6   1021.5    285.1    286.9      0.0    373.3     80.9      0.0    372.5
     9     1    26     2    10     2     0     2    -4.0   24.661  120.574      0.0   1021.3    285.8    287.5      0.0    368.2     81.3      0.5    377.7
    10     1    26     2    10     2     0     2    -4.0   24.587  120.544    250.0   1020.6    285.7    287.4      0.0    359.1     81.4      0.0    372.8
    11     1    26     2    10     2     0     2    -4.0   24.527  120.592    250.0   1021.3    285.4    287.1      0.0    379.2     81.2      0.0    372.5
    12     1    26     2    10     2     0     2    -4.0   24.587  120.479    249.9   1019.7    286.3    287.9      0.0    373.0     80.5     10.3    376.6
    13     1    26     2    10     2     0     2    -4.0   24.408  120.420    249.0   1009.2    287.8    288.5      0.0    462.6     74.5     97.3    376.2
    14     1    26     2    10     2     0     2    -4.0   24.449  120.491    249.8   1018.0    286.2    287.6      0.0    401.1     80.0     22.3    372.5
    15     1    26     2    10     2     0     2    -4.0   24.403  120.376    249.0   1008.7    288.7    289.4      0.0    503.2     69.9     96.2    382.2
    16     1    26     2    10     2     0     2    -4.0   24.610  120.628    250.0   1021.3    285.5    287.2      0.0    366.6     81.1      0.0    374.7
    17     1    26     2    10     2     0     2    -4.0   24.533  120.657    252.1   1021.5    285.1    286.9      0.0    373.3     80.9      0.0    372.5
    18     1    26     2    10     2     0     2    -4.0   24.661  120.574    250.0   1021.3    285.8    287.5      0.0    368.2     81.3      0.5    377.7
    19     1    26     2    10     2     0     2    -4.0   24.482  120.549    127.4    976.5    286.5    284.6      0.0    351.2     92.7      1.6    373.2
    20     1    26     2    10     2     0     2    -4.0   24.472  120.578     68.1    984.3    285.5    284.2      0.0    376.9     94.0      1.2    372.5
    21     1    26     2    10     2     0     2    -4.0   24.571  120.485     41.7    986.0    286.3    285.2      0.0    375.1     91.6     11.8    376.8
    22     1    26     2    10     2     0     2    -4.0   24.398  120.410      0.0    986.4    287.5    286.4      0.0    455.5     83.0     92.9    376.5
    23     1    26     2    10     2     0     2    -4.0   24.404  120.464      0.0    990.2    286.3    285.5      0.0    418.3     88.1     35.7    372.5
    24     1    26     2    10     2     0     2    -4.0   24.450  120.356      0.0    987.7    287.8    286.8      0.0    459.5     81.5     75.2    380.7
    25     1    26     2    10     2     0     2    -4.0   24.442  120.516    208.9    968.3    287.8    285.2      0.0    367.6     76.4      0.0    377.2
    26     1    26     2    10     2     0     2    -4.0   24.406  120.583    162.6    973.5    286.4    284.2      0.0    368.5     86.5      0.0    374.4
    27     1    26     2    10     2     0     2    -4.0   24.544  120.507    129.3    977.6    286.5    284.6      0.0    370.1     89.5      0.0    377.7
     1     1    26     2    10     1     0     1    -5.0   24.678  120.530      0.0   1020.9    285.4    287.1      0.0    363.4     81.5      0.0    199.1
     2     1    26     2    10     1     0     1    -5.0   24.612  120.571      0.1   1021.1    285.2    286.9      0.0    389.1     81.2      0.0    199.0
     3     1    26     2    10     1     0     1    -5.0   24.680  120.471      0.0   1020.3    285.9    287.5      0.0    334.3     81.4      4.2    200.4
     4     1    26     2    10     1     0     1    -5.0   24.472  120.399      0.0   1013.3    286.7    287.8      0.0    358.0     78.6     62.2    199.5
     5     1    26     2    10     1     0     1    -5.0   24.524  120.463      0.0   1020.7    285.6    287.3      0.0    387.3     81.5      0.0    199.0
     6     1    26     2    10     1     0     1    -5.0   24.461  120.360      0.0   1011.2    287.5    288.4      0.0    360.3     75.1     80.5    203.1
     7     1    26     2    10     1     0     1    -5.0   24.702  120.622      0.0   1021.0    285.2    286.9      0.0    379.7     81.3      0.0    199.4
     8     1    26     2    10     1     0     1    -5.0   24.620  120.645      4.0   1021.1    285.0    286.7      0.0    389.8     81.1      0.0    199.0
     9     1    26     2    10     1     0     1    -5.0   24.761  120.569      0.0   1021.1    285.4    287.2      0.0    357.9     81.3      0.0    201.4
    10     1    26     2    10     1     0     1    -5.0   24.678  120.530    250.0   1020.9    285.4    287.1      0.0    363.4     81.5      0.0    199.1
    11     1    26     2    10     1     0     1    -5.0   24.612  120.571    250.1   1021.1    285.2    286.9      0.0    389.1     81.2      0.0    199.0
    12     1    26     2    10     1     0     1    -5.0   24.680  120.471    250.0   1020.3    285.9    287.5      0.0    334.3     81.4      4.2    200.4
    13     1    26     2    10     1     0     1    -5.0   24.472  120.399    249.4   1013.3    286.7    287.8      0.0    358.0     78.6     62.2    199.5
    14     1    26     2    10     1     0     1    -5.0   24.524  120.463    250.0   1020.7    285.6    287.3      0.0    387.3     81.5      0.0    199.0
    15     1    26     2    10     1     0     1    -5.0   24.461  120.360    249.2   1011.2    287.5    288.4      0.0    360.3     75.1     80.5    203.1
    16     1    26     2    10     1     0     1    -5.0   24.702  120.622    250.0   1021.0    285.2    286.9      0.0    379.7     81.3      0.0    199.4
    17     1    26     2    10     1     0     1    -5.0   24.620  120.645    250.0   1021.1    285.0    286.7      0.0    389.8     81.1      0.0    199.0
    18     1    26     2    10     1     0     1    -5.0   24.761  120.569    250.0   1021.1    285.4    287.2      0.0    357.9     81.3      0.0    201.4
    19     1    26     2    10     1     0     1    -5.0   24.496  120.542    140.6    975.3    286.5    284.5      0.0    318.8     92.5      0.4    199.2
    20     1    26     2    10     1     0     1    -5.0   24.531  120.558     85.7    982.2    285.3    283.9      0.0    382.0     94.5      0.0    199.0
    21     1    26     2    10     1     0     1    -5.0   24.637  120.485     51.1    985.3    286.1    284.9      0.0    334.9     92.6      7.4    200.6
    22     1    26     2    10     1     0     1    -5.0   24.447  120.395      0.0    988.0    286.7    285.7      0.0    356.8     86.9     66.6    199.9
    23     1    26     2    10     1     0     1    -5.0   24.465  120.440      0.0    991.5    285.7    285.0      0.0    383.6     90.8     11.1    199.0
    24     1    26     2    10     1     0     1    -5.0   24.506  120.350      0.0    985.4    287.1    285.9      0.0    348.3     86.1     68.5    202.4
    25     1    26     2    10     1     0     1    -5.0   24.453  120.480    218.0    966.8    287.6    284.8      0.0    362.0     79.3      0.0    201.0
    26     1    26     2    10     1     0     1    -5.0   24.432  120.554    172.8    972.0    286.0    283.7      0.0    381.2     89.6      0.0    199.7
    27     1    26     2    10     1     0     1    -5.0   24.604  120.501    130.8    977.0    286.2    284.3      0.0    361.9     91.2      0.0    201.4
     1     1    26     2    10     0     0     0    -6.0   24.764  120.504      0.0   1020.7    285.2    286.9      0.0    387.9     81.5      0.0     25.4
     2     1    26     2    10     0     0     0    -6.0   24.700  120.543      1.1   1020.7    285.0    286.7      0.0    405.4     81.5      0.0     25.4
     3     1    26     2    10     0     0     0    -6.0   24.755  120.460      0.0   1020.7    285.5    287.2      0.0    310.7     82.2      0.0     25.4
     4     1    26     2    10     0     0     0    -6.0   24.525  120.379      0.0   1016.2    286.0    287.3      0.0    293.9     81.3     37.5     25.4
     5     1    26     2    10     0     0     0    -6.0   24.603  120.425      0.0   1020.7    285.4    287.1      0.0    401.2     81.5      0.0     25.4
     6     1    26     2    10     0     0     0    -6.0   24.504  120.355      0.0   1012.2    286.8    287.8      0.0    271.9     77.7     75.0     25.4
     7     1    26     2    10     0     0     0    -6.0   24.789  120.611      0.0   1020.7    285.0    286.7      0.0    405.9     81.5      0.0     25.4
     8     1    26     2    10     0     0     0    -6.0   24.712  120.629      0.0   1020.7    284.7    286.4      0.0    410.0     81.5      0.0     25.4
     9     1    26     2    10     0     0     0    -6.0   24.845  120.559      0.0   1020.7    285.2    286.9      0.0    371.8     81.5      0.0     25.4
    10     1    26     2    10     0     0     0    -6.0   24.764  120.504    250.0   1020.7    285.2    286.9      0.0    387.9     81.5      0.0     25.4
    11     1    26     2    10     0     0     0    -6.0   24.700  120.543    251.1   1020.7    285.0    286.7      0.0    405.4     81.5      0.0     25.4
    12     1    26     2    10     0     0     0    -6.0   24.755  120.460    250.0   1020.7    285.5    287.2      0.0    310.7     82.2      0.0     25.4
    13     1    26     2    10     0     0     0    -6.0   24.525  120.379    249.6   1016.2    286.0    287.3      0.0    293.9     81.3     37.5     25.4
    14     1    26     2    10     0     0     0    -6.0   24.603  120.425    250.0   1020.7    285.4    287.1      0.0    401.2     81.5      0.0     25.4
    15     1    26     2    10     0     0     0    -6.0   24.504  120.355    249.2   1012.2    286.8    287.8      0.0    271.9     77.7     75.1     25.4
    16     1    26     2    10     0     0     0    -6.0   24.789  120.611    250.0   1020.7    285.0    286.7      0.0    405.9     81.5      0.0     25.4
    17     1    26     2    10     0     0     0    -6.0   24.712  120.629    250.0   1020.7    284.7    286.4      0.0    410.0     81.5      0.0     25.4
    18     1    26     2    10     0     0     0    -6.0   24.845  120.559    250.0   1020.7    285.2    286.9      0.0    371.8     81.5      0.0     25.4
    19     1    26     2    10     0     0     0    -6.0   24.485  120.538    117.2    978.1    286.2    284.4      0.0    289.1     93.5      1.3     25.4
    20     1    26     2    10     0     0     0    -6.0   24.587  120.528     91.1    981.2    285.2    283.6      0.0    393.2     95.0      0.0     25.4
    21     1    26     2    10     0     0     0    -6.0   24.677  120.485     39.7    986.9    285.8    284.7      0.0    302.6     93.3      4.8     25.4
    22     1    26     2    10     0     0     0    -6.0   24.479  120.381      0.0    990.6    286.1    285.3      0.0    281.8     89.7     48.2     25.4
    23     1    26     2    10     0     0     0    -6.0   24.529  120.404      0.0    993.2    285.4    284.9      0.0    393.8     91.2      0.0     25.4
    24     1    26     2    10     0     0     0    -6.0   24.534  120.353      0.0    985.5    286.7    285.5      0.0    273.9     87.1     66.2     25.4
    25     1    26     2    10     0     0     0    -6.0   24.450  120.472    208.5    967.5    286.9    284.2      0.0    358.6     86.9      0.0     25.4
    26     1    26     2    10     0     0     0    -6.0   24.457  120.539    175.5    971.3    285.4    283.1      0.0    400.9     95.3      0.0     25.4
    27     1    26     2    10     0     0     0    -6.0   24.635  120.511    130.0    976.7    286.0    284.0      0.0    353.6     93.5      0.0     25.4
     1     1    26     2     9    23     0     1    -7.0   24.864  120.474      0.0   1020.3    285.0    286.7      0.0    394.4     81.9      0.0     16.9
     2     1    26     2     9    23     0     1    -7.0   24.810  120.513      1.8   1020.3    284.8    286.5      0.0    400.9     81.8      0.0     16.9
     3     1    26     2     9    23     0     1    -7.0   24.835  120.440      0.0   1020.5    285.4    287.0      0.0    358.8     82.0      0.0     16.9
     4     1    26     2     9    23     0     1    -7.0   24.587  120.349      0.0   1018.5    285.7    287.2      0.0    329.0     81.8     15.4     16.9
     5     1    26     2     9    23     0     1    -7.0   24.701  120.380      0.0   1020.3    285.3    286.9      0.0    404.2     81.4      0.0     16.9
     6     1    26     2     9    23     0     1    -7.0   24.545  120.348      0.0   1013.8    286.6    287.7      0.0    276.3     78.4     58.8     16.9
     7     1    26     2     9    23     0     1    -7.0   24.890  120.600      0.0   1020.3    284.8    286.4      0.0    400.3     81.7      0.0     16.9
     8     1    26     2     9    23     0     1    -7.0   24.825  120.615      0.0   1020.3    284.5    286.2      0.0    395.3     81.6      0.0     16.9
     9     1    26     2     9    23     0     1    -7.0   24.937  120.551      0.0   1020.4    285.0    286.7      0.0    400.2     81.6      0.0     16.9
    10     1    26     2     9    23     0     1    -7.0   24.864  120.474    250.0   1020.3    285.0    286.7      0.0    394.4     81.9      0.0     16.9
    11     1    26     2     9    23     0     1    -7.0   24.810  120.513    251.8   1020.3    284.8    286.5      0.0    400.9     81.8      0.0     16.9
    12     1    26     2     9    23     0     1    -7.0   24.835  120.440    250.0   1020.5    285.4    287.0      0.0    358.8     82.0      0.0     16.9
    13     1    26     2     9    23     0     1    -7.0   24.587  120.349    249.8   1018.5    285.7    287.2      0.0    329.0     81.8     15.5     16.9
    14     1    26     2     9    23     0     1    -7.0   24.701  120.380    250.0   1020.3    285.3    286.9      0.0    404.2     81.4      0.0     16.9
    15     1    26     2     9    23     0     1    -7.0   24.545  120.348    249.4   1013.8    286.6    287.7      0.0    276.2     78.4     58.9     16.9
    16     1    26     2     9    23     0     1    -7.0   24.890  120.600    250.0   1020.3    284.8    286.4      0.0    400.3     81.7      0.0     16.9
    17     1    26     2     9    23     0     1    -7.0   24.825  120.615    250.0   1020.3    284.5    286.2      0.0    395.3     81.6      0.0     16.9
    18     1    26     2     9    23     0     1    -7.0   24.937  120.551    250.0   1020.4    285.0    286.7      0.0    400.2     81.6      0.0     16.9
    19     1    26     2     9    23     0     1    -7.0   24.497  120.530     86.7    981.4    285.9    284.4      0.0    319.1     94.1      0.3     16.9
    20     1    26     2     9    23     0     1    -7.0   24.657  120.497     97.6    980.0    285.0    283.4      0.0    397.0     95.2      0.0     16.9
    21     1    26     2     9    23     0     1    -7.0   24.725  120.477     22.8    988.9    285.6    284.7      0.0    331.7     93.0      1.6     16.9
    22     1    26     2     9    23     0     1    -7.0   24.512  120.358      0.0    993.1    285.9    285.4      0.0    301.5     90.1     27.5     16.9
    23     1    26     2     9    23     0     1    -7.0   24.611  120.361      0.0    992.0    285.2    284.6      0.0    395.8     91.4      0.0     16.9
    24     1    26     2     9    23     0     1    -7.0   24.554  120.351      0.0    986.9    286.7    285.6      0.0    275.6     86.8     60.9     16.9
    25     1    26     2     9    23     0     1    -7.0   24.459  120.482    211.1    967.3    286.5    283.8      0.0    391.1     90.1      0.0     16.9
    26     1    26     2     9    23     0     1    -7.0   24.490  120.529    186.6    969.6    285.4    282.9      0.0    407.7     94.8      0.0     16.9
    27     1    26     2     9    23     0     1    -7.0   24.670  120.524    139.3    975.6    285.8    283.8      0.0    385.7     94.6      0.0     16.9
     1     1    26     2     9    22     0     2    -8.0   24.999  120.452      0.0   1019.8    284.8    286.4      0.0    394.5     82.2      0.0      8.5
     2     1    26     2     9    22     0     2    -8.0   24.961  120.491      0.0   1019.8    284.6    286.2      0.0    393.8     81.8      0.0      8.5
     3     1    26     2     9    22     0     2    -8.0   24.946  120.417      0.0   1020.0    285.1    286.7      0.0    387.1     82.1      0.0      8.5
     4     1    26     2     9    22     0     2    -8.0   24.687  120.306      0.0   1019.8    285.4    287.0      0.0    364.3     82.4      0.0      8.5
     5     1    26     2     9    22     0     2    -8.0   24.839  120.338      0.4   1019.8    285.0    286.6      0.0    399.9     81.8      0.0      8.5
     6     1    26     2     9    22     0     2    -8.0   24.612  120.325      0.0   1017.2    286.3    287.6      0.0    306.1     79.8     26.2      8.5
     7     1    26     2     9    22     0     2    -8.0   25.026  120.597      0.0   1019.8    284.6    286.2      0.0    386.4     81.9      0.0      8.5
     8     1    26     2     9    22     0     2    -8.0   24.975  120.607      0.0   1019.8    284.3    285.9      0.0    392.4     81.7      0.0      8.5
     9     1    26     2     9    22     0     2    -8.0   25.057  120.549      0.0   1019.9    284.8    286.4      0.0    400.0     81.9      0.0      8.5
    10     1    26     2     9    22     0     2    -8.0   24.999  120.452    250.0   1019.8    284.8    286.4      0.0    394.5     82.2      0.0      8.5
    11     1    26     2     9    22     0     2    -8.0   24.961  120.491    250.0   1019.8    284.6    286.2      0.0    393.8     81.8      0.0      8.5
    12     1    26     2     9    22     0     2    -8.0   24.946  120.417    250.0   1020.0    285.1    286.7      0.0    387.1     82.1      0.0      8.5
    13     1    26     2     9    22     0     2    -8.0   24.687  120.306    250.0   1019.8    285.4    287.0      0.0    364.3     82.4      0.0      8.5
    14     1    26     2     9    22     0     2    -8.0   24.839  120.338    250.4   1019.8    285.0    286.6      0.0    399.9     81.8      0.0      8.5
    15     1    26     2     9    22     0     2    -8.0   24.612  120.325    249.7   1017.2    286.3    287.6      0.0    306.0     79.8     26.3      8.5
    16     1    26     2     9    22     0     2    -8.0   25.026  120.597    250.0   1019.8    284.6    286.2      0.0    386.4     81.9      0.0      8.5
    17     1    26     2     9    22     0     2    -8.0   24.975  120.607    250.0   1019.8    284.3    285.9      0.0    392.4     81.7      0.0      8.5
    18     1    26     2     9    22     0     2    -8.0   25.057  120.549    250.0   1019.9    284.8    286.4      0.0    400.0     81.9      0.0      8.5
    19     1    26     2     9    22     0     2    -8.0   24.545  120.509     76.1    982.4    285.7    284.2      0.0    357.5     94.2      0.0      8.5
    20     1    26     2     9    22     0     2    -8.0   24.752  120.470    119.8    976.9    285.1    283.2      0.0    396.0     94.1      0.0      8.5
    21     1    26     2     9    22     0     2    -8.0   24.801  120.458     22.8    988.8    285.5    284.5      0.0    369.7     93.0      0.0      8.5
    22     1    26     2     9    22     0     2    -8.0   24.575  120.322      0.0    993.5    285.6    285.1      0.0    345.6     91.0      5.0      8.5
    23     1    26     2     9    22     0     2    -8.0   24.727  120.318     26.2    988.0    285.0    284.0      0.0    401.0     93.1      0.0      8.5
    24     1    26     2     9    22     0     2    -8.0   24.596  120.333      0.0    990.8    286.5    285.7      0.0    296.9     87.3     36.6      8.5
    25     1    26     2     9    22     0     2    -8.0   24.478  120.483    256.1    962.3    286.8    283.7      0.0    422.6     87.7      0.0      8.5
    26     1    26     2     9    22     0     2    -8.0   24.519  120.512    221.8    965.2    286.0    283.1      0.0    406.6     89.8      0.0      8.5
    27     1    26     2     9    22     0     2    -8.0   24.721  120.528    179.8    971.1    285.7    283.3      0.0    413.4     95.2      0.0      8.5
     1     1    26     2     9    21     0     3    -9.0   25.176  120.442      0.0   1019.4    284.5    286.1      0.0    395.4     82.1      0.0      0.0
     2     1    26     2     9    21     0     3    -9.0   25.159  120.483      0.0   1019.4    284.3    285.9      0.0    412.6     81.7      0.0      0.0
     3     1    26     2     9    21     0     3    -9.0   25.089  120.399      0.0   1019.4    284.8    286.4      0.0    385.3     82.4      0.0      0.0
     4     1    26     2     9    21     0     3    -9.0   24.829  120.263      0.0   1019.4    285.1    286.7      0.0    380.3     82.8      0.0      0.0
     5     1    26     2     9    21     0     3    -9.0   25.026  120.316      0.0   1019.4    284.7    286.3      0.0    399.0     81.8      0.0      0.0
     6     1    26     2     9    21     0     3    -9.0   24.715  120.283      0.0   1019.3    285.8    287.4      0.0    367.4     81.4      2.9      0.0
     7     1    26     2     9    21     0     3    -9.0   25.201  120.602      0.0   1019.4    284.2    285.8      0.0    394.7     82.1      0.0      0.0
     8     1    26     2     9    21     0     3    -9.0   25.170  120.606      0.0   1019.4    284.1    285.6      0.0    435.5     81.4      0.0      0.0
     9     1    26     2     9    21     0     3    -9.0   25.211  120.558      0.0   1019.4    284.5    286.1      0.0    373.4     82.1      0.0      0.0
    10     1    26     2     9    21     0     3    -9.0   25.176  120.442    250.0   1019.4    284.5    286.1      0.0    395.4     82.1      0.0      0.0
    11     1    26     2     9    21     0     3    -9.0   25.159  120.483    250.0   1019.4    284.3    285.9      0.0    412.6     81.7      0.0      0.0
    12     1    26     2     9    21     0     3    -9.0   25.089  120.399    250.0   1019.4    284.8    286.4      0.0    385.3     82.4      0.0      0.0
    13     1    26     2     9    21     0     3    -9.0   24.829  120.263    250.0   1019.4    285.1    286.7      0.0    380.3     82.8      0.0      0.0
    14     1    26     2     9    21     0     3    -9.0   25.025  120.316    250.0   1019.4    284.7    286.3      0.0    399.0     81.8      0.0      0.0
    15     1    26     2     9    21     0     3    -9.0   24.715  120.283    250.0   1019.3    285.8    287.4      0.0    367.3     81.4      3.0      0.0
    16     1    26     2     9    21     0     3    -9.0   25.201  120.602    250.0   1019.4    284.2    285.8      0.0    394.7     82.1      0.0      0.0
    17     1    26     2     9    21     0     3    -9.0   25.170  120.606    250.0   1019.4    284.1    285.6      0.0    435.5     81.4      0.0      0.0
    18     1    26     2     9    21     0     3    -9.0   25.211  120.558    250.0   1019.4    284.5    286.1      0.0    373.4     82.1      0.0      0.0
    19     1    26     2     9    21     0     3    -9.0   24.623  120.479     89.9    980.4    285.5    283.8      0.0    383.5     94.9      0.0      0.0
    20     1    26     2     9    21     0     3    -9.0   24.843  120.448    145.9    973.4    285.6    283.4      0.0    390.9     89.9      0.0      0.0
    21     1    26     2     9    21     0     3    -9.0   24.903  120.434     46.5    985.5    285.2    284.0      0.0    390.4     93.9      0.0      0.0
    22     1    26     2     9    21     0     3    -9.0   24.676  120.280      9.0    989.7    285.3    284.4      0.0    373.0     92.8      0.0      0.0
    23     1    26     2     9    21     0     3    -9.0   24.874  120.289     64.7    983.0    284.9    283.5      0.0    398.6     93.4      0.0      0.0
    24     1    26     2     9    21     0     3    -9.0   24.667  120.300      0.0    993.1    286.1    285.6      0.0    350.6     89.0      7.4      0.0
    25     1    26     2     9    21     0     3    -9.0   24.469  120.467    348.7    951.8    287.8    283.8      0.0    461.2     82.8      0.0      0.0
    26     1    26     2     9    21     0     3    -9.0   24.517  120.479    277.1    958.8    287.3    283.9      0.0    408.9     79.8      0.0      0.0
    27     1    26     2     9    21     0     3    -9.0   24.756  120.519    273.4    960.6    286.7    283.4      0.0    441.5     89.9      0.0      0.0
     1     1    26     2     9    20     0     2   -10.0   25.399  120.435      0.0   1019.5    284.4    286.0      0.0    430.8     81.5      0.0      0.0
     2     1    26     2     9    20     0     2   -10.0   25.410  120.476      0.0   1019.6    284.1    285.7      0.0    465.4     81.1      0.0      0.0
     3     1    26     2     9    20     0     2   -10.0   25.282  120.387      0.0   1019.5    284.8    286.3      0.0    389.9     82.1      0.0      0.0
     4     1    26     2     9    20     0     2   -10.0   25.015  120.228      0.0   1019.5    285.2    286.8      0.0    388.5     80.8      0.0      0.0
     5     1    26     2     9    20     0     2   -10.0   25.260  120.303      0.0   1019.5    284.7    286.3      0.0    412.7     81.0      0.0      0.0
     6     1    26     2     9    20     0     2   -10.0   24.846  120.230      0.0   1019.8    285.8    287.4      0.0    405.7     80.1      0.0      0.0
     7     1    26     2     9    20     0     2   -10.0   25.427  120.604      0.0   1019.5    284.1    285.6      0.0    452.2     81.6      0.0      0.0
     8     1    26     2     9    20     0     2   -10.0   25.418  120.602      0.0   1019.9    283.7    285.3      0.0    500.7     80.6      0.0      0.0
     9     1    26     2     9    20     0     2   -10.0   25.418  120.568      0.0   1019.5    284.2    285.7      0.0    401.5     82.8      0.0      0.0
    10     1    26     2     9    20     0     2   -10.0   25.399  120.435    250.0   1019.5    284.4    286.0      0.0    430.8     81.5      0.0      0.0
    11     1    26     2     9    20     0     2   -10.0   25.410  120.476    250.0   1019.6    284.1    285.7      0.0    465.4     81.1      0.0      0.0
    12     1    26     2     9    20     0     2   -10.0   25.282  120.387    250.0   1019.5    284.8    286.3      0.0    389.9     82.1      0.0      0.0
    13     1    26     2     9    20     0     2   -10.0   25.015  120.228    250.0   1019.5    285.2    286.8      0.0    388.4     80.8      0.0      0.0
    14     1    26     2     9    20     0     2   -10.0   25.260  120.303    250.0   1019.5    284.7    286.3      0.0    412.7     81.0      0.0      0.0
    15     1    26     2     9    20     0     2   -10.0   24.846  120.230    250.0   1019.8    285.8    287.4      0.0    405.7     80.1      0.0      0.0
    16     1    26     2     9    20     0     2   -10.0   25.427  120.604    250.0   1019.5    284.1    285.6      0.0    452.2     81.6      0.0      0.0
    17     1    26     2     9    20     0     2   -10.0   25.418  120.602    250.0   1019.9    283.7    285.3      0.0    500.7     80.6      0.0      0.0
    18     1    26     2     9    20     0     2   -10.0   25.418  120.568    250.0   1019.5    284.2    285.7      0.0    401.5     82.8      0.0      0.0
    19     1    26     2     9    20     0     2   -10.0   24.726  120.448     98.0    979.3    285.6    283.9      0.0    397.8     92.6      0.0      0.0
    20     1    26     2     9    20     0     2   -10.0   24.953  120.441    151.3    972.9    285.7    283.5      0.0    404.5     89.1      0.0      0.0
    21     1    26     2     9    20     0     2   -10.0   25.033  120.410     63.4    983.3    285.2    283.9      0.0    400.2     92.9      0.0      0.0
    22     1    26     2     9    20     0     2   -10.0   24.806  120.237     39.5    986.1    285.5    284.3      0.0    388.6     90.8      0.0      0.0
    23     1    26     2     9    20     0     2   -10.0   25.059  120.280     65.7    983.0    285.0    283.6      0.0    410.6     91.9      0.0      0.0
    24     1    26     2     9    20     0     2   -10.0   24.756  120.256      0.0    991.4    286.1    285.4      0.0    412.5     88.1      0.0      0.0
    25     1    26     2     9    20     0     2   -10.0   24.429  120.441    455.6    939.2    289.0    283.9      0.0    473.6     77.1      0.0      0.0
    26     1    26     2     9    20     0     2   -10.0   24.485  120.436    350.0    950.6    288.3    284.1      0.0    431.7     74.0      0.0      0.0
    27     1    26     2     9    20     0     2   -10.0   24.730  120.497    380.5    947.8    288.2    283.8      0.0    448.7     82.6      0.0      0.0
     1     1    26     2     9    19     0     1   -11.0   25.671  120.423      0.0   1020.1    283.9    285.6      0.0    496.8     80.8      0.0      0.0
     2     1    26     2     9    19     0     1   -11.0   25.684  120.475      0.0   1020.7    283.5    285.2      0.0    510.2     79.9      0.0      0.0
     3     1    26     2     9    19     0     1   -11.0   25.532  120.372      0.0   1019.6    284.3    285.9      0.0    425.4     82.5      0.0      0.0
     4     1    26     2     9    19     0     1   -11.0   25.249  120.196      0.0   1019.6    284.8    286.4      0.0    417.0     81.6      0.0      0.0
     5     1    26     2     9    19     0     1   -11.0   25.538  120.295      0.0   1019.9    284.2    285.8      0.0    474.2     81.1      0.0      0.0
     6     1    26     2     9    19     0     1   -11.0   25.019  120.178      0.0   1019.6    285.6    287.2      0.0    411.6     80.5      0.0      0.0
     7     1    26     2     9    19     0     1   -11.0   25.703  120.596      0.1   1020.6    283.5    285.1      0.0    532.0     80.5      0.0      0.0
     8     1    26     2     9    19     0     1   -11.0   25.683  120.598      0.0   1020.9    283.1    284.8      0.0    515.2     79.4      0.0      0.0
     9     1    26     2     9    19     0     1   -11.0   25.686  120.565      0.3   1019.6    283.8    285.4      0.0    479.3     82.2      0.0      0.0
    10     1    26     2     9    19     0     1   -11.0   25.671  120.423    250.0   1020.1    283.9    285.6      0.0    496.8     80.8      0.0      0.0
    11     1    26     2     9    19     0     1   -11.0   25.684  120.475    250.0   1020.7    283.5    285.2      0.0    510.2     79.9      0.0      0.0
    12     1    26     2     9    19     0     1   -11.0   25.532  120.372    250.0   1019.6    284.3    285.9      0.0    425.4     82.5      0.0      0.0
    13     1    26     2     9    19     0     1   -11.0   25.249  120.196    250.0   1019.6    284.8    286.4      0.0    417.0     81.6      0.0      0.0
    14     1    26     2     9    19     0     1   -11.0   25.538  120.295    250.0   1019.9    284.2    285.8      0.0    474.1     81.1      0.0      0.0
    15     1    26     2     9    19     0     1   -11.0   25.019  120.178    250.0   1019.6    285.6    287.2      0.0    411.6     80.5      0.0      0.0
    16     1    26     2     9    19     0     1   -11.0   25.703  120.596    250.1   1020.6    283.5    285.1      0.0    532.0     80.5      0.0      0.0
    17     1    26     2     9    19     0     1   -11.0   25.683  120.598    250.0   1020.9    283.1    284.8      0.0    515.2     79.4      0.0      0.0
    18     1    26     2     9    19     0     1   -11.0   25.686  120.565    250.3   1019.6    283.8    285.4      0.0    479.3     82.2      0.0      0.0
    19     1    26     2     9    19     0     1   -11.0   24.877  120.423     91.7    980.1    285.6    284.0      0.0    402.9     90.5      0.0      0.0
    20     1    26     2     9    19     0     1   -11.0   25.133  120.454    137.2    974.7    285.3    283.2      0.0    436.4     92.0      0.0      0.0
    21     1    26     2     9    19     0     1   -11.0   25.222  120.395     74.8    982.1    285.2    283.8      0.0    398.3     91.5      0.0      0.0
    22     1    26     2     9    19     0     1   -11.0   24.980  120.208     53.2    984.7    285.7    284.4      0.0    389.1     88.6      0.0      0.0
    23     1    26     2     9    19     0     1   -11.0   25.304  120.286     14.2    989.2    284.8    283.9      0.0    434.8     89.8      0.0      0.0
    24     1    26     2     9    19     0     1   -11.0   24.873  120.208      0.0    991.6    286.0    285.3      0.0    423.9     87.0      0.0      0.0
    25     1    26     2     9    19     0     1   -11.0   24.369  120.404    538.7    929.4    289.7    283.7      0.0    497.9     75.5      0.0      0.0
    26     1    26     2     9    19     0     1   -11.0   24.449  120.404    421.8    942.4    288.9    284.0      0.0    449.7     73.4      0.0      0.0
    27     1    26     2     9    19     0     1   -11.0   24.687  120.478    457.7    938.6    288.8    283.6      0.0    457.4     81.7      0.0      0.0
     1     1    26     2     9    18     0     0   -12.0   25.963  120.427      0.0   1021.6    283.2    284.9      0.0    549.5     79.5      0.0      0.0
     2     1    26     2     9    18     0     0   -12.0   25.952  120.483      0.0   1021.8    282.8    284.5      0.0    503.8     78.4      0.0      0.0
     3     1    26     2     9    18     0     0   -12.0   25.834  120.354      0.8   1020.3    283.8    285.4      0.0    524.2     81.2      0.0      0.0
     4     1    26     2     9    18     0     0   -12.0   25.537  120.167      0.0   1019.9    284.4    286.0      0.0    488.0     80.9      0.0      0.0
     5     1    26     2     9    18     0     0   -12.0   25.829  120.305      0.0   1021.8    283.3    285.0      0.0    543.0     78.9      0.0      0.0
     6     1    26     2     9    18     0     0   -12.0   25.270  120.134      0.0   1019.8    285.1    286.7      0.0    408.2     81.7      0.0      0.0
     7     1    26     2     9    18     0     0   -12.0   25.988  120.599      0.2   1021.7    282.9    284.6      0.0    554.2     79.4      0.0      0.0
     8     1    26     2     9    18     0     0   -12.0   25.940  120.598      0.0   1021.8    282.6    284.4      0.0    467.3     78.5      0.0      0.0
     9     1    26     2     9    18     0     0   -12.0   25.990  120.559      3.2   1021.7    283.0    284.8      0.0    582.8     80.3      0.0      0.0
    10     1    26     2     9    18     0     0   -12.0   25.963  120.427    250.0   1021.6    283.2    284.9      0.0    549.5     79.5      0.0      0.0
    11     1    26     2     9    18     0     0   -12.0   25.952  120.483    250.0   1021.8    282.8    284.5      0.0    503.8     78.4      0.0      0.0
    12     1    26     2     9    18     0     0   -12.0   25.834  120.354    250.8   1020.3    283.8    285.4      0.0    524.2     81.2      0.0      0.0
    13     1    26     2     9    18     0     0   -12.0   25.537  120.167    250.0   1019.9    284.4    286.0      0.0    488.0     80.9      0.0      0.0
    14     1    26     2     9    18     0     0   -12.0   25.829  120.305    250.0   1021.8    283.3    285.0      0.0    543.0     78.9      0.0      0.0
    15     1    26     2     9    18     0     0   -12.0   25.270  120.134    250.0   1019.8    285.1    286.7      0.0    408.2     81.7      0.0      0.0
    16     1    26     2     9    18     0     0   -12.0   25.988  120.599    250.2   1021.7    282.9    284.6      0.0    554.2     79.4      0.0      0.0
    17     1    26     2     9    18     0     0   -12.0   25.940  120.598    250.0   1021.8    282.6    284.4      0.0    467.3     78.5      0.0      0.0
    18     1    26     2     9    18     0     0   -12.0   25.990  120.559    253.2   1021.7    283.0    284.8      0.0    582.8     80.3      0.0      0.0
    19     1    26     2     9    18     0     0   -12.0   25.103  120.416    105.7    978.6    285.5    283.7      0.0    409.7     90.5      0.0      0.0
    20     1    26     2     9    18     0     0   -12.0   25.394  120.488    110.2    978.2    284.6    282.8      0.0    476.9     94.0      0.0      0.0
    21     1    26     2     9    18     0     0   -12.0   25.483  120.396    102.3    978.9    284.9    283.1      0.0    424.2     94.0      0.0      0.0
    22     1    26     2     9    18     0     0   -12.0   25.226  120.192     62.3    983.7    285.2    283.8      0.0    422.5     91.7      0.0      0.0
    23     1    26     2     9    18     0     0   -12.0   25.610  120.316      0.0    992.4    284.1    283.5      0.0    495.7     89.0      0.0      0.0
    24     1    26     2     9    18     0     0   -12.0   25.065  120.168      0.0    992.0    285.7    285.0      0.0    421.8     87.8      0.0      0.0
    25     1    26     2     9    18     0     0   -12.0   24.276  120.354    568.4    925.8    289.9    283.6      0.0    548.9     76.7      0.0      0.0
    26     1    26     2     9    18     0     0   -12.0   24.408  120.374    483.6    935.1    289.1    283.6      0.0    463.4     76.4      0.0      0.0
    27     1    26     2     9    18     0     0   -12.0   24.628  120.457    510.7    932.3    289.1    283.3      0.0    471.2     84.3      0.0      0.0
