    10     1
    GFSQ    25    10    30     0     0
    GFSQ    25    10    31     0     0
    GFSQ    25    11     1     0     0
    GFSQ    25    11     2     0     0
    GFSQ    25    11     3     0     0
    GFSQ    25    11     4     0     0
    GFSQ    25    11     5     0     0
    GFSQ    25    11     6     0     0
    GFSQ    25    11     7     0     0
    GFSQ    25    11     8     0     0
    27 BACKWARD OMEGA   
    25    11     7     3   24.218  120.618    10.0
    25    11     7     3   24.218  120.618    10.0
    25    11     7     3   24.218  120.618    10.0
    25    11     7     3   24.218  120.618    10.0
    25    11     7     3   24.218  120.618    10.0
    25    11     7     3   24.218  120.618    10.0
    25    11     7     3   24.218  120.618    10.0
    25    11     7     3   24.218  120.618    10.0
    25    11     7     3   24.218  120.618    10.0
    25    11     7     3   24.218  120.618    10.0
    25    11     7     3   24.218  120.618    10.0
    25    11     7     3   24.218  120.618    10.0
    25    11     7     3   24.218  120.618    10.0
    25    11     7     3   24.218  120.618    10.0
    25    11     7     3   24.218  120.618    10.0
    25    11     7     3   24.218  120.618    10.0
    25    11     7     3   24.218  120.618    10.0
    25    11     7     3   24.218  120.618    10.0
    25    11     7     3   24.218  120.618    10.0
    25    11     7     3   24.218  120.618    10.0
    25    11     7     3   24.218  120.618    10.0
    25    11     7     3   24.218  120.618    10.0
    25    11     7     3   24.218  120.618    10.0
    25    11     7     3   24.218  120.618    10.0
    25    11     7     3   24.218  120.618    10.0
    25    11     7     3   24.218  120.618    10.0
    25    11     7     3   24.218  120.618    10.0
     8 PRESSURE THETA    AIR_TEMP RAINFALL MIXDEPTH RELHUMID TERR_MSL SUN_FLUX
     1     1    25    11     7     3     0     3     0.0   24.218  120.618     10.0    996.1    300.3    299.9      0.0    736.5     66.9    157.4    583.7
     2     1    25    11     7     3     0     3     0.0   24.218  120.618     10.0   1005.1    298.8    299.3      0.0    534.4     74.2     82.7    579.9
     3     1    25    11     7     3     0     3     0.0   24.218  120.618     10.0    994.4    302.3    301.8      0.0   1009.0     56.9    165.7    588.3
     4     1    25    11     7     3     0     3     0.0   24.218  120.618     10.0    926.3    305.4    298.7      0.0   1003.0     56.2    810.8    602.8
     5     1    25    11     7     3     0     3     0.0   24.218  120.618     10.0    949.0    303.6    299.0      0.0    842.4     60.0    595.2    595.9
     6     1    25    11     7     3     0     3     0.0   24.218  120.618     10.0    940.7    305.0    299.6      0.0   1004.4     52.8    664.3    604.4
     7     1    25    11     7     3     0     3     0.0   24.218  120.618     10.0   1013.0    297.2    298.3      0.0    422.5     82.8     11.1    576.1
     8     1    25    11     7     3     0     3     0.0   24.218  120.618     10.0   1014.8    296.7    298.0      0.0    384.7     86.4      1.4    575.7
     9     1    25    11     7     3     0     3     0.0   24.218  120.618     10.0   1011.9    299.0    300.0      0.0    647.6     72.2     13.0    580.0
    10     1    25    11     7     3     0     3     0.0   24.218  120.618     10.0    996.1    300.3    299.9      0.0    736.5     66.9    157.4    583.7
    11     1    25    11     7     3     0     3     0.0   24.218  120.618     10.0   1005.2    298.8    299.3      0.0    534.4     74.2     82.7    579.9
    12     1    25    11     7     3     0     3     0.0   24.218  120.618     10.0    994.4    302.3    301.8      0.0   1009.0     56.9    165.7    588.3
    13     1    25    11     7     3     0     3     0.0   24.218  120.618     10.0    926.3    305.5    298.7      0.0   1003.0     56.2    810.8    602.8
    14     1    25    11     7     3     0     3     0.0   24.218  120.618     10.0    949.1    303.6    299.0      0.0    842.4     60.0    595.2    595.9
    15     1    25    11     7     3     0     3     0.0   24.218  120.618     10.0    940.7    305.0    299.6      0.0   1004.4     52.8    664.3    604.4
    16     1    25    11     7     3     0     3     0.0   24.218  120.618     10.0   1013.0    297.2    298.3      0.0    422.5     82.8     11.1    576.1
    17     1    25    11     7     3     0     3     0.0   24.218  120.618     10.0   1014.8    296.7    298.0      0.0    384.7     86.4      1.4    575.7
    18     1    25    11     7     3     0     3     0.0   24.218  120.618     10.0   1011.9    299.0    300.0      0.0    647.6     72.2     13.0    580.0
    19     1    25    11     7     3     0     3     0.0   24.218  120.618     10.0    968.4    300.5    297.7      0.0    736.5     69.9    157.4    583.7
    20     1    25    11     7     3     0     3     0.0   24.218  120.618     10.0    977.1    299.2    297.2      0.0    534.4     74.3     82.7    579.9
    21     1    25    11     7     3     0     3     0.0   24.218  120.618     10.0    966.9    301.7    298.8      0.0   1009.0     65.0    165.7    588.3
    22     1    25    11     7     3     0     3     0.0   24.218  120.618     10.0    901.1    304.9    295.8      0.0   1003.0     63.8    810.8    602.8
    23     1    25    11     7     3     0     3     0.0   24.218  120.618     10.0    923.0    303.2    296.2      0.0    842.4     65.6    595.2    595.9
    24     1    25    11     7     3     0     3     0.0   24.218  120.618     10.0    915.0    304.4    296.7      0.0   1004.4     59.6    664.3    604.4
    25     1    25    11     7     3     0     3     0.0   24.218  120.618     10.0    984.5    297.8    296.5      0.0    422.5     81.8     11.1    576.1
    26     1    25    11     7     3     0     3     0.0   24.218  120.618     10.0    986.3    297.2    296.1      0.0    384.7     86.1      1.4    575.7
    27     1    25    11     7     3     0     3     0.0   24.218  120.618     10.0    983.7    299.1    297.7      0.0    647.6     76.0     13.0    580.0
     1     1    25    11     7     2     0     2    -1.0   24.281  120.611      0.0   1000.0    299.0    299.0      0.0    486.0     70.9    127.6    405.0
     2     1    25    11     7     2     0     2    -1.0   24.343  120.676      0.0   1008.8    298.0    298.7      0.0    386.6     75.9     50.0    401.8
     3     1    25    11     7     2     0     2    -1.0   24.226  120.574      0.0   1001.8    300.6    300.7      0.0    733.0     61.4     99.7    407.6
     4     1    25    11     7     2     0     2    -1.0   24.210  120.568      0.0    947.3    303.5    298.7      0.0    759.4     58.0    613.7    416.3
     5     1    25    11     7     2     0     2    -1.0   24.251  120.605      0.0    965.9    301.7    298.6      0.0    586.4     63.3    440.7    411.8
     6     1    25    11     7     2     0     2    -1.0   24.196  120.569      0.0    958.7    303.1    299.4      0.0    766.3     54.5    496.3    417.0
     7     1    25    11     7     2     0     2    -1.0   24.377  120.687      3.1   1013.8    296.8    297.9      0.0    331.6     83.5      5.8    400.9
     8     1    25    11     7     2     0     2    -1.0   24.437  120.759      9.5   1014.0    296.8    298.0      0.0    398.3     85.0      0.5    396.3
     9     1    25    11     7     2     0     2    -1.0   24.319  120.630      0.0   1012.4    297.8    298.8      0.0    439.5     77.5     12.2    402.5
    10     1    25    11     7     2     0     2    -1.0   24.281  120.611    248.7   1000.0    299.0    299.0      0.0    486.0     70.9    127.6    405.0
    11     1    25    11     7     2     0     2    -1.0   24.343  120.676    249.5   1008.8    298.0    298.7      0.0    386.6     75.9     50.0    401.8
    12     1    25    11     7     2     0     2    -1.0   24.226  120.574    249.0   1001.8    300.6    300.7      0.0    733.0     61.4     99.7    407.6
    13     1    25    11     7     2     0     2    -1.0   24.210  120.568    243.9    947.3    303.5    298.7      0.0    759.4     58.0    613.8    416.3
    14     1    25    11     7     2     0     2    -1.0   24.251  120.605    245.6    965.9    301.7    298.6      0.0    586.4     63.3    440.7    411.8
    15     1    25    11     7     2     0     2    -1.0   24.196  120.569    245.0    958.7    303.1    299.4      0.0    766.3     54.5    496.3    417.0
    16     1    25    11     7     2     0     2    -1.0   24.377  120.687    249.9   1013.8    296.8    297.9      0.0    331.6     83.5      5.8    400.9
    17     1    25    11     7     2     0     2    -1.0   24.437  120.759    250.0   1014.0    296.8    298.0      0.0    398.3     85.0      0.5    396.3
    18     1    25    11     7     2     0     2    -1.0   24.319  120.630    249.9   1012.4    297.8    298.8      0.0    439.5     77.5     12.2    402.5
    19     1    25    11     7     2     0     2    -1.0   24.283  120.625      0.0    972.8    299.5    297.1      0.0    506.7     72.2    140.5    405.5
    20     1    25    11     7     2     0     2    -1.0   24.353  120.719      0.0    981.7    298.8    297.2      0.0    384.4     74.2     57.0    402.5
    21     1    25    11     7     2     0     2    -1.0   24.230  120.578      0.0    976.2    300.3    298.2      0.0    729.6     68.6    104.0    407.6
    22     1    25    11     7     2     0     2    -1.0   24.222  120.571      0.0    927.0    303.1    296.4      0.0    750.9     63.8    616.7    416.2
    23     1    25    11     7     2     0     2    -1.0   24.267  120.625      0.0    942.8    301.7    296.5      0.0    592.5     66.7    467.9    412.3
    24     1    25    11     7     2     0     2    -1.0   24.206  120.565      0.0    939.6    302.7    297.3      0.0    770.8     59.6    469.9    416.3
    25     1    25    11     7     2     0     2    -1.0   24.387  120.721     20.4    984.0    297.7    296.3      0.0    315.8     80.9      6.0    400.9
    26     1    25    11     7     2     0     2    -1.0   24.468  120.834     12.3    985.4    297.7    296.4      0.0    367.2     83.2      0.0    397.3
    27     1    25    11     7     2     0     2    -1.0   24.301  120.637      0.0    985.2    298.3    297.1      0.0    460.3     78.5     12.9    402.8
     1     1    25    11     7     1     0     1    -2.0   24.378  120.636      0.0   1001.8    298.4    298.5      0.0    344.6     71.3    114.3    225.1
     2     1    25    11     7     1     0     1    -2.0   24.513  120.784      0.0   1012.7    297.1    298.2      0.0    335.8     78.5     16.9    222.9
     3     1    25    11     7     1     0     1    -2.0   24.266  120.560      0.0   1003.6    299.2    299.5      0.0    461.3     65.7     86.5    226.1
     4     1    25    11     7     1     0     1    -2.0   24.243  120.542      0.0    962.7    301.6    298.3      0.0    493.0     60.4    473.6    230.0
     5     1    25    11     7     1     0     1    -2.0   24.332  120.626      0.0    977.2    300.1    298.1      0.0    396.9     66.5    338.1    228.0
     6     1    25    11     7     1     0     1    -2.0   24.210  120.546      0.0    968.3    301.4    298.6      0.0    498.6     56.0    408.2    230.5
     7     1    25    11     7     1     0     1    -2.0   24.568  120.795      0.4   1012.5    296.9    297.9      0.0    334.6     81.6     15.5    222.5
     8     1    25    11     7     1     0     1    -2.0   24.678  120.955      7.6   1015.8    296.7    298.0      0.0    445.2     83.6      0.0    220.4
     9     1    25    11     7     1     0     1    -2.0   24.450  120.672      0.0   1012.7    297.0    298.1      0.0    266.2     79.5     16.1    223.3
    10     1    25    11     7     1     0     1    -2.0   24.378  120.636    248.9   1001.8    298.4    298.5      0.0    344.6     71.3    114.3    225.1
    11     1    25    11     7     1     0     1    -2.0   24.513  120.784    249.8   1012.7    297.1    298.2      0.0    335.8     78.5     16.9    222.9
    12     1    25    11     7     1     0     1    -2.0   24.266  120.560    249.1   1003.6    299.2    299.5      0.0    461.3     65.7     86.5    226.1
    13     1    25    11     7     1     0     1    -2.0   24.243  120.542    245.3    962.6    301.6    298.3      0.0    493.0     60.4    473.7    230.0
    14     1    25    11     7     1     0     1    -2.0   24.332  120.626    246.6    977.2    300.1    298.1      0.0    396.9     66.5    338.2    228.0
    15     1    25    11     7     1     0     1    -2.0   24.210  120.546    245.9    968.3    301.4    298.6      0.0    498.6     56.0    408.2    230.5
    16     1    25    11     7     1     0     1    -2.0   24.568  120.795    249.8   1012.5    296.9    297.9      0.0    334.6     81.6     15.5    222.5
    17     1    25    11     7     1     0     1    -2.0   24.678  120.955    250.0   1015.8    296.7    298.0      0.0    445.2     83.6      0.0    220.4
    18     1    25    11     7     1     0     1    -2.0   24.450  120.672    249.8   1012.7    297.0    298.1      0.0    266.2     79.5     16.1    223.3
    19     1    25    11     7     1     0     1    -2.0   24.379  120.665      0.0    973.6    299.1    296.8      0.0    362.6     72.1    136.4    225.5
    20     1    25    11     7     1     0     1    -2.0   24.508  120.861      0.0    982.0    298.4    296.8      0.0    381.9     74.5     56.6    223.7
    21     1    25    11     7     1     0     1    -2.0   24.271  120.569      0.0    976.6    299.3    297.3      0.0    459.8     71.9     96.2    226.1
    22     1    25    11     7     1     0     1    -2.0   24.269  120.557      0.0    937.1    301.6    295.9      0.0    481.4     66.1    514.8    230.3
    23     1    25    11     7     1     0     1    -2.0   24.354  120.673      0.0    952.1    300.5    296.2      0.0    419.9     68.4    378.7    228.5
    24     1    25    11     7     1     0     1    -2.0   24.233  120.546      0.0    943.8    301.5    296.5      0.0    499.5     61.0    417.5    230.5
    25     1    25    11     7     1     0     1    -2.0   24.569  120.858     22.1    980.5    298.0    296.4      0.0    333.4     78.5     36.9    223.2
    26     1    25    11     7     1     0     1    -2.0   24.710  121.113     18.3    984.9    297.4    296.1      0.0    490.9     83.3     10.6    220.5
    27     1    25    11     7     1     0     1    -2.0   24.415  120.685      1.7    984.9    298.0    296.7      0.0    287.4     78.8     17.4    223.6
     1     1    25    11     7     0     0     0    -3.0   24.458  120.676      0.0   1002.8    297.8    298.1      0.0    210.4     70.5    107.6     45.5
     2     1    25    11     7     0     0     0    -3.0   24.662  120.945      5.3   1010.9    297.1    298.0      0.0    433.0     78.1     37.4     45.5
     3     1    25    11     7     0     0     0    -3.0   24.290  120.571      0.5   1002.4    298.3    298.5      0.0    235.7     67.5     99.4     45.5
     4     1    25    11     7     0     0     0    -3.0   24.271  120.539      0.0    966.9    300.4    297.4      0.0    242.3     62.7    438.5     46.1
     5     1    25    11     7     0     0     0    -3.0   24.406  120.672      0.0    987.7    298.7    297.5      0.0    241.7     68.2    244.2     46.1
     6     1    25    11     7     0     0     0    -3.0   24.221  120.548     11.7    967.0    300.3    297.4      0.0    219.0     57.6    419.6     46.3
     7     1    25    11     7     0     0     0    -3.0   24.744  120.940      0.0   1014.4    296.5    297.7      0.0    341.6     81.7      0.0     45.4
     8     1    25    11     7     0     0     0    -3.0   24.878  121.213     13.5   1014.6    296.8    298.0      0.0    507.4     82.3      6.5     45.1
     9     1    25    11     7     0     0     0    -3.0   24.553  120.730      0.0   1013.0    296.8    297.9      0.0    190.5     78.0     13.6     45.5
    10     1    25    11     7     0     0     0    -3.0   24.458  120.676    248.9   1002.8    297.8    298.1      0.0    210.4     70.5    107.6     45.5
    11     1    25    11     7     0     0     0    -3.0   24.662  120.945    255.0   1010.9    297.1    298.0      0.0    433.0     78.1     37.4     45.5
    12     1    25    11     7     0     0     0    -3.0   24.290  120.571    249.5   1002.4    298.3    298.5      0.0    235.7     67.5     99.4     45.5
    13     1    25    11     7     0     0     0    -3.0   24.271  120.539    245.6    966.9    300.4    297.4      0.0    242.3     62.7    438.6     46.1
    14     1    25    11     7     0     0     0    -3.0   24.406  120.672    247.6    987.7    298.7    297.5      0.0    241.7     68.2    244.3     46.1
    15     1    25    11     7     0     0     0    -3.0   24.221  120.548    257.5    967.0    300.3    297.4      0.0    219.0     57.6    419.7     46.3
    16     1    25    11     7     0     0     0    -3.0   24.744  120.940    250.0   1014.4    296.5    297.7      0.0    341.6     81.7      0.0     45.4
    17     1    25    11     7     0     0     0    -3.0   24.878  121.212    255.7   1015.0    296.8    298.1      0.0    507.5     82.4      6.5     45.1
    18     1    25    11     7     0     0     0    -3.0   24.553  120.730    249.9   1013.0    296.8    297.9      0.0    190.5     78.0     13.6     45.5
    19     1    25    11     7     0     0     0    -3.0   24.451  120.714      0.0    973.2    298.7    296.4      0.0    201.9     71.2    134.9     45.5
    20     1    25    11     7     0     0     0    -3.0   24.628  121.057     13.8    973.1    298.0    295.7      0.0    390.8     78.8    120.4     45.8
    21     1    25    11     7     0     0     0    -3.0   24.291  120.585     13.0    972.5    298.8    296.4      0.0    234.9     73.5    114.2     45.5
    22     1    25    11     7     0     0     0    -3.0   24.311  120.572      9.0    929.6    301.2    294.8      0.0    237.2     68.0    540.4     46.6
    23     1    25    11     7     0     0     0    -3.0   24.415  120.739      0.0    956.4    299.6    295.8      0.0    231.0     67.6    294.5     46.2
    24     1    25    11     7     0     0     0    -3.0   24.256  120.557     25.9    934.2    301.2    295.3      0.0    223.5     62.1    464.1     46.4
    25     1    25    11     7     0     0     0    -3.0   24.726  121.020     12.6    984.3    297.5    296.1      0.0    294.8     78.4     11.3     45.5
    26     1    25    11     7     0     0     0    -3.0   24.859  121.447     56.3    977.7    297.4    295.5      0.0    443.2     84.4     40.2     45.5
    27     1    25    11     7     0     0     0    -3.0   24.478  120.735      4.8    984.6    298.0    296.6      0.0    148.2     77.9     20.4     45.5
     1     1    25    11     6    23     0     1    -4.0   24.531  120.731      0.0   1002.9    297.3    297.6      0.0    205.1     73.1     99.9     30.3
     2     1    25    11     6    23     0     1    -4.0   24.784  121.162     36.3   1005.3    296.8    297.3      0.0    448.0     80.5     60.2     30.3
     3     1    25    11     6    23     0     1    -4.0   24.306  120.593      9.9    999.2    298.0    298.0      0.0    173.1     69.3    123.4     30.3
     4     1    25    11     6    23     0     1    -4.0   24.294  120.550      6.1    963.4    299.8    296.6      0.0    171.3     65.7    464.6     30.9
     5     1    25    11     6    23     0     1    -4.0   24.463  120.727      0.2    999.6    297.5    297.5      0.0    185.0     68.6    136.5     30.3
     6     1    25    11     6    23     0     1    -4.0   24.229  120.573     90.5    949.7    300.4    295.9      0.0    154.5     60.9    495.9     31.1
     7     1    25    11     6    23     0     1    -4.0   24.907  121.127      5.8   1011.7    296.9    297.9      0.0    439.7     79.5     25.8     30.3
     8     1    25    11     6    23     0     1    -4.0   25.022  121.506     17.3   1014.3    296.8    298.1      0.0    500.3     81.4      2.2     30.3
     9     1    25    11     6    23     0     1    -4.0   24.646  120.802      0.0   1008.7    296.9    297.6      0.0    235.5     78.1     44.8     30.3
    10     1    25    11     6    23     0     1    -4.0   24.531  120.731    249.0   1002.9    297.3    297.6      0.0    205.1     73.1     99.9     30.3
    11     1    25    11     6    23     0     1    -4.0   24.784  121.162    285.7   1005.3    296.8    297.3      0.0    448.0     80.5     60.2     30.3
    12     1    25    11     6    23     0     1    -4.0   24.306  120.593    258.6    999.2    298.0    298.0      0.0    173.1     69.3    123.4     30.3
    13     1    25    11     6    23     0     1    -4.0   24.294  120.550    251.4    963.4    299.8    296.6      0.0    171.3     65.7    464.7     30.9
    14     1    25    11     6    23     0     1    -4.0   24.463  120.727    248.8    999.6    297.5    297.5      0.0    185.0     68.6    136.5     30.3
    15     1    25    11     6    23     0     1    -4.0   24.229  120.573    335.5    949.6    300.4    295.9      0.0    154.5     60.9    496.0     31.1
    16     1    25    11     6    23     0     1    -4.0   24.907  121.127    255.5   1011.7    296.9    297.9      0.0    439.7     79.5     25.8     30.3
    17     1    25    11     6    23     0     1    -4.0   25.021  121.499    258.9   1015.4    296.8    298.1      0.0    498.6     81.6      0.0     30.3
    18     1    25    11     6    23     0     1    -4.0   24.646  120.802    249.6   1008.7    296.9    297.6      0.0    235.5     78.1     44.8     30.3
    19     1    25    11     6    23     0     1    -4.0   24.505  120.763      0.4    969.3    298.7    296.0      0.0    176.7     73.2    162.9     30.4
    20     1    25    11     6    23     0     1    -4.0   24.686  121.318     63.4    959.6    298.1    294.6      0.0    394.7     83.7    195.0     30.5
    21     1    25    11     6    23     0     1    -4.0   24.296  120.608     43.8    965.8    299.1    296.2      0.0    173.5     73.7    138.7     30.3
    22     1    25    11     6    23     0     1    -4.0   24.342  120.597     38.0    918.8    301.6    294.3      0.0    169.6     69.6    607.9     31.4
    23     1    25    11     6    23     0     1    -4.0   24.450  120.809     27.1    950.5    299.9    295.5      0.0    167.1     68.0    319.5     31.1
    24     1    25    11     6    23     0     1    -4.0   24.273  120.581     82.7    919.1    301.9    294.6      0.0    158.9     65.1    548.1     31.2
    25     1    25    11     6    23     0     1    -4.0   24.857  121.224     22.1    977.2    297.8    295.8      0.0    359.1     77.8     68.1     30.3
    26     1    25    11     6    23     0     1    -4.0   24.885  121.742    162.4    954.5    297.7    293.8      0.0    483.2     90.0    135.5     28.5
    27     1    25    11     6    23     0     1    -4.0   24.513  120.781      5.4    980.6    298.0    296.3      0.0    171.4     77.9     50.2     30.3
     1     1    25    11     6    22     0     2    -5.0   24.611  120.813     14.5    994.1    297.3    296.8      0.0    206.7     74.9    170.5     15.3
     2     1    25    11     6    22     0     2    -5.0   24.856  121.402     76.1    994.6    296.9    296.5      0.0    402.7     82.9    108.2     14.7
     3     1    25    11     6    22     0     2    -5.0   24.326  120.616     27.9    993.8    297.8    297.3      0.0    115.5     71.0    148.5     15.2
     4     1    25    11     6    22     0     2    -5.0   24.315  120.569     62.5    950.7    299.9    295.5      0.0    104.4     68.2    524.1     15.5
     5     1    25    11     6    22     0     2    -5.0   24.508  120.797     37.1    987.9    297.5    296.4      0.0    177.3     72.0    213.7     15.4
     6     1    25    11     6    22     0     2    -5.0   24.231  120.603    184.2    929.5    301.4    295.1      0.0     90.6     62.3    587.1     15.7
     7     1    25    11     6    22     0     2    -5.0   25.051  121.371     42.3   1005.8    296.7    297.2      0.0    462.5     80.8     44.4     15.2
     8     1    25    11     6    22     0     2    -5.0   25.087  121.784     45.3   1004.8    297.0    297.4      0.0    564.8     80.9     52.4     14.1
     9     1    25    11     6    22     0     2    -5.0   24.756  120.889      4.4   1005.6    296.8    297.2      0.0    244.5     77.8     68.8     15.2
    10     1    25    11     6    22     0     2    -5.0   24.610  120.813    262.8    994.1    297.3    296.8      0.0    206.7     74.9    170.5     15.3
    11     1    25    11     6    22     0     2    -5.0   24.856  121.402    325.0    994.6    296.9    296.5      0.0    402.7     82.9    108.2     14.7
    12     1    25    11     6    22     0     2    -5.0   24.326  120.616    276.5    993.8    297.8    297.3      0.0    115.5     71.0    148.5     15.2
    13     1    25    11     6    22     0     2    -5.0   24.315  120.569    307.2    950.6    299.9    295.5      0.0    104.4     68.2    524.2     15.5
    14     1    25    11     6    22     0     2    -5.0   24.508  120.797    285.0    987.9    297.5    296.4      0.0    177.3     72.0    213.7     15.4
    15     1    25    11     6    22     0     2    -5.0   24.231  120.603    428.3    929.5    301.4    295.1      0.0     90.6     62.3    587.1     15.7
    16     1    25    11     6    22     0     2    -5.0   25.051  121.371    291.9   1005.8    296.7    297.2      0.0    462.5     80.8     44.4     15.2
    17     1    25    11     6    22     0     2    -5.0   25.088  121.769    283.7   1005.7    296.9    297.4      0.0    556.2     81.2     54.7     14.3
    18     1    25    11     6    22     0     2    -5.0   24.756  120.889    253.7   1005.6    296.8    297.2      0.0    244.5     77.8     68.8     15.2
    19     1    25    11     6    22     0     2    -5.0   24.566  120.830      0.0    957.8    299.1    295.3      0.0    170.5     74.6    266.9     15.4
    20     1    25    11     6    22     0     2    -5.0   24.652  121.560    182.1    930.6    298.7    292.6      0.0    254.4     89.6    335.5     14.9
    21     1    25    11     6    22     0     2    -5.0   24.288  120.621     59.9    961.9    299.4    296.0      0.0    111.6     74.4    151.7     15.2
    22     1    25    11     6    22     0     2    -5.0   24.362  120.612     42.8    913.7    301.7    293.9      0.0    104.4     71.3    645.5     15.8
    23     1    25    11     6    22     0     2    -5.0   24.465  120.886     96.0    930.1    300.9    294.7      0.0    109.9     69.6    439.9     15.9
    24     1    25    11     6    22     0     2    -5.0   24.278  120.597    111.1    909.9    302.3    294.1      0.0     93.7     67.8    604.3     15.7
    25     1    25    11     6    22     0     2    -5.0   24.941  121.510     64.9    962.7    298.1    294.9      0.0    357.1     82.1    166.6     15.3
    26     1    25    11     6    22     0     2    -5.0   24.832  122.008    241.8    941.9    298.0    292.9      0.2    464.5     93.3    181.2     13.2
    27     1    25    11     6    22     0     2    -5.0   24.569  120.834      3.6    975.8    298.1    296.0      0.0    188.2     78.1     89.9     15.2
     1     1    25    11     6    21     0     3    -6.0   24.690  120.923     63.0    990.7    297.1    296.3      0.0    140.9     73.9    155.4      0.0
     2     1    25    11     6    21     0     3    -6.0   24.856  121.637    167.3    979.7    297.3    295.5      0.1    388.7     84.6    151.8      0.0
     3     1    25    11     6    21     0     3    -6.0   24.347  120.639     55.8    987.2    297.8    296.7      0.0     60.1     72.1    175.0      0.0
     4     1    25    11     6    21     0     3    -6.0   24.332  120.586    113.2    939.0    300.3    294.8      0.0     39.1     70.2    576.1      0.0
     5     1    25    11     6    21     0     3    -6.0   24.550  120.929    146.2    957.6    298.8    295.1      0.0    162.6     74.8    380.1      0.0
     6     1    25    11     6    21     0     3    -6.0   24.226  120.627    247.4    915.5    302.1    294.5      0.0     28.9     64.2    652.6      0.0
     7     1    25    11     6    21     0     3    -6.0   25.139  121.637     80.4    995.5    296.9    296.5      0.0    378.1     82.3     90.7      0.0
     8     1    25    11     6    21     0     3    -6.0   25.109  122.080     51.0   1010.7    297.2    298.1      0.1    733.6     76.5      6.4      0.0
     9     1    25    11     6    21     0     3    -6.0   24.868  121.005     18.8   1004.2    296.6    296.9      0.0    238.5     77.9     64.4      0.0
    10     1    25    11     6    21     0     3    -6.0   24.690  120.923    311.5    990.7    297.1    296.3      0.0    140.9     73.9    155.4      0.0
    11     1    25    11     6    21     0     3    -6.0   24.856  121.637    415.8    979.7    297.3    295.5      0.1    388.7     84.6    151.8      0.0
    12     1    25    11     6    21     0     3    -6.0   24.347  120.639    304.1    987.2    297.8    296.7      0.0     60.1     72.1    175.0      0.0
    13     1    25    11     6    21     0     3    -6.0   24.332  120.586    357.4    939.0    300.3    294.8      0.0     39.1     70.2    576.2      0.0
    14     1    25    11     6    21     0     3    -6.0   24.550  120.929    392.3    957.6    298.8    295.1      0.0    162.6     74.8    380.0      0.0
    15     1    25    11     6    21     0     3    -6.0   24.226  120.627    490.9    915.5    302.1    294.5      0.0     28.9     64.1    652.7      0.0
    16     1    25    11     6    21     0     3    -6.0   25.139  121.637    329.5    995.5    296.9    296.5      0.0    378.1     82.3     90.7      0.0
    17     1    25    11     6    21     0     3    -6.0   25.111  122.061    292.8   1011.6    297.1    298.1      0.1    725.8     76.8      7.1      0.0
    18     1    25    11     6    21     0     3    -6.0   24.868  121.005    268.2   1004.2    296.6    296.9      0.0    238.5     77.9     64.4      0.0
    19     1    25    11     6    21     0     3    -6.0   24.632  120.919      0.0    955.1    299.1    295.1      0.0    118.3     73.8    299.4      0.0
    20     1    25    11     6    21     0     3    -6.0   24.580  121.737    296.2    921.3    298.5    291.6      0.0     78.3     95.1    305.9      0.0
    21     1    25    11     6    21     0     3    -6.0   24.266  120.623     59.4    961.0    299.4    296.0      0.0     43.4     75.2    152.6      0.0
    22     1    25    11     6    21     0     3    -6.0   24.374  120.617     21.9    914.5    301.5    293.8      0.0     40.0     72.9    653.2      0.0
    23     1    25    11     6    21     0     3    -6.0   24.469  120.958    163.2    907.5    301.9    293.6      0.0     46.2     70.7    586.9      0.0
    24     1    25    11     6    21     0     3    -6.0   24.272  120.605    115.2    906.6    302.4    293.9      0.0     28.9     70.0    627.4      0.0
    25     1    25    11     6    21     0     3    -6.0   24.919  121.787    182.1    933.5    298.6    292.7      0.0    163.5     89.6    299.7      0.0
    26     1    25    11     6    21     0     3    -6.0   24.788  122.232    139.2    969.9    297.4    294.8      0.3    630.3     86.9     32.1      0.0
    27     1    25    11     6    21     0     3    -6.0   24.643  120.893      0.0    973.5    298.0    295.7      0.0    167.1     78.9    113.9      0.0
     1     1    25    11     6    20     0     2    -7.0   24.750  121.038    121.5    979.3    297.8    296.0      0.0    130.7     73.1    202.2      0.0
     2     1    25    11     6    20     0     2    -7.0   24.829  121.864    127.3    990.1    297.4    296.5      0.1    563.5     80.3    108.9      0.0
     3     1    25    11     6    20     0     2    -7.0   24.365  120.660     80.7    981.9    298.2    296.7      0.0     62.8     71.8    199.7      0.0
     4     1    25    11     6    20     0     2    -7.0   24.342  120.597    136.9    932.9    300.7    294.7      0.0     41.2     70.8    609.1      0.0
     5     1    25    11     6    20     0     2    -7.0   24.559  121.102    284.0    927.4    299.8    293.3      0.1    172.8     81.7    516.9      0.0
     6     1    25    11     6    20     0     2    -7.0   24.213  120.642    283.9    908.5    302.6    294.3      0.0     27.4     65.0    683.9      0.0
     7     1    25    11     6    20     0     2    -7.0   25.142  121.889    175.3    982.2    297.3    295.8      0.0    489.7     82.5    122.5      0.0
     8     1    25    11     6    20     0     2    -7.0   25.141  122.367     45.9   1011.7    297.4    298.3      0.0    851.6     72.9      0.0      0.0
     9     1    25    11     6    20     0     2    -7.0   24.973  121.148     54.8    999.1    296.8    296.7      0.0    205.7     75.1     85.6      0.0
    10     1    25    11     6    20     0     2    -7.0   24.750  121.038    369.5    979.3    297.8    296.0      0.0    130.7     73.1    202.2      0.0
    11     1    25    11     6    20     0     2    -7.0   24.829  121.864    376.2    990.1    297.4    296.5      0.1    563.5     80.3    108.9      0.0
    12     1    25    11     6    20     0     2    -7.0   24.365  120.660    328.7    981.9    298.2    296.7      0.0     62.8     71.8    199.7      0.0
    13     1    25    11     6    20     0     2    -7.0   24.342  120.597    380.8    932.9    300.7    294.7      0.0     41.2     70.8    609.2      0.0
    14     1    25    11     6    20     0     2    -7.0   24.559  121.102    528.8    927.5    299.8    293.3      0.1    172.8     81.7    516.9      0.0
    15     1    25    11     6    20     0     2    -7.0   24.213  120.642    527.1    908.5    302.6    294.3      0.0     27.4     65.0    684.0      0.0
    16     1    25    11     6    20     0     2    -7.0   25.142  121.889    424.1    982.2    297.3    295.8      0.0    489.7     82.5    122.5      0.0
    17     1    25    11     6    20     0     2    -7.0   25.142  122.345    286.6   1012.7    297.4    298.4      0.0    847.9     72.9      0.0      0.0
    18     1    25    11     6    20     0     2    -7.0   24.973  121.148    303.9    999.1    296.8    296.7      0.0    205.7     75.1     85.6      0.0
    19     1    25    11     6    20     0     2    -7.0   24.679  121.007      2.6    957.4    299.3    295.5      0.0     64.0     71.1    275.4      0.0
    20     1    25    11     6    20     0     2    -7.0   24.526  121.881    265.7    943.3    298.0    293.0      0.3    311.4     91.9    132.7      0.0
    21     1    25    11     6    20     0     2    -7.0   24.231  120.618     53.4    962.6    299.5    296.3      0.0     48.9     74.7    145.8      0.0
    22     1    25    11     6    20     0     2    -7.0   24.378  120.617      0.0    917.5    301.5    294.0      0.0     42.7     72.7    649.1      0.0
    23     1    25    11     6    20     0     2    -7.0   24.458  121.015    238.9    886.2    303.1    292.8      0.0     42.5     71.4    714.6      0.0
    24     1    25    11     6    20     0     2    -7.0   24.255  120.608    105.6    908.1    302.4    294.1      0.0     27.4     69.7    623.0      0.0
    25     1    25    11     6    20     0     2    -7.0   24.843  121.985    300.9    920.2    298.5    291.4      0.3     90.7     95.8    310.4      0.0
    26     1    25    11     6    20     0     2    -7.0   24.778  122.455     17.1    985.5    297.7    296.4      0.0    777.3     79.9      3.1      0.0
    27     1    25    11     6    20     0     2    -7.0   24.714  120.948      0.0    972.7    298.1    295.8      0.0    138.0     78.0    118.3      0.0
     1     1    25    11     6    19     0     1    -8.0   24.786  121.188    234.5    943.4    299.7    294.7      0.0    170.7     75.1    419.1      0.0
     2     1    25    11     6    19     0     1    -8.0   24.814  122.092     46.3   1010.5    297.6    298.5      0.0    811.5     72.6      8.6      0.0
     3     1    25    11     6    19     0     1    -8.0   24.378  120.677     96.4    977.9    298.6    296.7      0.0     61.3     71.8    220.3      0.0
     4     1    25    11     6    19     0     1    -8.0   24.342  120.603    149.6    929.2    301.0    294.6      0.0     42.7     71.2    630.4      0.0
     5     1    25    11     6    19     0     1    -8.0   24.507  121.253    450.8    887.3    300.3    290.2      0.3    169.2     93.1    724.3      0.0
     6     1    25    11     6    19     0     1    -8.0   24.194  120.650    299.1    902.2    302.9    294.0      0.0     26.0     66.2    730.5      0.0
     7     1    25    11     6    19     0     1    -8.0   25.115  122.141    125.4    994.9    297.4    297.0      0.1    675.8     77.2     68.1      0.0
     8     1    25    11     6    19     0     1    -8.0   25.181  122.648     45.9   1011.5    297.3    298.3      0.0    909.8     72.2      0.0      0.0
     9     1    25    11     6    19     0     1    -8.0   25.057  121.308    117.2    981.0    297.7    296.0      0.0    235.2     75.2    187.1      0.0
    10     1    25    11     6    19     0     1    -8.0   24.786  121.187    480.3    943.4    299.7    294.7      0.0    170.7     75.1    419.1      0.0
    11     1    25    11     6    19     0     1    -8.0   24.814  122.092    296.2   1010.5    297.6    298.5      0.0    811.5     72.6      8.6      0.0
    12     1    25    11     6    19     0     1    -8.0   24.378  120.677    344.2    977.9    298.6    296.7      0.0     61.3     71.8    220.3      0.0
    13     1    25    11     6    19     0     1    -8.0   24.342  120.603    393.3    929.2    301.0    294.6      0.0     42.7     71.2    630.5      0.0
    14     1    25    11     6    19     0     1    -8.0   24.507  121.253    693.5    887.3    300.3    290.2      0.3    169.2     93.1    724.4      0.0
    15     1    25    11     6    19     0     1    -8.0   24.194  120.650    541.8    902.2    302.9    294.0      0.0     26.0     66.2    730.5      0.0
    16     1    25    11     6    19     0     1    -8.0   25.115  122.141    374.7    994.9    297.4    297.0      0.1    675.8     77.2     68.1      0.0
    17     1    25    11     6    19     0     1    -8.0   25.181  122.624    286.6   1012.5    297.4    298.4      0.0    912.7     71.9      0.0      0.0
    18     1    25    11     6    19     0     1    -8.0   25.057  121.308    365.3    981.0    297.7    296.0      0.0    235.2     75.2    187.1      0.0
    19     1    25    11     6    19     0     1    -8.0   24.694  121.086     58.0    937.8    300.5    295.0      0.0     65.6     71.0    403.7      0.0
    20     1    25    11     6    19     0     1    -8.0   24.496  122.027    106.7    975.4    297.6    295.5      0.2    591.0     83.4      3.0      0.0
    21     1    25    11     6    19     0     1    -8.0   24.184  120.608     47.3    963.1    299.6    296.4      0.0     64.2     75.0    150.8      0.0
    22     1    25    11     6    19     0     1    -8.0   24.371  120.615      0.0    918.0    301.6    294.1      0.0     44.6     72.7    646.0      0.0
    23     1    25    11     6    19     0     1    -8.0   24.429  121.044    314.4    863.0    304.0    291.4      0.1     59.0     73.9    873.2      0.0
    24     1    25    11     6    19     0     1    -8.0   24.231  120.607     90.9    912.2    302.3    294.4      0.0     26.0     69.1    598.8      0.0
    25     1    25    11     6    19     0     1    -8.0   24.787  122.145    247.3    946.8    297.8    293.2      0.3    378.9     91.4    120.6      0.0
    26     1    25    11     6    19     0     1    -8.0   24.794  122.702      0.2    987.8    297.7    296.6      0.0    901.2     78.3      0.0      0.0
    27     1    25    11     6    19     0     1    -8.0   24.764  121.007      0.0    970.3    298.4    295.8      0.0    138.8     76.5    139.3      0.0
     1     1    25    11     6    18     0     0    -9.0   24.756  121.337    419.7    900.0    301.5    292.5      0.1    152.7     79.9    638.8      0.0
     2     1    25    11     6    18     0     0    -9.0   24.823  122.335     24.7   1013.7    297.7    298.9      0.0    895.6     70.8      0.0      0.0
     3     1    25    11     6    18     0     0    -9.0   24.386  120.690    107.4    975.1    298.8    296.7      0.0     58.4     72.0    235.2      0.0
     4     1    25    11     6    18     0     0    -9.0   24.330  120.603    161.7    926.5    301.3    294.6      0.0     42.8     71.5    643.5      0.0
     5     1    25    11     6    18     0     0    -9.0   24.433  121.348    610.8    876.0    300.6    289.4      0.3    100.9     95.7    672.9      0.0
     6     1    25    11     6    18     0     0    -9.0   24.170  120.651    296.8    898.1    303.1    293.8      0.0     24.6     67.5    773.7      0.0
     7     1    25    11     6    18     0     0    -9.0   25.108  122.394     62.6   1009.0    297.6    298.4      0.0    868.4     71.3      4.0      0.0
     8     1    25    11     6    18     0     0    -9.0   25.225  122.930     45.9   1011.3    297.2    298.1      0.0    900.3     73.4      0.0      0.0
     9     1    25    11     6    18     0     0    -9.0   25.100  121.528    245.7    945.9    299.1    294.4      0.0    274.5     79.8    384.4      0.0
    10     1    25    11     6    18     0     0    -9.0   24.756  121.337    663.3    900.0    301.5    292.5      0.1    152.6     79.9    638.8      0.0
    11     1    25    11     6    18     0     0    -9.0   24.823  122.335    274.7   1013.7    297.7    298.9      0.0    895.6     70.8      0.0      0.0
    12     1    25    11     6    18     0     0    -9.0   24.386  120.690    355.0    975.1    298.8    296.7      0.0     58.4     72.0    235.2      0.0
    13     1    25    11     6    18     0     0    -9.0   24.330  120.603    405.3    926.5    301.3    294.6      0.0     42.7     71.5    643.5      0.0
    14     1    25    11     6    18     0     0    -9.0   24.433  121.348    854.1    876.0    300.6    289.4      0.3    100.9     95.7    673.1      0.0
    15     1    25    11     6    18     0     0    -9.0   24.170  120.651    539.1    898.1    303.1    293.8      0.0     24.6     67.5    773.8      0.0
    16     1    25    11     6    18     0     0    -9.0   25.108  122.394    312.6   1009.0    297.6    298.4      0.0    868.4     71.3      4.0      0.0
    17     1    25    11     6    18     0     0    -9.0   25.225  122.905    286.6   1012.3    297.2    298.2      0.0    903.1     73.1      0.0      0.0
    18     1    25    11     6    18     0     0    -9.0   25.100  121.528    491.9    945.9    299.1    294.4      0.0    274.5     79.8    384.4      0.0
    19     1    25    11     6    18     0     0    -9.0   24.673  121.142    169.0    903.2    302.6    293.8      0.0     63.6     70.3    625.5      0.0
    20     1    25    11     6    18     0     0    -9.0   24.480  122.211     16.3    986.2    297.8    296.7      0.0    813.9     77.8      0.3      0.0
    21     1    25    11     6    18     0     0    -9.0   24.129  120.589     29.0    964.6    299.6    296.5      0.0     93.1     75.7    158.3      0.0
    22     1    25    11     6    18     0     0    -9.0   24.351  120.607      0.0    918.1    301.7    294.3      0.0     45.1     72.8    640.6      0.0
    23     1    25    11     6    18     0     0    -9.0   24.392  121.048    373.6    840.2    305.2    290.2      0.1     64.4     74.1   1049.6      0.0
    24     1    25    11     6    18     0     0    -9.0   24.199  120.603     71.3    915.6    302.3    294.7      0.0     24.6     69.1    586.4      0.0
    25     1    25    11     6    18     0     0    -9.0   24.754  122.311     83.0    978.5    297.6    295.7      0.2    679.8     81.9      3.1      0.0
    26     1    25    11     6    18     0     0    -9.0   24.821  122.963      0.0    988.1    297.6    296.6      0.0    952.0     78.0      0.0      0.0
    27     1    25    11     6    18     0     0    -9.0   24.807  121.083      2.0    954.7    299.4    295.4      0.0    150.2     75.1    287.5      0.0
     1     1    25    11     6    17     0     1   -10.0   24.686  121.415    630.8    853.5    303.1    289.6      0.0    126.3     86.3    883.4      0.0
     2     1    25    11     6    17     0     1   -10.0   24.860  122.592     24.7   1013.6    297.8    298.9      0.0    993.6     69.8      0.0      0.0
     3     1    25    11     6    17     0     1   -10.0   24.383  120.701    115.0    972.9    299.3    296.9      0.0     58.0     71.0    247.0      0.0
     4     1    25    11     6    17     0     1   -10.0   24.314  120.603    169.8    923.6    301.7    294.8      0.0     44.9     70.4    662.8      0.0
     5     1    25    11     6    17     0     1   -10.0   24.378  121.442    615.7    891.1    299.7    289.9      0.4     73.8     97.3    524.7      0.0
     6     1    25    11     6    17     0     1   -10.0   24.144  120.648    282.0    895.8    303.3    293.8      0.0     29.4     68.3    810.8      0.0
     7     1    25    11     6    17     0     1   -10.0   25.132  122.662     54.8   1010.1    297.8    298.6      0.0    981.1     69.7      0.0      0.0
     8     1    25    11     6    17     0     1   -10.0   25.277  123.208     45.9   1011.1    297.0    298.0      0.0    923.1     73.3      0.0      0.0
     9     1    25    11     6    17     0     1   -10.0   25.050  121.741    455.0    899.2    299.8    290.8      0.0    260.1     92.5    609.2      0.0
    10     1    25    11     6    17     0     1   -10.0   24.686  121.415    872.0    853.5    303.1    289.6      0.0    126.3     86.3    883.4      0.0
    11     1    25    11     6    17     0     1   -10.0   24.860  122.592    274.7   1013.6    297.8    298.9      0.0    993.6     69.8      0.0      0.0
    12     1    25    11     6    17     0     1   -10.0   24.383  120.701    362.5    972.9    299.3    296.9      0.0     58.0     71.0    247.0      0.0
    13     1    25    11     6    17     0     1   -10.0   24.314  120.603    413.2    923.6    301.7    294.8      0.0     44.9     70.4    662.9      0.0
    14     1    25    11     6    17     0     1   -10.0   24.378  121.442    860.6    891.0    299.7    289.9      0.4     73.8     97.3    525.0      0.0
    15     1    25    11     6    17     0     1   -10.0   24.144  120.648    523.9    895.8    303.3    293.8      0.0     29.4     68.3    810.9      0.0
    16     1    25    11     6    17     0     1   -10.0   25.132  122.662    304.8   1010.1    297.8    298.6      0.0    981.1     69.7      0.0      0.0
    17     1    25    11     6    17     0     1   -10.0   25.276  123.182    286.6   1012.2    297.1    298.1      0.0    932.4     73.0      0.0      0.0
    18     1    25    11     6    17     0     1   -10.0   25.050  121.741    698.9    899.2    299.8    290.8      0.0    260.1     92.5    609.2      0.0
    19     1    25    11     6    17     0     1   -10.0   24.637  121.169    275.5    869.0    304.4    292.2      0.0     73.0     69.8    860.7      0.0
    20     1    25    11     6    17     0     1   -10.0   24.494  122.450      6.7    987.2    298.0    296.9      0.0    971.6     75.8      0.0      0.0
    21     1    25    11     6    17     0     1   -10.0   24.071  120.565      0.0    968.7    299.6    296.9      0.0    107.4     74.9    149.0      0.0
    22     1    25    11     6    17     0     1   -10.0   24.327  120.602      0.0    918.1    302.0    294.6      0.0     47.1     71.4    644.8      0.0
    23     1    25    11     6    17     0     1   -10.0   24.357  121.034    432.0    818.5    306.5    289.3      0.0     64.8     71.8   1221.7      0.0
    24     1    25    11     6    17     0     1   -10.0   24.163  120.597     48.9    913.9    302.5    294.7      0.0     27.2     69.8    625.7      0.0
    25     1    25    11     6    17     0     1   -10.0   24.753  122.523     15.7    986.2    297.9    296.7      0.0    914.0     76.8      0.0      0.0
    26     1    25    11     6    17     0     1   -10.0   24.861  123.223      6.5    987.2    297.6    296.5      0.0    947.4     77.8      0.0      0.0
    27     1    25    11     6    17     0     1   -10.0   24.857  121.176      9.3    945.0    300.2    295.3      0.0    141.5     72.8    375.7      0.0
     1     1    25    11     6    16     0     2   -11.0   24.614  121.449    841.7    810.4    305.3    287.4      0.1    123.8     85.9   1120.2      0.0
     2     1    25    11     6    16     0     2   -11.0   24.925  122.853     24.7   1013.5    297.7    298.8      0.0   1008.8     69.9      0.0      0.0
     3     1    25    11     6    16     0     2   -11.0   24.367  120.713    119.3    971.2    299.7    297.2      0.0     55.1     70.0    258.6      0.0
     4     1    25    11     6    16     0     2   -11.0   24.299  120.609    171.3    919.4    302.3    294.9      0.0     46.5     69.2    701.9      0.0
     5     1    25    11     6    16     0     2   -11.0   24.358  121.553    422.4    934.4    298.0    292.2      0.4    187.4     94.7    308.9      0.0
     6     1    25    11     6    16     0     2   -11.0   24.116  120.646    264.3    893.1    303.6    293.8      0.0     34.0     68.9    853.8      0.0
     7     1    25    11     6    16     0     2   -11.0   25.191  122.938     57.0   1009.8    297.7    298.5      0.0   1040.0     69.2      0.0      0.0
     8     1    25    11     6    16     0     2   -11.0   25.348  123.495     45.9   1011.0    296.9    297.8      0.0    920.9     73.7      0.0      0.0
     9     1    25    11     6    16     0     2   -11.0   24.972  121.889    608.7    894.1    299.6    290.1      0.2    109.8     97.3    505.9      0.0
    10     1    25    11     6    16     0     2   -11.0   24.614  121.449   1080.5    810.5    305.3    287.4      0.1    123.8     85.9   1120.2      0.0
    11     1    25    11     6    16     0     2   -11.0   24.925  122.853    274.7   1013.5    297.7    298.8      0.0   1008.8     69.9      0.0      0.0
    12     1    25    11     6    16     0     2   -11.0   24.366  120.713    366.8    971.2    299.7    297.2      0.0     55.1     70.0    258.6      0.0
    13     1    25    11     6    16     0     2   -11.0   24.299  120.609    414.3    919.4    302.3    294.9      0.0     46.5     69.2    701.9      0.0
    14     1    25    11     6    16     0     2   -11.0   24.358  121.553    669.6    934.3    298.0    292.2      0.4    187.2     94.7    309.1      0.0
    15     1    25    11     6    16     0     2   -11.0   24.116  120.646    505.8    893.1    303.6    293.8      0.0     34.0     68.9    853.9      0.0
    16     1    25    11     6    16     0     2   -11.0   25.191  122.938    307.0   1009.8    297.7    298.5      0.0   1040.0     69.2      0.0      0.0
    17     1    25    11     6    16     0     2   -11.0   25.346  123.466    286.6   1012.1    296.9    297.9      0.0    927.0     73.4      0.0      0.0
    18     1    25    11     6    16     0     2   -11.0   24.972  121.889    853.6    894.1    299.6    290.1      0.2    109.8     97.3    505.9      0.0
    19     1    25    11     6    16     0     2   -11.0   24.602  121.180    371.9    840.5    306.0    290.9      0.0     75.9     68.6   1055.9      0.0
    20     1    25    11     6    16     0     2   -11.0   24.544  122.720      7.4    987.0    298.0    296.9      0.2   1011.5     75.7      0.0      0.0
    21     1    25    11     6    16     0     2   -11.0   24.009  120.544      0.0    971.1    299.7    297.2      0.0    121.9     74.1    134.9      0.0
    22     1    25    11     6    16     0     2   -11.0   24.308  120.603      0.0    916.2    302.4    294.8      0.0     48.9     70.0    668.8      0.0
    23     1    25    11     6    16     0     2   -11.0   24.328  121.010    487.4    798.8    307.9    288.5      0.0     59.8     68.4   1378.6      0.0
    24     1    25    11     6    16     0     2   -11.0   24.125  120.591     30.0    911.2    302.7    294.7      0.0     29.4     70.6    669.3      0.0
    25     1    25    11     6    16     0     2   -11.0   24.792  122.787      5.3    987.3    298.0    296.9      0.0    998.5     75.1      0.0      0.0
    26     1    25    11     6    16     0     2   -11.0   24.923  123.480      5.4    987.2    297.5    296.4      0.0    958.9     78.1      0.0      0.0
    27     1    25    11     6    16     0     2   -11.0   24.902  121.280     30.2    937.8    300.8    295.2      0.0    129.5     70.9    428.3      0.0
     1     1    25    11     6    15     0     3   -12.0   24.546  121.442   1060.0    770.0    307.8    285.5      0.2    102.4     82.8   1339.6      0.0
     2     1    25    11     6    15     0     3   -12.0   25.017  123.113     24.7   1013.4    297.5    298.7      0.0   1002.4     71.2      0.0      0.0
     3     1    25    11     6    15     0     3   -12.0   24.334  120.726    123.3    969.4    300.0    297.4      0.0     48.1     69.5    269.6      0.0
     4     1    25    11     6    15     0     3   -12.0   24.286  120.619    170.2    913.6    302.9    295.0      0.0     47.1     67.9    758.9      0.0
     5     1    25    11     6    15     0     3   -12.0   24.370  121.687    233.0    979.2    297.5    295.7      0.4    570.3     82.2     94.1      0.0
     6     1    25    11     6    15     0     3   -12.0   24.087  120.647    254.2    888.5    303.9    293.7      0.0     39.0     69.5    908.6      0.0
     7     1    25    11     6    15     0     3   -12.0   25.280  123.213     61.8   1009.1    297.5    298.3      0.0   1042.0     71.0      0.0      0.0
     8     1    25    11     6    15     0     3   -12.0   25.439  123.796     45.9   1010.9    296.8    297.7      0.0    923.0     73.7      0.0      0.0
     9     1    25    11     6    15     0     3   -12.0   24.932  122.026    438.0    938.6    297.6    292.2      0.4    138.2     95.4    256.6      0.0
    10     1    25    11     6    15     0     3   -12.0   24.546  121.442   1296.6    770.0    307.8    285.5      0.2    102.4     82.8   1339.6      0.0
    11     1    25    11     6    15     0     3   -12.0   25.017  123.113    274.7   1013.4    297.5    298.7      0.0   1002.4     71.2      0.0      0.0
    12     1    25    11     6    15     0     3   -12.0   24.334  120.726    370.6    969.4    300.0    297.4      0.0     48.0     69.5    269.6      0.0
    13     1    25    11     6    15     0     3   -12.0   24.286  120.619    412.6    913.6    302.9    295.0      0.0     47.1     67.9    758.9      0.0
    14     1    25    11     6    15     0     3   -12.0   24.369  121.687    482.2    979.1    297.5    295.7      0.4    569.9     82.2     94.3      0.0
    15     1    25    11     6    15     0     3   -12.0   24.087  120.648    495.1    888.5    303.9    293.7      0.0     39.0     69.5    908.7      0.0
    16     1    25    11     6    15     0     3   -12.0   25.280  123.213    311.8   1009.1    297.5    298.3      0.0   1042.0     71.0      0.0      0.0
    17     1    25    11     6    15     0     3   -12.0   25.436  123.764    286.6   1012.0    296.8    297.8      0.0    918.3     73.5      0.0      0.0
    18     1    25    11     6    15     0     3   -12.0   24.932  122.026    685.5    938.6    297.6    292.2      0.4    138.2     95.4    256.6      0.0
    19     1    25    11     6    15     0     3   -12.0   24.572  121.178    443.1    820.7    307.1    290.0      0.0     75.7     67.1   1189.4      0.0
    20     1    25    11     6    15     0     3   -12.0   24.626  122.993      3.0    987.4    297.9    296.8      0.0   1054.6     75.2      0.0      0.0
    21     1    25    11     6    15     0     3   -12.0   23.935  120.529      2.4    969.2    299.9    297.2      0.0    136.0     73.9    138.9      0.0
    22     1    25    11     6    15     0     3   -12.0   24.294  120.609      0.0    912.8    302.9    295.0      0.0     50.2     68.6    708.0      0.0
    23     1    25    11     6    15     0     3   -12.0   24.308  120.978    523.5    791.1    308.5    288.3      0.0     60.8     66.5   1424.6      0.0
    24     1    25    11     6    15     0     3   -12.0   24.085  120.587     22.1    906.9    303.0    294.5      0.0     31.2     71.5    718.1      0.0
    25     1    25    11     6    15     0     3   -12.0   24.868  123.066      1.2    987.6    298.0    296.9      0.1   1047.2     74.7      0.0      0.0
    26     1    25    11     6    15     0     3   -12.0   25.008  123.751      0.0    988.5    297.4    296.4      0.0    942.2     77.7      0.0      0.0
    27     1    25    11     6    15     0     3   -12.0   24.911  121.395    181.8    895.4    303.1    293.5      0.0    129.6     70.6    687.8      0.0
