    10     1
    GFSQ    25    10    26     0     0
    GFSQ    25    10    27     0     0
    GFSQ    25    10    28     0     0
    GFSQ    25    10    29     0     0
    GFSQ    25    10    30     0     0
    GFSQ    25    10    31     0     0
    GFSQ    25    11     1     0     0
    GFSQ    25    11     2     0     0
    GFSQ    25    11     3     0     0
    GFSQ    25    11     4     0     0
    27 BACKWARD OMEGA   
    25    11     3    12   24.218  120.618    10.0
    25    11     3    12   24.218  120.618    10.0
    25    11     3    12   24.218  120.618    10.0
    25    11     3    12   24.218  120.618    10.0
    25    11     3    12   24.218  120.618    10.0
    25    11     3    12   24.218  120.618    10.0
    25    11     3    12   24.218  120.618    10.0
    25    11     3    12   24.218  120.618    10.0
    25    11     3    12   24.218  120.618    10.0
    25    11     3    12   24.218  120.618    10.0
    25    11     3    12   24.218  120.618    10.0
    25    11     3    12   24.218  120.618    10.0
    25    11     3    12   24.218  120.618    10.0
    25    11     3    12   24.218  120.618    10.0
    25    11     3    12   24.218  120.618    10.0
    25    11     3    12   24.218  120.618    10.0
    25    11     3    12   24.218  120.618    10.0
    25    11     3    12   24.218  120.618    10.0
    25    11     3    12   24.218  120.618    10.0
    25    11     3    12   24.218  120.618    10.0
    25    11     3    12   24.218  120.618    10.0
    25    11     3    12   24.218  120.618    10.0
    25    11     3    12   24.218  120.618    10.0
    25    11     3    12   24.218  120.618    10.0
    25    11     3    12   24.218  120.618    10.0
    25    11     3    12   24.218  120.618    10.0
    25    11     3    12   24.218  120.618    10.0
     8 PRESSURE THETA    AIR_TEMP RAINFALL MIXDEPTH RELHUMID TERR_MSL SUN_FLUX
     1     1    25    11     3    12     0     0     0.0   24.218  120.618     10.0    997.0    295.9    295.7      0.0    341.9     69.8    157.4    143.1
     2     1    25    11     3    12     0     0     0.0   24.218  120.618     10.0   1007.0    294.4    295.0      0.0    602.5     76.1     82.7    152.5
     3     1    25    11     3    12     0     0     0.0   24.218  120.618     10.0    995.3    296.5    296.1      0.0    183.4     66.5    165.7    143.9
     4     1    25    11     3    12     0     0     0.0   24.218  120.618     10.0    927.2    298.6    292.0      0.0    139.4     73.4    810.8    106.7
     5     1    25    11     3    12     0     0     0.0   24.218  120.618     10.0    949.9    297.1    292.7      0.0    255.1     74.5    595.2    128.1
     6     1    25    11     3    12     0     0     0.0   24.218  120.618     10.0    941.6    297.7    292.5      0.0     71.4     74.5    664.3    125.8
     7     1    25    11     3    12     0     0     0.0   24.218  120.618     10.0   1014.8    294.5    295.7      0.0    611.3     76.6     11.1    150.2
     8     1    25    11     3    12     0     0     0.0   24.218  120.618     10.0   1016.7    294.1    295.4      0.0    855.3     79.2      1.4    146.5
     9     1    25    11     3    12     0     0     0.0   24.218  120.618     10.0   1012.8    295.3    296.4      0.0    450.5     71.0     13.0    149.7
    10     1    25    11     3    12     0     0     0.0   24.218  120.618     10.0    997.0    295.9    295.7      0.0    341.9     69.8    157.4    143.1
    11     1    25    11     3    12     0     0     0.0   24.218  120.618     10.0   1007.0    294.4    295.0      0.0    602.5     76.1     82.7    152.5
    12     1    25    11     3    12     0     0     0.0   24.218  120.618     10.0    995.3    296.5    296.1      0.0    183.4     66.5    165.7    143.9
    13     1    25    11     3    12     0     0     0.0   24.218  120.618     10.0    927.2    298.6    292.0      0.0    139.4     73.5    810.8    106.7
    14     1    25    11     3    12     0     0     0.0   24.218  120.618     10.0    949.9    297.1    292.7      0.0    255.1     74.5    595.2    128.1
    15     1    25    11     3    12     0     0     0.0   24.218  120.618     10.0    941.6    297.7    292.5      0.0     71.4     74.5    664.3    125.8
    16     1    25    11     3    12     0     0     0.0   24.218  120.618     10.0   1014.8    294.5    295.7      0.0    611.3     76.6     11.1    150.2
    17     1    25    11     3    12     0     0     0.0   24.218  120.618     10.0   1016.7    294.1    295.4      0.0    855.3     79.2      1.4    146.5
    18     1    25    11     3    12     0     0     0.0   24.218  120.618     10.0   1012.8    295.3    296.4      0.0    450.5     71.0     13.0    149.7
    19     1    25    11     3    12     0     0     0.0   24.218  120.618     10.0    968.9    296.7    294.0      0.0    341.9     72.4    157.4    143.1
    20     1    25    11     3    12     0     0     0.0   24.218  120.618     10.0    978.4    294.5    292.7      0.0    602.5     80.2     82.7    152.5
    21     1    25    11     3    12     0     0     0.0   24.218  120.618     10.0    967.3    297.9    295.1      0.0    183.4     66.1    165.7    143.9
    22     1    25    11     3    12     0     0     0.0   24.218  120.618     10.0    901.5    300.8    291.9      0.0    139.4     69.1    810.8    106.7
    23     1    25    11     3    12     0     0     0.0   24.218  120.618     10.0    923.4    298.7    291.8      0.0    255.1     72.9    595.2    128.1
    24     1    25    11     3    12     0     0     0.0   24.218  120.618     10.0    915.4    300.6    293.0      0.0     71.4     65.8    664.3    125.8
    25     1    25    11     3    12     0     0     0.0   24.218  120.618     10.0    986.0    294.2    293.1      0.0    611.3     81.5     11.1    150.2
    26     1    25    11     3    12     0     0     0.0   24.218  120.618     10.0    987.8    293.6    292.6      0.0    855.3     83.7      1.4    146.5
    27     1    25    11     3    12     0     0     0.0   24.218  120.618     10.0    984.1    295.3    294.0      0.0    450.5     76.8     13.0    149.7
     1     1    25    11     3    11     0     1    -1.0   24.263  120.577     44.5    987.2    295.5    294.4      0.0    405.2     72.1    212.9    199.1
     2     1    25    11     3    11     0     1    -1.0   24.360  120.722      7.5   1008.1    293.7    294.4      0.0    814.6     76.0     79.5    181.9
     3     1    25    11     3    11     0     1    -1.0   24.143  120.484     56.5    986.2    297.5    296.3      0.0    197.7     65.0    197.9    192.2
     4     1    25    11     3    11     0     1    -1.0   24.052  120.515    343.5    856.6    302.9    289.7      0.0    121.6     72.7   1158.3    113.2
     5     1    25    11     3    11     0     1    -1.0   24.162  120.580    173.0    917.4    298.9    291.4      0.0    283.8     74.6    731.0    157.5
     6     1    25    11     3    11     0     1    -1.0   24.013  120.525    412.8    867.1    302.2    290.1      0.0    102.4     72.0    965.6    156.7
     7     1    25    11     3    11     0     1    -1.0   24.473  120.736      9.4   1011.7    294.1    295.1      0.0    816.2     76.2     38.9    199.6
     8     1    25    11     3    11     0     1    -1.0   24.492  120.834      8.7   1017.2    293.6    295.0      0.0   1169.6     75.6      3.6    132.7
     9     1    25    11     3    11     0     1    -1.0   24.386  120.609     18.8   1007.8    295.0    295.6      0.0    543.1     73.1     56.2    199.3
    10     1    25    11     3    11     0     1    -1.0   24.256  120.570    281.4    990.5    295.5    294.7      0.0    406.0     71.6    193.5    200.2
    11     1    25    11     3    11     0     1    -1.0   24.360  120.722    255.4   1008.1    293.7    294.4      0.0    814.6     76.0     79.5    181.9
    12     1    25    11     3    11     0     1    -1.0   24.139  120.482    294.8    987.6    297.4    296.4      0.0    197.8     65.2    194.7    192.5
    13     1    25    11     3    11     0     1    -1.0   24.053  120.515    578.3    856.7    302.9    289.7      0.0    121.5     72.7   1161.1    113.0
    14     1    25    11     3    11     0     1    -1.0   24.160  120.577    407.3    918.7    298.8    291.6      0.0    280.4     74.3    726.5    158.2
    15     1    25    11     3    11     0     1    -1.0   24.014  120.525    646.6    868.0    302.2    290.1      0.0    102.1     71.8    963.7    156.7
    16     1    25    11     3    11     0     1    -1.0   24.470  120.733    249.6   1011.7    294.1    295.1      0.0    814.5     76.2     39.5    199.6
    17     1    25    11     3    11     0     1    -1.0   24.492  120.834    250.0   1017.2    293.6    295.0      0.0   1169.4     75.6      3.6    132.8
    18     1    25    11     3    11     0     1    -1.0   24.382  120.606    257.7   1009.0    295.0    295.7      0.0    541.8     73.1     54.4    199.5
    19     1    25    11     3    11     0     1    -1.0   24.262  120.616     43.3    944.1    297.3    292.4      0.0    353.1     74.8    359.4    187.3
    20     1    25    11     3    11     0     1    -1.0   24.415  120.860     77.2    963.4    294.3    291.1      0.0    815.9     82.8    162.1    145.0
    21     1    25    11     3    11     0     1    -1.0   24.135  120.507     18.8    960.2    298.9    295.5      0.0    166.0     64.3    220.6    191.4
    22     1    25    11     3    11     0     1    -1.0   24.040  120.500    182.9    856.7    303.1    289.9      0.0    125.0     72.2   1077.8    120.4
    23     1    25    11     3    11     0     1    -1.0   24.157  120.598     92.7    892.4    300.0    290.2      0.0    272.3     76.7    810.7    149.7
    24     1    25    11     3    11     0     1    -1.0   24.003  120.536    323.6    846.7    302.9    288.8      0.0    109.6     74.3   1018.3    155.9
    25     1    25    11     3    11     0     1    -1.0   24.551  120.852     37.3    980.2    293.8    292.1      0.0    830.5     81.6     37.5    199.7
    26     1    25    11     3    11     0     1    -1.0   24.564  120.974     86.8    978.2    293.0    291.2      0.0   1239.8     85.4     16.2     91.5
    27     1    25    11     3    11     0     1    -1.0   24.437  120.679     53.6    969.5    295.7    293.1      0.0    513.1     76.9    110.0    197.3
     1     1    25    11     3    10     0     2    -2.0   24.501  120.786     74.5    970.4    295.7    293.1      0.0    527.9     75.1    342.8    232.7
     2     1    25    11     3    10     0     2    -2.0   24.576  121.080    114.3    993.4    292.7    292.1      0.0   1102.2     83.1    119.1     35.8
     3     1    25    11     3    10     0     2    -2.0   24.289  120.544     94.6    973.2    298.4    296.1      0.0    244.4     64.8    277.4    228.9
     4     1    25    11     3    10     0     2    -2.0   24.030  120.570    479.6    822.2    304.1    287.5      0.0     94.9     79.1   1358.9    123.2
     5     1    25    11     3    10     0     2    -2.0   24.219  120.792    531.8    840.1    300.9    286.1      0.0    345.5     86.6   1145.9    130.7
     6     1    25    11     3    10     0     2    -2.0   23.973  120.632    683.4    800.3    304.5    285.7      0.0    148.8     81.7   1374.0    159.4
     7     1    25    11     3    10     0     2    -2.0   24.806  121.119     37.0   1008.5    293.0    293.7      0.0   1188.1     76.6     54.0     94.5
     8     1    25    11     3    10     0     2    -2.0   24.794  121.294     36.8   1014.4    292.8    294.0      0.0   1227.8     75.0     11.4     37.5
     9     1    25    11     3    10     0     2    -2.0   24.731  120.862      2.8   1001.6    294.6    294.7      0.0    701.7     74.4    122.7    248.0
    10     1    25    11     3    10     0     2    -2.0   24.485  120.764    300.5    970.8    295.9    293.3      0.0    521.9     74.8    358.0    231.0
    11     1    25    11     3    10     0     2    -2.0   24.576  121.078    360.2    993.8    292.7    292.1      0.0   1104.4     83.0    118.9     36.0
    12     1    25    11     3    10     0     2    -2.0   24.284  120.540    332.2    974.7    298.3    296.1      0.0    244.8     64.7    272.9    229.6
    13     1    25    11     3    10     0     2    -2.0   24.030  120.571    714.7    822.0    304.1    287.5      0.0     95.3     79.1   1362.3    122.8
    14     1    25    11     3    10     0     2    -2.0   24.221  120.789    757.2    843.2    300.8    286.2      0.0    348.4     86.4   1128.1    132.7
    15     1    25    11     3    10     0     2    -2.0   23.973  120.632    916.9    800.7    304.5    285.7      0.0    148.6     81.7   1372.9    159.5
    16     1    25    11     3    10     0     2    -2.0   24.802  121.111    278.3   1009.4    293.1    293.9      0.0   1182.4     76.2     53.6     98.7
    17     1    25    11     3    10     0     2    -2.0   24.788  121.283    276.6   1015.4    292.9    294.1      0.0   1226.1     75.2     13.2     38.0
    18     1    25    11     3    10     0     2    -2.0   24.719  120.851    248.8   1002.3    294.5    294.7      0.0    695.8     74.3    115.4    249.3
    19     1    25    11     3    10     0     2    -2.0   24.446  120.836    112.6    908.6    298.8    290.5      0.0    368.7     78.4    628.4    206.5
    20     1    25    11     3    10     0     2    -2.0   24.535  121.298    374.2    919.1    294.4    287.3      0.4    753.3     98.0    270.2     14.2
    21     1    25    11     3    10     0     2    -2.0   24.229  120.560     17.1    952.9    299.6    295.5      0.0    181.8     64.4    289.1    231.2
    22     1    25    11     3    10     0     2    -2.0   24.018  120.551    275.1    828.7    303.9    288.0      0.0    101.8     78.3   1259.9    134.2
    23     1    25    11     3    10     0     2    -2.0   24.177  120.777    396.1    814.6    302.6    285.1      0.0    307.9     87.8   1305.8    117.5
    24     1    25    11     3    10     0     2    -2.0   23.964  120.638    509.5    791.4    305.0    285.2      0.0    153.9     82.0   1405.7    156.0
    25     1    25    11     3    10     0     2    -2.0   24.833  121.375    287.7    944.4    293.6    288.8      0.1   1050.9     93.2    128.0     31.2
    26     1    25    11     3    10     0     2    -2.0   24.827  121.510    170.5    961.5    292.7    289.5      0.2   1040.4     91.3     88.4     26.6
    27     1    25    11     3    10     0     2    -2.0   24.778  121.023    106.2    950.1    295.7    291.4      0.0    598.7     79.4    244.3    240.3
     1     1    25    11     3     9     0     3    -3.0   24.654  121.116    409.8    914.7    295.9    288.4      0.1    643.2     87.1    525.3    125.4
     2     1    25    11     3     9     0     3    -3.0   24.681  121.416    166.2    980.6    293.0    291.3      0.3    772.6     83.7    172.5     19.7
     3     1    25    11     3     9     0     3    -3.0   24.479  120.635    123.9    950.5    298.0    293.5      0.0    341.0     72.6    460.7    265.0
     4     1    25    11     3     9     0     3    -3.0   23.991  120.632    595.6    795.0    304.9    285.5      0.0    119.3     85.7   1521.5    135.5
     5     1    25    11     3     9     0     3    -3.0   24.152  120.917    881.6    774.7    303.8    282.3      0.2    278.7     94.3   1464.4     67.4
     6     1    25    11     3     9     0     3    -3.0   23.941  120.724    821.4    759.1    306.2    282.9      0.0    176.2     87.5   1674.4    125.4
     7     1    25    11     3     9     0     3    -3.0   25.003  121.525     79.9    996.8    292.7    292.4      0.3    966.2     80.2    118.0     27.9
     8     1    25    11     3     9     0     3    -3.0   25.026  121.697     26.2   1015.5    292.5    293.8      0.3   1110.7     75.8     12.5     28.6
     9     1    25    11     3     9     0     3    -3.0   24.994  121.176     45.1    995.3    293.6    293.2      0.0   1025.8     75.9    160.1    138.7
    10     1    25    11     3     9     0     3    -3.0   24.659  121.083    576.5    926.2    295.6    289.1      0.0    687.8     85.0    497.0    140.6
    11     1    25    11     3     9     0     3    -3.0   24.681  121.413    412.8    980.8    292.9    291.3      0.3    773.0     83.7    172.6     19.7
    12     1    25    11     3     9     0     3    -3.0   24.476  120.629    357.4    954.0    297.8    293.8      0.0    346.0     72.1    440.1    267.1
    13     1    25    11     3     9     0     3    -3.0   23.992  120.632    829.6    794.8    304.9    285.4      0.0    119.7     85.7   1525.0    135.0
    14     1    25    11     3     9     0     3    -3.0   24.155  120.918   1112.4    776.4    303.7    282.3      0.2    280.4     94.2   1451.2     68.1
    15     1    25    11     3     9     0     3    -3.0   23.942  120.724   1053.3    759.2    306.2    282.9      0.0    176.2     87.5   1674.4    125.4
    16     1    25    11     3     9     0     3    -3.0   24.998  121.513    318.6    998.4    292.7    292.5      0.3    979.2     79.8    114.0     28.7
    17     1    25    11     3     9     0     3    -3.0   25.015  121.678    269.0   1015.8    292.5    293.9      0.3   1104.9     76.0     17.0     28.6
    18     1    25    11     3     9     0     3    -3.0   24.986  121.160    285.0    996.7    293.7    293.4      0.0   1012.1     75.3    155.4    149.9
    19     1    25    11     3     9     0     3    -3.0   24.476  121.070    504.9    814.6    302.0    284.6      0.0    365.8     89.0   1187.2    147.7
    20     1    25    11     3     9     0     3    -3.0   24.637  121.616     99.9    955.8    293.5    289.7      0.3    623.3     90.0    213.7     18.3
    21     1    25    11     3     9     0     3    -3.0   24.334  120.608     54.9    930.4    300.0    293.8      0.0    245.4     69.2    471.7    250.3
    22     1    25    11     3     9     0     3    -3.0   23.980  120.613    379.3    801.5    304.7    285.9      0.0    108.3     84.6   1432.4    146.6
    23     1    25    11     3     9     0     3    -3.0   24.103  120.840    682.2    741.2    306.8    281.5      0.0    253.9     93.3   1798.2     68.0
    24     1    25    11     3     9     0     3    -3.0   23.934  120.724    621.8    755.7    306.4    282.7      0.0    178.0     87.4   1678.6    124.2
    25     1    25    11     3     9     0     3    -3.0   24.956  121.774    218.5    948.0    293.4    288.9      0.3    758.3     92.9    165.1     21.3
    26     1    25    11     3     9     0     3    -3.0   25.070  121.928     79.1    981.8    292.6    291.1      0.3   1135.7     84.1      0.0     35.5
    27     1    25    11     3     9     0     3    -3.0   24.883  121.407    547.3    867.1    297.6    285.7      0.3    553.3     92.3    596.3    111.5
     1     1    25    11     3     8     0     2    -4.0   24.675  121.413    574.6    903.5    295.0    286.6      0.5    441.3     98.2    467.2     16.6
     2     1    25    11     3     8     0     2    -4.0   24.876  121.740     38.6   1015.0    293.2    294.5      0.4   1228.4     70.4      5.8     38.0
     3     1    25    11     3     8     0     2    -4.0   24.686  120.801     81.4    942.8    298.0    292.9      0.0    517.8     74.4    574.5    339.2
     4     1    25    11     3     8     0     2    -4.0   23.948  120.690    665.7    774.1    305.7    283.9      0.0    329.2     89.2   1672.6    209.1
     5     1    25    11     3     8     0     2    -4.0   24.084  120.989    888.9    759.3    304.2    281.1      0.2    235.8     97.9   1612.2     43.4
     6     1    25    11     3     8     0     2    -4.0   23.920  120.789    928.5    733.5    307.3    281.2      0.0    252.5     90.6   1850.6    117.9
     7     1    25    11     3     8     0     2    -4.0   25.216  121.885     11.8   1018.0    293.1    294.6      0.3   1199.0     71.2      7.2     35.8
     8     1    25    11     3     8     0     2    -4.0   25.291  122.059     26.8   1017.3    292.5    294.0      0.0   1200.7     70.5      0.0     30.0
     9     1    25    11     3     8     0     2    -4.0   25.135  121.536    147.7    984.2    292.7    291.4      0.3    903.5     84.0    156.4     26.3
    10     1    25    11     3     8     0     2    -4.0   24.684  121.389    792.9    905.3    295.0    286.6      0.4    474.0     97.9    477.8     16.8
    11     1    25    11     3     8     0     2    -4.0   24.874  121.737    287.3   1015.1    293.2    294.5      0.4   1228.5     70.4      6.1     37.9
    12     1    25    11     3     8     0     2    -4.0   24.687  120.794    306.7    947.1    297.8    293.1      0.0    527.2     73.9    554.5    340.6
    13     1    25    11     3     8     0     2    -4.0   23.948  120.691    898.7    773.8    305.7    283.9      0.0    328.9     89.3   1675.9    208.5
    14     1    25    11     3     8     0     2    -4.0   24.088  120.994   1121.0    761.5    304.0    281.2      0.2    236.5     98.0   1590.5     42.6
    15     1    25    11     3     8     0     2    -4.0   23.920  120.789   1159.1    733.5    307.3    281.2      0.0    252.5     90.6   1851.1    117.8
    16     1    25    11     3     8     0     2    -4.0   25.206  121.869    256.9   1018.2    293.1    294.6      0.3   1199.5     71.3      8.6     35.2
    17     1    25    11     3     8     0     2    -4.0   25.274  122.035    271.0   1017.9    292.6    294.1      0.0   1200.9     70.6      0.0     30.6
    18     1    25    11     3     8     0     2    -4.0   25.132  121.520    388.3    985.7    292.7    291.5      0.3    920.1     83.7    152.1     28.7
    19     1    25    11     3     8     0     2    -4.0   24.396  121.172    769.8    761.2    304.7    281.6      0.1    303.0     95.4   1484.7     91.8
    20     1    25    11     3     8     0     2    -4.0   24.871  121.950      0.0    992.8    293.3    292.7      0.5   1253.9     74.7      0.0     41.4
    21     1    25    11     3     8     0     2    -4.0   24.453  120.702     87.7    898.3    300.6    291.4      0.0    453.3     76.0    744.4    325.4
    22     1    25    11     3     8     0     2    -4.0   23.938  120.673    437.2    781.1    305.4    284.5      0.0    334.7     88.2   1591.2    225.1
    23     1    25    11     3     8     0     2    -4.0   24.022  120.805    734.2    717.1    308.6    280.5      0.0    278.0     95.3   2010.8     97.7
    24     1    25    11     3     8     0     2    -4.0   23.914  120.785    720.8    732.2    307.4    281.2      0.0    253.8     90.5   1841.0    119.2
    25     1    25    11     3     8     0     2    -4.0   25.192  122.138     56.9    984.3    293.1    291.8      0.2   1232.2     77.6      0.0     42.2
    26     1    25    11     3     8     0     2    -4.0   25.362  122.318     93.5    980.8    292.4    290.8      0.0   1237.8     79.7      0.0     35.3
    27     1    25    11     3     8     0     2    -4.0   24.881  121.696    658.7    867.9    296.7    284.9      0.6    364.5     99.3    478.6     16.2
     1     1    25    11     3     7     0     1    -5.0   24.786  121.658    262.7    964.6    293.3    290.3      0.4    763.2     88.1    221.6     23.9
     2     1    25    11     3     7     0     1    -5.0   25.150  122.076     32.6   1016.3    293.1    294.5      0.0   1279.6     67.4      0.0     47.5
     3     1    25    11     3     7     0     1    -5.0   24.837  121.047    283.3    918.6    296.6    289.5      0.0    695.0     82.7    608.3    333.2
     4     1    25    11     3     7     0     1    -5.0   23.903  120.736    669.5    763.1    305.9    283.0      0.0    461.7     91.5   1783.4    259.7
     5     1    25    11     3     7     0     1    -5.0   24.034  121.062    757.8    775.9    302.6    281.4      0.3    204.9     99.4   1553.4     27.1
     6     1    25    11     3     7     0     1    -5.0   23.910  120.817   1014.4    719.8    308.0    280.4      0.0    275.0     91.4   1918.6    123.2
     7     1    25    11     3     7     0     1    -5.0   25.476  122.213      6.7   1019.4    292.9    294.5      0.0   1213.1     69.0      0.0     42.9
     8     1    25    11     3     7     0     1    -5.0   25.557  122.388     30.2   1018.1    292.2    293.7      0.0   1233.4     70.0      0.0     40.0
     9     1    25    11     3     7     0     1    -5.0   25.271  121.838     72.9   1003.5    293.1    293.4      0.4   1136.9     72.5     79.9     34.8
    10     1    25    11     3     7     0     1    -5.0   24.785  121.632    512.3    960.7    293.2    289.9      0.4    686.1     89.9    252.9     22.0
    11     1    25    11     3     7     0     1    -5.0   25.147  122.072    281.1   1016.5    293.1    294.5      0.0   1279.6     67.3      0.0     47.6
    12     1    25    11     3     7     0     1    -5.0   24.849  121.028    456.1    933.1    296.1    290.2      0.0    724.8     81.9    547.6    331.3
    13     1    25    11     3     7     0     1    -5.0   23.904  120.736    902.1    762.8    305.9    283.0      0.0    460.9     91.6   1786.4    258.9
    14     1    25    11     3     7     0     1    -5.0   24.039  121.073    983.6    780.0    302.2    281.5      0.3    201.0     99.5   1519.1     23.8
    15     1    25    11     3     7     0     1    -5.0   23.910  120.817   1244.6    719.8    308.0    280.4      0.0    274.7     91.4   1919.4    123.0
    16     1    25    11     3     7     0     1    -5.0   25.465  122.197    251.8   1019.3    292.9    294.5      0.0   1212.9     68.9      0.0     42.7
    17     1    25    11     3     7     0     1    -5.0   25.538  122.361    274.7   1018.7    292.2    293.8      0.0   1232.9     70.1      0.0     40.9
    18     1    25    11     3     7     0     1    -5.0   25.265  121.822    323.8   1001.8    293.0    293.2      0.3   1108.0     73.4     92.8     33.9
    19     1    25    11     3     7     0     1    -5.0   24.316  121.207    765.1    738.5    305.9    280.4      0.2    244.3     98.2   1731.0     67.2
    20     1    25    11     3     7     0     1    -5.0   25.160  122.297     15.7    988.9    293.2    292.2      0.0   1351.9     72.7      0.0     49.0
    21     1    25    11     3     7     0     1    -5.0   24.561  120.783      0.0    896.4    301.0    291.6      0.0    521.3     75.6    901.5    384.9
    22     1    25    11     3     7     0     1    -5.0   23.895  120.720    426.9    770.7    305.7    283.6      0.0    481.7     90.6   1711.6    278.9
    23     1    25    11     3     7     0     1    -5.0   23.945  120.751    746.3    725.0    308.2    281.0      0.0    408.4     95.9   1905.8    190.4
    24     1    25    11     3     7     0     1    -5.0   23.905  120.811    801.2    719.7    308.1    280.4      0.0    281.1     91.3   1902.1    128.0
    25     1    25    11     3     7     0     1    -5.0   25.478  122.491     85.3    981.1    292.8    291.3      0.0   1290.7     76.7      0.0     48.1
    26     1    25    11     3     7     0     1    -5.0   25.653  122.663    140.1    976.4    292.2    290.2      0.0   1304.7     77.8      0.0     37.6
    27     1    25    11     3     7     0     1    -5.0   25.026  121.988    233.2    952.0    293.7    289.6      0.4    999.1     89.5    119.8     30.1
     1     1    25    11     3     6     0     0    -6.0   24.997  121.931     69.8   1011.4    293.6    294.5      0.6   1322.9     65.7      3.8     48.1
     2     1    25    11     3     6     0     0    -6.0   25.433  122.360     39.8   1015.8    292.6    293.9      0.0   1240.5     69.3      0.0     54.1
     3     1    25    11     3     6     0     0    -6.0   24.836  121.301    533.4    872.5    297.1    285.7      0.3    350.1     98.2    801.9     54.7
     4     1    25    11     3     6     0     0    -6.0   23.862  120.774    666.1    754.4    306.0    282.3      0.0    514.1     93.5   1875.9    293.5
     5     1    25    11     3     6     0     0    -6.0   24.034  121.152    580.1    826.4    299.8    283.7      0.4    211.6     98.4   1211.6     28.3
     6     1    25    11     3     6     0     0    -6.0   23.909  120.810   1083.3    715.3    308.4    280.2      0.0    329.2     91.5   1900.9    170.0
     7     1    25    11     3     6     0     0    -6.0   25.734  122.493     14.8   1019.4    292.4    294.0      0.0   1194.5     70.8      0.0     49.8
     8     1    25    11     3     6     0     0    -6.0   25.818  122.690     31.0   1017.9    292.8    294.3      0.0   1457.9     62.7      0.0     43.6
     9     1    25    11     3     6     0     0    -6.0   25.517  122.161     16.2   1017.7    293.5    295.0      0.0   1295.3     63.5      0.0     46.4
    10     1    25    11     3     6     0     0    -6.0   24.982  121.894    316.2   1011.8    293.6    294.6      0.6   1315.1     66.0      5.8     46.7
    11     1    25    11     3     6     0     0    -6.0   25.429  122.356    288.1   1016.0    292.6    293.9      0.0   1240.5     69.3      0.0     54.2
    12     1    25    11     3     6     0     0    -6.0   24.872  121.296    712.3    889.8    296.1    286.3      0.3    448.1     97.9    701.0     57.5
    13     1    25    11     3     6     0     0    -6.0   23.862  120.774    898.4    754.1    306.0    282.2      0.0    512.9     93.5   1878.2    292.7
    14     1    25    11     3     6     0     0    -6.0   24.047  121.165    806.0    832.6    299.4    284.0      0.5    206.3     98.6   1160.4     26.8
    15     1    25    11     3     6     0     0    -6.0   23.909  120.811   1313.8    715.2    308.4    280.2      0.0    328.6     91.5   1901.8    169.7
    16     1    25    11     3     6     0     0    -6.0   25.723  122.478    259.9   1019.9    292.4    294.1      0.0   1195.2     70.8      0.0     50.4
    17     1    25    11     3     6     0     0    -6.0   25.794  122.661    276.4   1018.5    292.7    294.3      0.0   1430.8     63.5      0.0     44.1
    18     1    25    11     3     6     0     0    -6.0   25.507  122.144    260.6   1018.3    293.6    295.1      0.0   1290.8     63.6      0.0     45.9
    19     1    25    11     3     6     0     0    -6.0   24.241  121.213    697.6    737.1    305.9    280.3      0.2    285.6     98.9   1809.9     85.1
    20     1    25    11     3     6     0     0    -6.0   25.460  122.595     14.3    989.9    292.8    291.9      0.0   1315.6     72.6      0.0     64.4
    21     1    25    11     3     6     0     0    -6.0   24.692  120.878      0.0    918.9    299.1    291.8      0.0    716.3     75.1    773.7    452.7
    22     1    25    11     3     6     0     0    -6.0   23.855  120.762    412.0    761.8    305.8    282.8      0.0    543.7     92.6   1817.5    313.1
    23     1    25    11     3     6     0     0    -6.0   23.874  120.708    688.7    735.3    307.5    281.5      0.0    610.8     97.3   1846.8    305.0
    24     1    25    11     3     6     0     0    -6.0   23.903  120.803    866.5    715.7    308.4    280.2      0.0    340.6     91.6   1882.0    177.3
    25     1    25    11     3     6     0     0    -6.0   25.770  122.796    116.7    978.6    292.5    290.7      0.0   1243.3     78.1      0.0     59.8
    26     1    25    11     3     6     0     0    -6.0   25.953  122.975    136.0    976.8    292.7    290.8      0.0   1589.2     69.0      0.0     66.5
    27     1    25    11     3     6     0     0    -6.0   25.273  122.303     30.9    987.0    293.6    292.5      0.7   1343.9     70.8      0.3     52.4
     1     1    25    11     3     5     0     1    -7.0   25.269  122.243     60.4   1013.0    293.8    294.9      0.0   1490.8     62.0      0.0     54.2
     2     1    25    11     3     5     0     1    -7.0   25.717  122.642     50.8   1015.8    292.9    294.3      0.0   1433.7     61.1      0.0     52.1
     3     1    25    11     3     5     0     1    -7.0   24.874  121.506    294.5    943.6    293.6    288.8      0.8    444.5     96.4    382.2     20.9
     4     1    25    11     3     5     0     1    -7.0   23.827  120.810    713.5    741.0    306.3    281.1      0.0    425.1     94.8   1974.6    257.0
     5     1    25    11     3     5     0     1    -7.0   24.086  121.232    392.2    878.4    297.0    286.1      1.0    214.3     99.5    887.4     20.1
     6     1    25    11     3     5     0     1    -7.0   23.909  120.785   1135.5    716.6    308.3    280.3      0.0    402.0     92.5   1839.4    206.6
     7     1    25    11     3     5     0     1    -7.0   25.993  122.772     21.5   1019.4    293.0    294.6      0.0   1439.8     61.1      0.0     47.7
     8     1    25    11     3     5     0     1    -7.0   26.105  122.969     26.3   1019.0    293.2    294.8      0.0   1715.8     55.7      0.0     93.9
     9     1    25    11     3     5     0     1    -7.0   25.784  122.449     21.1   1018.4    293.2    294.7      0.0   1412.7     64.4      0.0     51.2
    10     1    25    11     3     5     0     1    -7.0   25.251  122.205    301.8   1014.0    293.8    295.0      0.0   1461.9     62.4      0.0     53.0
    11     1    25    11     3     5     0     1    -7.0   25.713  122.637    299.0   1016.0    292.9    294.3      0.0   1430.8     61.2      0.0     52.1
    12     1    25    11     3     5     0     1    -7.0   24.921  121.510    525.1    947.8    293.4    288.9      0.6    488.4     95.5    357.9     21.3
    13     1    25    11     3     5     0     1    -7.0   23.827  120.810    944.9    740.8    306.3    281.1      0.0    424.4     94.8   1975.9    256.6
    14     1    25    11     3     5     0     1    -7.0   24.104  121.244    612.7    888.4    296.5    286.5      1.0    228.6     99.3    813.0     19.7
    15     1    25    11     3     5     0     1    -7.0   23.910  120.785   1366.8    716.5    308.3    280.3      0.0    401.5     92.5   1840.0    206.4
    16     1    25    11     3     5     0     1    -7.0   25.978  122.753    266.6   1019.9    292.9    294.6      0.0   1431.6     61.5      0.0     47.8
    17     1    25    11     3     5     0     1    -7.0   26.076  122.939    272.5   1019.4    293.2    294.8      0.0   1705.4     55.8      0.0     88.0
    18     1    25    11     3     5     0     1    -7.0   25.771  122.432    266.0   1019.1    293.2    294.8      0.0   1409.0     64.4      0.0     50.9
    19     1    25    11     3     5     0     1    -7.0   24.176  121.220    591.6    741.1    305.5    280.4      0.1    327.3     99.3   1874.0     88.3
    20     1    25    11     3     5     0     1    -7.0   25.766  122.895     33.4    988.9    293.0    292.0      0.0   1478.0     65.2      0.0     62.5
    21     1    25    11     3     5     0     1    -7.0   24.763  121.096    270.4    856.5    299.2    286.0      0.1    586.9     91.0    996.7    315.8
    22     1    25    11     3     5     0     1    -7.0   23.822  120.803    457.1    746.7    306.0    281.5      0.0    444.5     94.5   1938.8    268.3
    23     1    25    11     3     5     0     1    -7.0   23.811  120.683    502.7    754.7    306.4    282.6      0.0    700.3     97.2   1822.3    358.6
    24     1    25    11     3     5     0     1    -7.0   23.904  120.778    916.5    716.9    308.3    280.3      0.0    414.4     92.6   1822.9    212.9
    25     1    25    11     3     5     0     1    -7.0   26.068  123.101    150.3    975.7    292.9    290.8      0.0   1487.7     68.6      0.0     58.6
    26     1    25    11     3     5     0     1    -7.0   26.258  123.258    131.0    977.9    292.8    290.9      0.0   1782.8     64.1      0.0    131.8
    27     1    25    11     3     5     0     1    -7.0   25.549  122.625     29.8    987.6    293.8    292.8      0.0   1571.8     66.5      0.0     60.4
     1     1    25    11     3     4     0     2    -8.0   25.546  122.554     54.1   1014.2    294.0    295.2      0.0   1656.4     57.0      0.0     56.9
     2     1    25    11     3     4     0     2    -8.0   26.004  122.931     50.8   1016.6    293.3    294.7      0.0   1672.7     54.6      0.0    122.2
     3     1    25    11     3     4     0     2    -8.0   24.982  121.682     66.1    993.1    293.2    292.6      0.5    730.8     80.8    178.0     30.6
     4     1    25    11     3     4     0     2    -8.0   23.805  120.833    786.3    737.8    306.5    280.9      0.0    405.4     95.0   1945.0    235.6
     5     1    25    11     3     4     0     2    -8.0   24.170  121.311    191.6    942.9    293.9    289.0      1.1    272.2     96.8    487.4     15.5
     6     1    25    11     3     4     0     2    -8.0   23.908  120.759   1172.9    719.4    308.1    280.4      0.0    499.9     93.4   1774.6    243.3
     7     1    25    11     3     4     0     2    -8.0   26.270  123.050     20.6   1020.1    293.4    295.1      0.0   1674.4     54.7      0.0    103.0
     8     1    25    11     3     4     0     2    -8.0   26.393  123.224     26.1   1019.5    293.0    294.7      0.0   1784.9     55.5      0.0    135.1
     9     1    25    11     3     4     0     2    -8.0   26.062  122.736     23.6   1018.9    293.2    294.7      0.0   1488.2     59.2      0.0     49.6
    10     1    25    11     3     4     0     2    -8.0   25.523  122.513    296.6   1015.1    294.0    295.2      0.0   1648.5     57.6      0.0     56.8
    11     1    25    11     3     4     0     2    -8.0   25.999  122.926    299.1   1016.8    293.3    294.7      0.0   1668.4     54.6      0.0    119.9
    12     1    25    11     3     4     0     2    -8.0   25.027  121.688    311.9    993.2    293.3    292.7      0.4    771.8     79.7    181.3     31.9
    13     1    25    11     3     4     0     2    -8.0   23.805  120.833   1017.8    737.8    306.5    280.9      0.0    405.5     94.9   1945.0    235.7
    14     1    25    11     3     4     0     2    -8.0   24.195  121.331    408.2    955.4    293.5    289.7      1.1    316.8     94.9    405.2     16.5
    15     1    25    11     3     4     0     2    -8.0   23.908  120.759   1404.9    719.4    308.1    280.4      0.0    499.6     93.4   1775.0    243.3
    16     1    25    11     3     4     0     2    -8.0   26.251  123.030    266.1   1020.7    293.4    295.1      0.0   1658.6     54.9      0.0     96.3
    17     1    25    11     3     4     0     2    -8.0   26.362  123.196    272.3   1019.9    293.1    294.7      0.0   1791.2     55.9      0.0    137.3
    18     1    25    11     3     4     0     2    -8.0   26.045  122.715    268.0   1019.5    293.2    294.8      0.0   1500.2     59.3      0.0     49.0
    19     1    25    11     3     4     0     2    -8.0   24.129  121.238    442.8    753.3    304.6    280.8      0.1    352.3     99.4   1889.8     82.8
    20     1    25    11     3     4     0     2    -8.0   26.059  123.180     55.1    987.1    293.3    292.2      0.0   1702.3     61.1      0.0    177.6
    21     1    25    11     3     4     0     2    -8.0   24.720  121.268    480.7    821.8    300.0    283.5      0.4    307.4     97.7   1134.5     84.0
    22     1    25    11     3     4     0     2    -8.0   23.799  120.832    534.1    739.4    306.3    280.9      0.0    402.5     95.2   1948.7    233.0
    23     1    25    11     3     4     0     2    -8.0   23.764  120.672    212.5    792.5    305.0    285.2      0.0    772.0     89.1   1706.9    396.1
    24     1    25    11     3     4     0     2    -8.0   23.902  120.753    953.1    719.5    308.1    280.4      0.0    512.2     93.5   1761.8    248.3
    25     1    25    11     3     4     0     2    -8.0   26.358  123.387    177.2    973.1    293.2    290.9      0.0   1733.1     64.8      0.0    174.5
    26     1    25    11     3     4     0     2    -8.0   26.555  123.511    137.6    977.6    292.6    290.7      0.0   1749.2     62.5      0.0    128.0
    27     1    25    11     3     4     0     2    -8.0   25.827  122.955      0.0    992.0    294.0    293.3      0.0   1678.9     60.1      0.0     81.0
     1     1    25    11     3     3     0     3    -9.0   25.840  122.875     49.5   1015.8    293.8    295.1      0.0   1655.5     50.4      0.0     60.5
     2     1    25    11     3     3     0     3    -9.0   26.289  123.189     52.0   1016.9    293.2    294.6      0.0   1800.8     55.7      0.0    190.9
     3     1    25    11     3     3     0     3    -9.0   25.130  121.881      0.0   1019.9    294.1    295.8      0.3   1198.9     66.4     13.5     43.4
     4     1    25    11     3     3     0     3    -9.0   23.798  120.843    824.9    739.1    306.4    281.0      0.0    426.5     94.9   1900.6    232.7
     5     1    25    11     3     3     0     3    -9.0   24.270  121.408     35.7    993.2    293.2    292.6      1.0    536.9     83.5    206.8     21.8
     6     1    25    11     3     3     0     3    -9.0   23.905  120.735   1197.8    722.6    307.9    280.5      0.0    610.1     94.1   1718.6    274.3
     7     1    25    11     3     3     0     3    -9.0   26.544  123.306     20.4   1020.6    293.3    295.0      0.0   1831.0     56.2      0.0    170.7
     8     1    25    11     3     3     0     3    -9.0   26.681  123.449     25.6   1020.0    292.9    294.5      0.0   1738.7     53.6      0.0    119.0
     9     1    25    11     3     3     0     3    -9.0   26.345  123.030     24.9   1020.1    293.4    295.1      0.0   1564.2     51.8      0.0     69.1
    10     1    25    11     3     3     0     3    -9.0   25.814  122.833    292.1   1016.2    293.9    295.2      0.0   1654.8     50.8      0.0     59.5
    11     1    25    11     3     3     0     3    -9.0   26.283  123.184    300.1   1017.2    293.2    294.6      0.0   1800.4     55.6      0.0    190.5
    12     1    25    11     3     3     0     3    -9.0   25.183  121.901    249.9   1019.9    294.0    295.7      0.3   1197.7     66.8      8.7     42.2
    13     1    25    11     3     3     0     3    -9.0   23.798  120.843   1056.6    738.9    306.4    281.0      0.0    426.5     94.9   1901.5    232.9
    14     1    25    11     3     3     0     3    -9.0   24.300  121.441    267.9   1002.7    293.3    293.5      0.9    650.5     79.7    141.7     24.9
    15     1    25    11     3     3     0     3    -9.0   23.906  120.735   1430.4    722.6    307.9    280.5      0.0    609.9     94.1   1718.8    274.2
    16     1    25    11     3     3     0     3    -9.0   26.523  123.285    266.0   1021.2    293.3    295.1      0.0   1820.1     56.1      0.0    170.0
    17     1    25    11     3     3     0     3    -9.0   26.647  123.422    272.4   1020.4    292.9    294.6      0.0   1735.2     53.9      0.0    119.7
    18     1    25    11     3     3     0     3    -9.0   26.324  123.007    269.3   1020.8    293.5    295.2      0.0   1548.0     52.0      0.0     62.8
    19     1    25    11     3     3     0     3    -9.0   24.105  121.273    261.6    774.2    303.1    281.7      0.0    368.1     99.6   1844.8     66.3
    20     1    25    11     3     3     0     3    -9.0   26.350  123.435     40.0    989.3    292.9    292.0      0.0   1747.6     61.5      0.0    206.8
    21     1    25    11     3     3     0     3    -9.0   24.715  121.420    372.0    863.0    297.4    285.0      0.8    253.6     99.2    832.6     18.5
    22     1    25    11     3     3     0     3    -9.0   23.793  120.846    577.2    742.2    306.2    281.1      0.0    425.0     95.1   1883.5    229.4
    23     1    25    11     3     3     0     3    -9.0   23.735  120.663      0.0    829.2    304.1    288.1      0.0    844.6     78.9   1627.7    420.0
    24     1    25    11     3     3     0     3    -9.0   23.898  120.730    977.7    722.3    307.9    280.5      0.0    622.8     94.2   1709.1    278.2
    25     1    25    11     3     3     0     3    -9.0   26.646  123.642    164.5    975.0    292.9    290.8      0.0   1758.8     65.2      0.0    188.5
    26     1    25    11     3     3     0     3    -9.0   26.852  123.733    138.7    977.8    292.3    290.4      0.0   1695.0     63.1      0.0    138.4
    27     1    25    11     3     3     0     3    -9.0   26.125  123.286      8.8    992.7    293.7    293.1      0.0   1683.4     53.9      0.0     69.5
     1     1    25    11     3     2     0     2   -10.0   26.128  123.172     52.3   1016.8    293.6    295.0      0.0   1691.0     51.8      0.0     92.2
     2     1    25    11     3     2     0     2   -10.0   26.576  123.420     47.5   1018.0    293.0    294.5      0.0   1792.5     52.3      0.0     89.9
     3     1    25    11     3     2     0     2   -10.0   25.333  122.162      0.0   1020.2    294.5    296.2      0.0   1500.1     62.2      0.0     31.7
     4     1    25    11     3     2     0     2   -10.0   23.796  120.848    863.7    737.7    306.6    281.0      0.0    365.2     94.2   1877.6    158.6
     5     1    25    11     3     2     0     2   -10.0   24.389  121.553      0.0   1018.1    294.1    295.6      1.1   1034.6     69.1     24.8     23.3
     6     1    25    11     3     2     0     2   -10.0   23.901  120.716   1227.6    724.0    307.8    280.6      0.0    528.2     93.6   1673.7    206.6
     7     1    25    11     3     2     0     2   -10.0   26.818  123.535     19.1   1021.4    293.0    294.8      0.0   1796.7     52.2      0.0     89.7
     8     1    25    11     3     2     0     2   -10.0   26.964  123.653     22.5   1021.0    292.4    294.2      0.0   1680.6     53.8      0.0    104.6
     9     1    25    11     3     2     0     2   -10.0   26.616  123.305     24.9   1020.0    293.4    295.1      0.0   1779.9     52.9      0.0    129.5
    10     1    25    11     3     2     0     2   -10.0   26.101  123.132    293.6   1017.8    293.6    295.1      0.0   1678.5     51.8      0.0     80.3
    11     1    25    11     3     2     0     2   -10.0   26.570  123.415    295.7   1018.2    293.0    294.5      0.0   1793.8     52.3      0.0     90.0
    12     1    25    11     3     2     0     2   -10.0   25.394  122.190    250.0   1020.2    294.5    296.2      0.0   1538.7     61.4      0.0     32.3
    13     1    25    11     3     2     0     2   -10.0   23.796  120.848   1095.4    737.5    306.6    281.0      0.0    365.2     94.2   1879.5    158.7
    14     1    25    11     3     2     0     2   -10.0   24.437  121.610    249.9   1020.1    294.3    296.0      0.8   1157.6     66.3      9.2     26.8
    15     1    25    11     3     2     0     2   -10.0   23.901  120.716   1460.6    724.0    307.8    280.6      0.0    528.2     93.6   1673.7    206.6
    16     1    25    11     3     2     0     2   -10.0   26.794  123.515    265.1   1021.8    293.1    294.9      0.0   1791.0     52.4      0.0     94.1
    17     1    25    11     3     2     0     2   -10.0   26.930  123.627    269.9   1021.3    292.5    294.3      0.0   1707.1     53.3      0.0     98.9
    18     1    25    11     3     2     0     2   -10.0   26.592  123.282    269.3   1020.7    293.5    295.2      0.0   1772.9     53.0      0.0    127.1
    19     1    25    11     3     2     0     2   -10.0   24.098  121.320    101.8    798.6    301.2    282.4      0.0    327.1     99.4   1748.7     26.7
    20     1    25    11     3     2     0     2   -10.0   26.647  123.675     24.0    991.6    292.7    292.0      0.0   1727.6     58.4      0.0    102.3
    21     1    25    11     3     2     0     2   -10.0   24.787  121.582    131.6    946.4    293.6    289.0      1.4    304.8     95.0    279.2     11.7
    22     1    25    11     3     2     0     2   -10.0   23.793  120.856    619.1    742.4    306.2    281.1      0.0    364.8     94.3   1840.4    156.4
    23     1    25    11     3     2     0     2   -10.0   23.712  120.665      0.0    830.3    303.3    287.5      0.0    661.2     80.2   1600.7    290.8
    24     1    25    11     3     2     0     2   -10.0   23.894  120.711   1007.6    723.5    307.9    280.6      0.0    536.1     93.6   1666.6    209.0
    25     1    25    11     3     2     0     2   -10.0   26.942  123.877    142.9    978.0    292.6    290.7      0.0   1730.5     62.0      0.0     97.4
    26     1    25    11     3     2     0     2   -10.0   27.138  123.945    189.0    972.6    291.8    289.5      0.0   1560.1     65.8      0.0    145.0
    27     1    25    11     3     2     0     2   -10.0   26.414  123.581     38.0    989.5    293.5    292.6      0.0   1703.2     57.0      0.0    120.1
     1     1    25    11     3     1     0     1   -11.0   26.405  123.442     53.9   1016.5    293.4    294.8      0.0   1746.3     50.9      0.0     91.6
     2     1    25    11     3     1     0     1   -11.0   26.861  123.641     45.6   1018.8    292.5    294.1      0.0   1717.4     53.1      0.0     59.3
     3     1    25    11     3     1     0     1   -11.0   25.563  122.485      0.0   1021.0    294.8    296.6      0.0   1695.7     56.4      0.0     21.9
     4     1    25    11     3     1     0     1   -11.0   23.794  120.852    936.8    732.8    306.9    280.7      0.0    301.9     94.3   1860.0     85.9
     5     1    25    11     3     1     0     1   -11.0   24.558  121.798      0.0   1020.8    294.9    296.6      0.6   1399.2     61.1      1.9     18.7
     6     1    25    11     3     1     0     1   -11.0   23.895  120.695   1280.3    723.4    307.9    280.6      0.0    410.2     93.0   1629.0    123.7
     7     1    25    11     3     1     0     1   -11.0   27.089  123.744     17.7   1022.1    292.7    294.5      0.0   1777.1     52.3      0.0     52.4
     8     1    25    11     3     1     0     1   -11.0   27.234  123.857     21.4   1021.6    292.1    293.9      0.0   1594.7     55.0      0.0     83.5
     9     1    25    11     3     1     0     1   -11.0   26.885  123.553     23.9   1020.4    293.3    295.0      0.0   1787.4     50.5      0.0     72.7
    10     1    25    11     3     1     0     1   -11.0   26.376  123.404    295.4   1017.5    293.5    294.9      0.0   1743.3     51.1      0.0     90.1
    11     1    25    11     3     1     0     1   -11.0   26.853  123.636    293.7   1019.0    292.6    294.1      0.0   1725.9     53.0      0.0     58.6
    12     1    25    11     3     1     0     1   -11.0   25.630  122.514    250.0   1021.0    294.7    296.5      0.0   1709.4     55.8      0.0     21.2
    13     1    25    11     3     1     0     1   -11.0   23.794  120.851   1168.7    732.5    306.9    280.7      0.0    302.0     94.3   1863.2     85.9
    14     1    25    11     3     1     0     1   -11.0   24.616  121.876    250.0   1020.7    295.0    296.7      0.5   1479.0     60.2      0.0     18.5
    15     1    25    11     3     1     0     1   -11.0   23.896  120.695   1513.7    723.4    307.9    280.6      0.0    410.2     92.9   1629.0    123.8
    16     1    25    11     3     1     0     1   -11.0   27.062  123.724    264.0   1022.5    292.8    294.6      0.0   1799.1     51.8      0.0     50.6
    17     1    25    11     3     1     0     1   -11.0   27.200  123.832    268.9   1022.0    292.1    293.9      0.0   1584.8     55.4      0.0     81.2
    18     1    25    11     3     1     0     1   -11.0   26.859  123.531    268.7   1020.9    293.4    295.1      0.0   1782.1     50.8      0.0     74.5
    19     1    25    11     3     1     0     1   -11.0   24.113  121.368     24.6    836.3    299.2    284.1      0.0    317.8     97.9   1459.7     13.7
    20     1    25    11     3     1     0     1   -11.0   26.939  123.894     29.2    991.5    292.2    291.4      0.0   1599.4     60.5      0.0     76.6
    21     1    25    11     3     1     0     1   -11.0   24.911  121.782      0.0    998.4    293.9    293.7      1.0    997.9     73.4     50.3     11.4
    22     1    25    11     3     1     0     1   -11.0   23.795  120.867    692.0    739.9    306.4    281.0      0.0    299.5     94.4   1797.4     84.6
    23     1    25    11     3     1     0     1   -11.0   23.691  120.708     36.7    807.2    303.1    285.0      0.0    429.9     86.4   1732.9    140.6
    24     1    25    11     3     1     0     1   -11.0   23.888  120.689   1061.3    722.7    308.0    280.6      0.0    415.2     93.0   1622.7    125.4
    25     1    25    11     3     1     0     1   -11.0   27.231  124.095    165.3    975.9    292.0    290.0      0.0   1559.8     65.5      0.0     75.5
    26     1    25    11     3     1     0     1   -11.0   27.403  124.143    207.6    971.0    291.8    289.4      0.0   1690.6     63.3      0.0     87.3
    27     1    25    11     3     1     0     1   -11.0   26.696  123.857     32.5    990.0    293.3    292.4      0.0   1748.8     55.4      0.0    103.1
     1     1    25    11     3     0     0     0   -12.0   26.678  123.695     52.7   1017.4    293.4    294.8      0.0   1827.3     46.7      0.0     20.5
     2     1    25    11     3     0     0     0   -12.0   27.142  123.857     49.4   1018.9    292.0    293.6      0.0   1555.5     57.3      0.0     12.5
     3     1    25    11     3     0     0     0   -12.0   25.816  122.806      0.0   1021.6    294.7    296.5      0.0   1735.7     54.4      0.0      9.6
     4     1    25    11     3     0     0     0   -12.0   23.790  120.845   1039.3    721.3    307.6    280.1      0.0    240.9     95.4   1885.6     14.5
     5     1    25    11     3     0     0     0   -12.0   24.758  122.111      0.0   1019.6    295.4    297.0      0.2   1710.5     56.4      0.0      0.0
     6     1    25    11     3     0     0     0   -12.0   23.890  120.666   1352.2    722.7    308.1    280.7      0.0    256.9     92.0   1568.1     25.8
     7     1    25    11     3     0     0     0   -12.0   27.360  123.956     17.6   1022.7    292.1    294.0      0.0   1525.4     57.5      0.0     11.5
     8     1    25    11     3     0     0     0   -12.0   27.495  124.038     20.9   1022.3    292.1    293.9      0.0   1761.9     52.4      0.0     18.9
     9     1    25    11     3     0     0     0   -12.0   27.144  123.780     23.1   1022.0    293.2    295.0      0.0   1874.7     47.5      0.0     10.2
    10     1    25    11     3     0     0     0   -12.0   26.648  123.657    294.5   1018.1    293.4    294.9      0.0   1822.6     46.8      0.0     19.3
    11     1    25    11     3     0     0     0   -12.0   27.135  123.851    297.0   1019.2    292.0    293.6      0.0   1550.8     57.3      0.0     12.3
    12     1    25    11     3     0     0     0   -12.0   25.888  122.834    250.0   1021.6    294.5    296.3      0.0   1726.5     55.5      0.0     10.2
    13     1    25    11     3     0     0     0   -12.0   23.789  120.844   1270.7    720.8    307.7    280.1      0.0    241.3     95.4   1891.1     14.6
    14     1    25    11     3     0     0     0   -12.0   24.824  122.194    250.0   1019.6    295.4    297.1      0.0   1751.5     55.3      0.0      0.0
    15     1    25    11     3     0     0     0   -12.0   23.890  120.666   1586.2    722.7    308.1    280.7      0.0    256.9     92.0   1568.1     25.8
    16     1    25    11     3     0     0     0   -12.0   27.332  123.936    263.9   1023.1    292.1    294.0      0.0   1515.5     57.7      0.0     10.6
    17     1    25    11     3     0     0     0   -12.0   27.461  124.016    268.4   1022.6    292.1    293.9      0.0   1726.7     53.1      0.0     19.2
    18     1    25    11     3     0     0     0   -12.0   27.116  123.756    268.0   1022.6    293.2    295.1      0.0   1878.8     47.2      0.0     10.2
    19     1    25    11     3     0     0     0   -12.0   24.157  121.418     13.4    867.6    297.6    285.5      0.0    289.3     97.1   1168.2      0.0
    20     1    25    11     3     0     0     0   -12.0   27.224  124.108     60.8    988.4    291.9    290.9      0.0   1617.0     63.5      0.0     15.6
    21     1    25    11     3     0     0     0   -12.0   25.085  122.081      0.0    998.4    294.8    294.7      0.6   1471.3     63.5      0.0      0.0
    22     1    25    11     3     0     0     0   -12.0   23.799  120.873    798.1    732.3    306.7    280.5      0.0    230.9     95.6   1776.4     13.3
    23     1    25    11     3     0     0     0   -12.0   23.663  120.787    209.1    765.1    304.8    282.3      0.0    257.6     90.9   1998.3     19.4
    24     1    25    11     3     0     0     0   -12.0   23.882  120.659   1132.7    722.0    308.2    280.7      0.0    258.7     92.0   1560.9     26.2
    25     1    25    11     3     0     0     0   -12.0   27.509  124.307    205.1    971.8    291.8    289.5      0.0   1623.3     67.7      0.0     16.2
    26     1    25    11     3     0     0     0   -12.0   27.669  124.325    206.9    971.5    291.3    288.9      0.0   1702.3     64.9      0.0     26.1
    27     1    25    11     3     0     0     0   -12.0   26.973  124.116     46.1    989.3    293.2    292.3      0.0   1811.1     51.7      0.0     28.0
