    10     1
    GFSQ    25    11    16     0     0
    GFSQ    25    11    17     0     0
    GFSQ    25    11    18     0     0
    GFSQ    25    11    19     0     0
    GFSQ    25    11    20     0     0
    GFSQ    25    11    21     0     0
    GFSQ    25    11    22     0     0
    GFSQ    25    11    23     0     0
    GFSQ    25    11    24     0     0
    GFSQ    25    11    25     0     0
    27 BACKWARD OMEGA   
    25    11    24    10   24.217  120.620    10.0
    25    11    24    10   24.217  120.620    10.0
    25    11    24    10   24.217  120.620    10.0
    25    11    24    10   24.217  120.620    10.0
    25    11    24    10   24.217  120.620    10.0
    25    11    24    10   24.217  120.620    10.0
    25    11    24    10   24.217  120.620    10.0
    25    11    24    10   24.217  120.620    10.0
    25    11    24    10   24.217  120.620    10.0
    25    11    24    10   24.217  120.620    10.0
    25    11    24    10   24.217  120.620    10.0
    25    11    24    10   24.217  120.620    10.0
    25    11    24    10   24.217  120.620    10.0
    25    11    24    10   24.217  120.620    10.0
    25    11    24    10   24.217  120.620    10.0
    25    11    24    10   24.217  120.620    10.0
    25    11    24    10   24.217  120.620    10.0
    25    11    24    10   24.217  120.620    10.0
    25    11    24    10   24.217  120.620    10.0
    25    11    24    10   24.217  120.620    10.0
    25    11    24    10   24.217  120.620    10.0
    25    11    24    10   24.217  120.620    10.0
    25    11    24    10   24.217  120.620    10.0
    25    11    24    10   24.217  120.620    10.0
    25    11    24    10   24.217  120.620    10.0
    25    11    24    10   24.217  120.620    10.0
    25    11    24    10   24.217  120.620    10.0
     8 PRESSURE THETA    AIR_TEMP RAINFALL MIXDEPTH RELHUMID TERR_MSL SUN_FLUX
     1     1    25    11    24    10     0     2     0.0   24.217  120.620     10.0    996.7    295.7    295.4      0.0    425.3     80.4    159.6    235.1
     2     1    25    11    24    10     0     2     0.0   24.217  120.620     10.0   1005.3    294.7    295.1      0.0    496.6     86.1     84.4    234.7
     3     1    25    11    24    10     0     2     0.0   24.217  120.620     10.0    994.4    296.3    295.8      0.0    281.0     74.9    168.8    238.2
     4     1    25    11    24    10     0     2     0.0   24.217  120.620     10.0    925.4    298.8    292.1      0.0    180.9     74.8    818.4    240.8
     5     1    25    11    24    10     0     2     0.0   24.217  120.620     10.0    947.8    297.1    292.4      0.0    260.4     79.5    603.5    238.9
     6     1    25    11    24    10     0     2     0.0   24.217  120.620     10.0    939.4    298.3    293.0      0.0     43.2     72.5    671.8    239.8
     7     1    25    11    24    10     0     2     0.0   24.217  120.620     10.0   1014.2    294.3    295.5      0.0    548.2     86.3     11.2    235.0
     8     1    25    11    24    10     0     2     0.0   24.217  120.620     10.0   1015.2    294.1    295.3      0.0    583.0     87.0      1.5    228.7
     9     1    25    11    24    10     0     2     0.0   24.217  120.620     10.0   1012.8    295.0    296.1      0.0    526.9     81.6     13.3    237.1
    10     1    25    11    24    10     0     2     0.0   24.217  120.620     10.0    996.7    295.7    295.4      0.0    425.3     80.4    159.6    235.1
    11     1    25    11    24    10     0     2     0.0   24.217  120.620     10.0   1005.3    294.7    295.1      0.0    496.6     86.1     84.4    234.7
    12     1    25    11    24    10     0     2     0.0   24.217  120.620     10.0    994.4    296.3    295.8      0.0    281.0     74.9    168.8    238.2
    13     1    25    11    24    10     0     2     0.0   24.217  120.620     10.0    925.5    298.8    292.1      0.0    180.9     74.8    818.4    240.8
    14     1    25    11    24    10     0     2     0.0   24.217  120.620     10.0    947.8    297.1    292.4      0.0    260.4     79.5    603.5    238.9
    15     1    25    11    24    10     0     2     0.0   24.217  120.620     10.0    939.4    298.3    293.0      0.0     43.2     72.5    671.8    239.8
    16     1    25    11    24    10     0     2     0.0   24.217  120.620     10.0   1014.2    294.3    295.5      0.0    548.2     86.3     11.2    235.0
    17     1    25    11    24    10     0     2     0.0   24.217  120.620     10.0   1015.2    294.1    295.3      0.0    583.0     87.0      1.5    228.7
    18     1    25    11    24    10     0     2     0.0   24.217  120.620     10.0   1012.8    295.0    296.1      0.0    526.9     81.6     13.3    237.1
    19     1    25    11    24    10     0     2     0.0   24.217  120.620     10.0    968.6    296.0    293.3      0.0    425.3     87.2    159.6    235.1
    20     1    25    11    24    10     0     2     0.0   24.217  120.620     10.0    976.9    294.9    292.9      0.0    496.6     92.4     84.4    234.7
    21     1    25    11    24    10     0     2     0.0   24.217  120.620     10.0    966.4    297.0    294.1      0.0    281.0     80.2    168.8    238.2
    22     1    25    11    24    10     0     2     0.0   24.217  120.620     10.0    899.7    300.1    291.0      0.0    180.9     75.6    818.4    240.8
    23     1    25    11    24    10     0     2     0.0   24.217  120.620     10.0    921.3    298.2    291.2      0.0    260.4     81.3    603.5    238.9
    24     1    25    11    24    10     0     2     0.0   24.217  120.620     10.0    913.3    300.2    292.5      0.0     43.2     71.0    671.8    239.8
    25     1    25    11    24    10     0     2     0.0   24.217  120.620     10.0    985.4    294.3    293.0      0.0    548.2     93.8     11.2    235.0
    26     1    25    11    24    10     0     2     0.0   24.217  120.620     10.0    986.4    294.1    292.9      0.0    583.0     93.7      1.5    228.7
    27     1    25    11    24    10     0     2     0.0   24.217  120.620     10.0    984.1    294.9    293.6      0.0    526.9     90.2     13.3    237.1
     1     1    25    11    24     9     0     3    -1.0   24.336  120.615      6.6    997.0    295.5    295.2      0.0    482.1     82.9    153.8    281.3
     2     1    25    11    24     9     0     3    -1.0   24.394  120.660      0.0   1013.2    294.6    295.7      0.0    573.2     85.1     14.2    274.1
     3     1    25    11    24     9     0     3    -1.0   24.271  120.555      0.0    995.9    296.4    296.1      0.0    372.4     75.9    158.4    283.7
     4     1    25    11    24     9     0     3    -1.0   24.213  120.564     34.9    918.3    299.5    292.1      0.0    213.9     75.8    859.6    289.1
     5     1    25    11    24     9     0     3    -1.0   24.250  120.605     12.8    953.0    297.3    293.1      0.0    317.4     79.8    548.8    282.5
     6     1    25    11    24     9     0     3    -1.0   24.160  120.536      0.0    947.1    298.9    294.2      0.0     60.3     70.4    594.0    285.1
     7     1    25    11    24     9     0     3    -1.0   24.457  120.678     12.9   1014.6    294.1    295.3      0.0    558.1     87.7      0.0    279.9
     8     1    25    11    24     9     0     3    -1.0   24.466  120.695     10.1   1014.9    294.1    295.4      0.0    616.1     86.6      0.0    262.1
     9     1    25    11    24     9     0     3    -1.0   24.416  120.629     11.6   1013.1    294.4    295.5      0.0    529.2     86.3     18.6    281.4
    10     1    25    11    24     9     0     3    -1.0   24.330  120.612    248.5    996.8    295.5    295.2      0.0    481.5     82.8    155.0    281.3
    11     1    25    11    24     9     0     3    -1.0   24.394  120.660    249.9   1013.2    294.6    295.7      0.0    573.2     85.1     14.2    274.1
    12     1    25    11    24     9     0     3    -1.0   24.271  120.555    248.4    995.9    296.4    296.1      0.0    372.4     75.9    158.4    283.7
    13     1    25    11    24     9     0     3    -1.0   24.210  120.563    273.1    918.4    299.5    292.1      0.0    213.4     75.7    862.0    289.1
    14     1    25    11    24     9     0     3    -1.0   24.244  120.603    255.7    952.1    297.3    293.1      0.0    312.5     79.9    558.3    282.8
    15     1    25    11    24     9     0     3    -1.0   24.158  120.537    244.0    946.4    298.9    294.2      0.0     59.7     70.4    599.8    285.2
    16     1    25    11    24     9     0     3    -1.0   24.455  120.677    252.7   1014.9    294.1    295.4      0.0    557.8     87.7      0.0    279.9
    17     1    25    11    24     9     0     3    -1.0   24.466  120.695    250.1   1014.9    294.1    295.4      0.0    616.1     86.6      0.0    262.1
    18     1    25    11    24     9     0     3    -1.0   24.415  120.629    251.5   1013.3    294.5    295.6      0.0    529.3     86.3     18.6    281.4
    19     1    25    11    24     9     0     3    -1.0   24.410  120.671     13.3    968.4    295.5    292.8      0.0    484.0     91.1    152.0    281.3
    20     1    25    11    24     9     0     3    -1.0   24.488  120.729      0.0    985.5    294.7    293.4      0.0    576.2     89.6     23.0    270.7
    21     1    25    11    24     9     0     3    -1.0   24.342  120.586      9.1    964.0    296.8    293.7      0.0    394.0     82.7    197.3    282.2
    22     1    25    11    24     9     0     3    -1.0   24.231  120.574     16.6    892.4    300.2    290.5      0.0    203.3     76.9    880.8    289.4
    23     1    25    11    24     9     0     3    -1.0   24.312  120.646      0.0    939.1    297.7    292.3      0.0    363.1     81.5    464.0    279.7
    24     1    25    11    24     9     0     3    -1.0   24.190  120.516      0.0    931.3    299.8    293.7      0.0     85.3     70.5    536.4    284.3
    25     1    25    11    24     9     0     3    -1.0   24.535  120.739     20.6    982.7    294.3    292.8      0.0    566.0     93.5     19.3    277.6
    26     1    25    11    24     9     0     3    -1.0   24.545  120.756     18.7    985.1    294.1    292.8      0.0    618.4     92.4      0.0    249.9
    27     1    25    11    24     9     0     3    -1.0   24.503  120.688     38.6    980.7    294.5    292.8      0.0    523.9     93.7     23.8    281.3
     1     1    25    11    24     8     0     2    -2.0   24.547  120.686      0.0   1004.6    295.3    295.7      0.0    570.3     81.9     85.9    383.3
     2     1    25    11    24     8     0     2    -2.0   24.683  120.790      0.0   1013.9    294.6    295.8      0.0    616.0     83.9      9.8    374.1
     3     1    25    11    24     8     0     2    -2.0   24.440  120.578      0.0    993.5    296.8    296.2      0.0    599.6     74.6    185.4    392.4
     4     1    25    11    24     8     0     2    -2.0   24.290  120.570      0.0    927.5    299.8    293.3      0.0    471.8     70.0    792.9    400.4
     5     1    25    11    24     8     0     2    -2.0   24.378  120.654      0.0    985.4    297.6    296.3      0.0    658.7     68.8    268.9    389.0
     6     1    25    11    24     8     0     2    -2.0   24.189  120.500      0.0    958.6    299.7    296.1      0.0    478.1     62.5    486.6    398.9
     7     1    25    11    24     8     0     2    -2.0   24.778  120.815      9.9   1014.7    294.3    295.5      0.0    613.1     85.9      0.0    363.3
     8     1    25    11    24     8     0     2    -2.0   24.790  120.845      9.8   1015.2    294.1    295.3      0.0    642.0     85.3      0.0    335.7
     9     1    25    11    24     8     0     2    -2.0   24.722  120.744      6.0   1011.0    294.5    295.5      0.0    574.4     85.8     30.6    386.6
    10     1    25    11    24     8     0     2    -2.0   24.540  120.683    249.2   1004.7    295.3    295.7      0.0    571.0     82.0     84.2    383.3
    11     1    25    11    24     8     0     2    -2.0   24.683  120.790    249.9   1013.9    294.6    295.8      0.0    616.0     83.9      9.8    374.1
    12     1    25    11    24     8     0     2    -2.0   24.440  120.578    248.1    993.5    296.8    296.2      0.0    599.6     74.6    185.4    392.4
    13     1    25    11    24     8     0     2    -2.0   24.286  120.569    242.1    927.3    299.8    293.3      0.0    472.9     69.9    794.3    400.5
    14     1    25    11    24     8     0     2    -2.0   24.371  120.651    247.1    983.1    297.6    296.1      0.0    648.3     69.0    289.0    389.3
    15     1    25    11    24     8     0     2    -2.0   24.187  120.501    245.1    958.2    299.8    296.1      0.0    476.5     62.5    489.6    399.0
    16     1    25    11    24     8     0     2    -2.0   24.775  120.813    250.0   1014.7    294.3    295.5      0.0    612.8     85.9      0.0    363.6
    17     1    25    11    24     8     0     2    -2.0   24.790  120.845    250.0   1015.2    294.1    295.3      0.0    642.0     85.3      0.0    335.7
    18     1    25    11    24     8     0     2    -2.0   24.719  120.742    249.7   1011.1    294.5    295.5      0.0    573.9     85.8     30.4    386.7
    19     1    25    11    24     8     0     2    -2.0   24.705  120.810      0.0    982.9    295.7    294.3      0.0    644.0     82.1     69.4    383.2
    20     1    25    11    24     8     0     2    -2.0   24.839  120.941      0.0    986.6    294.6    293.5      0.0    613.7     87.8      8.9    366.7
    21     1    25    11    24     8     0     2    -2.0   24.568  120.658      5.7    964.1    296.8    293.7      0.0    602.8     81.6    198.7    388.8
    22     1    25    11    24     8     0     2    -2.0   24.339  120.601      0.0    901.9    300.3    291.4      0.0    437.8     71.7    852.8    400.7
    23     1    25    11    24     8     0     2    -2.0   24.498  120.747      0.0    970.8    297.1    294.6      0.0    637.4     76.1    219.8    384.3
    24     1    25    11    24     8     0     2    -2.0   24.269  120.475      0.0    942.4    299.7    294.6      0.0    529.3     66.8    447.0    397.8
    25     1    25    11    24     8     0     2    -2.0   24.924  120.941     23.9    984.2    294.3    292.9      0.0    623.6     91.6      1.0    375.8
    26     1    25    11    24     8     0     2    -2.0   24.933  120.978     35.8    983.5    294.0    292.6      0.0    642.6     90.5      0.0    347.8
    27     1    25    11    24     8     0     2    -2.0   24.870  120.863     20.1    982.2    294.6    293.1      0.0    577.0     90.8     22.4    382.0
     1     1    25    11    24     7     0     1    -3.0   24.810  120.778      0.0   1011.2    295.3    296.3      0.0    668.5     79.3     31.2    491.1
     2     1    25    11    24     7     0     1    -3.0   24.975  120.945      1.3   1014.9    294.4    295.6      0.0    630.3     84.1      0.0    468.2
     3     1    25    11    24     7     0     1    -3.0   24.629  120.613      0.0    999.0    296.4    296.3      0.0    673.2     75.4    131.4    493.0
     4     1    25    11    24     7     0     1    -3.0   24.370  120.568      0.0    938.3    300.1    294.5      0.0    678.7     64.4    686.8    507.0
     5     1    25    11    24     7     0     1    -3.0   24.536  120.699      0.0   1002.2    297.2    297.4      0.0    810.6     67.2    117.2    496.4
     6     1    25    11    24     7     0     1    -3.0   24.227  120.442      0.0    975.8    300.2    298.1      0.0    909.2     55.6    325.9    509.8
     7     1    25    11    24     7     0     1    -3.0   25.098  120.961      9.0   1015.2    294.2    295.5      0.0    643.7     84.7      0.8    459.4
     8     1    25    11    24     7     0     1    -3.0   25.102  121.007      9.3   1016.1    293.9    295.2      0.0    651.5     83.4      0.0    429.5
     9     1    25    11    24     7     0     1    -3.0   25.032  120.861      0.0   1014.4    294.3    295.6      0.0    604.3     85.8      0.0    476.1
    10     1    25    11    24     7     0     1    -3.0   24.803  120.774    249.7   1011.2    295.3    296.3      0.0    666.9     79.3     31.3    491.2
    11     1    25    11    24     7     0     1    -3.0   24.975  120.945    251.3   1014.9    294.4    295.6      0.0    630.3     84.1      0.0    468.2
    12     1    25    11    24     7     0     1    -3.0   24.629  120.613    248.7    999.0    296.4    296.3      0.0    673.2     75.4    131.4    493.0
    13     1    25    11    24     7     0     1    -3.0   24.366  120.566    243.1    938.4    300.1    294.6      0.0    681.1     64.3    686.3    507.2
    14     1    25    11    24     7     0     1    -3.0   24.527  120.695    248.8   1002.2    297.3    297.5      0.0    820.8     66.4    117.1    496.7
    15     1    25    11    24     7     0     1    -3.0   24.225  120.444    246.7    975.4    300.3    298.1      0.0    908.5     55.5    329.5    509.9
    16     1    25    11    24     7     0     1    -3.0   25.094  120.958    250.0   1015.2    294.2    295.5      0.0    643.6     84.7      0.8    459.7
    17     1    25    11    24     7     0     1    -3.0   25.102  121.007    250.0   1016.1    293.9    295.2      0.0    651.5     83.4      0.0    429.5
    18     1    25    11    24     7     0     1    -3.0   25.029  120.860    250.0   1014.4    294.3    295.6      0.0    603.7     85.8      0.0    476.2
    19     1    25    11    24     7     0     1    -3.0   25.006  120.979      0.0    986.4    295.2    294.1      0.0    657.3     84.8     27.7    483.9
    20     1    25    11    24     7     0     1    -3.0   25.144  121.195      0.0    988.5    294.5    293.6      0.0    571.0     86.4      0.8    464.0
    21     1    25    11    24     7     0     1    -3.0   24.820  120.748      0.0    972.5    296.5    294.1      0.0    657.1     78.8    179.2    494.1
    22     1    25    11    24     7     0     1    -3.0   24.453  120.622      0.0    921.5    300.2    293.1      0.0    673.6     65.3    720.5    508.5
    23     1    25    11    24     7     0     1    -3.0   24.716  120.866      0.0    985.1    296.5    295.3      0.0    716.0     77.0     77.5    489.4
    24     1    25    11    24     7     0     1    -3.0   24.367  120.431      0.0    957.9    299.5    295.8      0.0    883.5     63.2    310.3    509.0
    25     1    25    11    24     7     0     1    -3.0   25.289  121.172     34.2    983.8    294.2    292.9      0.0    641.7     89.4      0.0    465.0
    26     1    25    11    24     7     0     1    -3.0   25.262  121.216     56.4    982.3    294.0    292.5      0.0    664.2     90.0      0.0    443.8
    27     1    25    11    24     7     0     1    -3.0   25.235  121.054     14.3    984.7    294.5    293.2      0.0    645.5     89.5      8.6    480.5
     1     1    25    11    24     6     0     0    -4.0   25.092  120.902      0.0   1013.8    294.7    295.9      0.0    666.1     82.9      6.5    581.9
     2     1    25    11    24     6     0     0    -4.0   25.247  121.120      3.5   1016.2    294.2    295.6      0.0    634.4     81.5      0.0    569.8
     3     1    25    11    24     6     0     0    -4.0   24.862  120.670      0.0   1010.2    295.2    296.0      0.0    582.2     81.5     33.9    596.7
     4     1    25    11    24     6     0     0    -4.0   24.474  120.565      0.0    958.6    299.9    296.1      0.0    849.7     59.8    501.7    611.2
     5     1    25    11    24     6     0     0    -4.0   24.746  120.776      0.0   1010.2    296.0    296.9      0.0    738.8     75.9     41.9    598.8
     6     1    25    11    24     6     0     0    -4.0   24.287  120.373      0.0    986.6    300.1    298.9      0.0   1130.5     53.9    232.4    620.0
     7     1    25    11    24     6     0     0    -4.0   25.405  121.117      9.9   1016.1    294.0    295.3      0.0    648.4     83.1      0.0    559.1
     8     1    25    11    24     6     0     0    -4.0   25.392  121.177      8.4   1016.2    293.7    295.0      0.0    704.6     81.6      0.0    509.4
     9     1    25    11    24     6     0     0    -4.0   25.353  121.000      0.0   1015.1    294.3    295.5      0.0    653.2     84.3      1.8    564.9
    10     1    25    11    24     6     0     0    -4.0   25.085  120.898    249.9   1013.8    294.8    295.9      0.0    667.4     82.7      7.0    582.5
    11     1    25    11    24     6     0     0    -4.0   25.247  121.120    253.5   1016.2    294.2    295.6      0.0    634.4     81.5      0.0    569.8
    12     1    25    11    24     6     0     0    -4.0   24.862  120.670    249.7   1010.2    295.2    296.0      0.0    582.2     81.5     33.9    596.7
    13     1    25    11    24     6     0     0    -4.0   24.469  120.563    244.9    958.1    299.9    296.1      0.0    847.3     59.8    505.5    610.9
    14     1    25    11    24     6     0     0    -4.0   24.735  120.769    249.6   1010.1    296.1    296.9      0.0    745.9     75.7     42.8    599.9
    15     1    25    11    24     6     0     0    -4.0   24.284  120.373    247.7    986.5    300.1    298.9      0.0   1135.7     53.8    232.9    620.0
    16     1    25    11    24     6     0     0    -4.0   25.402  121.115    250.8   1016.1    294.0    295.3      0.0    648.4     83.1      0.0    558.6
    17     1    25    11    24     6     0     0    -4.0   25.392  121.177    250.0   1016.2    293.7    295.0      0.0    704.5     81.6      0.0    509.4
    18     1    25    11    24     6     0     0    -4.0   25.350  120.998    250.0   1015.1    294.3    295.5      0.0    653.3     84.3      1.8    565.3
    19     1    25    11    24     6     0     0    -4.0   25.300  121.214      0.0    989.1    295.0    294.1      0.0    535.3     83.8      7.7    583.3
    20     1    25    11    24     6     0     0    -4.0   25.369  121.420      0.0    989.0    294.4    293.5      0.0    637.2     85.3      0.0    554.3
    21     1    25    11    24     6     0     0    -4.0   25.099  120.863      0.0    987.3    295.9    294.8      0.0    778.8     78.7     43.8    606.2
    22     1    25    11    24     6     0     0    -4.0   24.594  120.636      0.0    968.6    299.5    296.7      0.0    997.1     55.5    350.6    615.4
    23     1    25    11    24     6     0     0    -4.0   24.936  121.060      0.0    983.8    295.9    294.5      0.0    557.9     80.7     57.9    574.1
    24     1    25    11    24     6     0     0    -4.0   24.495  120.393      0.0    972.2    298.5    296.1      0.0    939.7     64.9    227.4    612.1
    25     1    25    11    24     6     0     0    -4.0   25.587  121.402     39.9    983.9    294.1    292.8      0.0    672.4     88.9      0.0    562.1
    26     1    25    11    24     6     0     0    -4.0   25.530  121.436     65.7    981.0    293.8    292.2      0.0    739.6     90.0      0.0    517.1
    27     1    25    11    24     6     0     0    -4.0   25.583  121.278      7.5    987.0    294.5    293.4      0.0    605.7     87.7      0.0    578.9
     1     1    25    11    24     5     0     1    -5.0   25.371  121.060      0.7   1016.3    294.4    295.7      0.0    569.4     82.8      0.0    558.5
     2     1    25    11    24     5     0     1    -5.0   25.480  121.298      1.4   1016.7    294.1    295.5      0.0    675.8     78.8      0.0    528.3
     3     1    25    11    24     5     0     1    -5.0   25.136  120.759      0.0   1013.5    294.9    296.1      0.0    620.1     79.0     12.9    579.4
     4     1    25    11    24     5     0     1    -5.0   24.614  120.571      0.0    991.9    297.9    297.1      0.0    777.9     60.2    209.3    585.3
     5     1    25    11    24     5     0     1    -5.0   24.979  120.905      0.0   1015.2    294.9    296.1      0.0    444.2     81.4      0.0    565.3
     6     1    25    11    24     5     0     1    -5.0   24.385  120.322      0.0    993.5    298.1    297.6      0.0    836.1     62.1    184.4    593.0
     7     1    25    11    24     5     0     1    -5.0   25.682  121.288      8.6   1016.7    293.8    295.2      0.0    696.5     80.5      0.0    514.3
     8     1    25    11    24     5     0     1    -5.0   25.656  121.351      5.1   1016.7    293.5    294.9      0.0    739.5     79.6      0.0    448.2
     9     1    25    11    24     5     0     1    -5.0   25.656  121.155      0.7   1016.6    294.0    295.4      0.0    633.5     83.5      0.0    550.5
    10     1    25    11    24     5     0     1    -5.0   25.364  121.055    250.7   1016.3    294.4    295.7      0.0    568.9     82.8      0.0    558.4
    11     1    25    11    24     5     0     1    -5.0   25.480  121.298    251.4   1016.7    294.1    295.5      0.0    675.8     78.8      0.0    528.3
    12     1    25    11    24     5     0     1    -5.0   25.136  120.759    249.9   1013.5    294.9    296.1      0.0    620.1     79.0     12.9    579.4
    13     1    25    11    24     5     0     1    -5.0   24.608  120.568    247.8    990.9    297.9    297.1      0.0    774.1     60.4    218.5    585.1
    14     1    25    11    24     5     0     1    -5.0   24.966  120.894    250.0   1015.1    294.9    296.2      0.0    443.8     81.5      0.0    565.0
    15     1    25    11    24     5     0     1    -5.0   24.381  120.322    248.2    993.5    298.2    297.6      0.0    841.3     62.0    184.0    593.1
    16     1    25    11    24     5     0     1    -5.0   25.680  121.285    250.0   1016.7    293.8    295.2      0.0    696.2     80.5      0.0    514.9
    17     1    25    11    24     5     0     1    -5.0   25.656  121.351    250.0   1016.7    293.5    294.9      0.0    739.5     79.6      0.0    448.2
    18     1    25    11    24     5     0     1    -5.0   25.653  121.153    250.7   1016.6    294.0    295.4      0.0    633.1     83.5      0.0    550.1
    19     1    25    11    24     5     0     1    -5.0   25.495  121.444      0.0    991.1    295.0    294.2      0.0    552.7     82.9      0.0    546.6
    20     1    25    11    24     5     0     1    -5.0   25.551  121.614      0.0    989.7    294.3    293.5      0.1    660.4     84.4      0.0    528.9
    21     1    25    11    24     5     0     1    -5.0   25.373  121.027      0.0    988.8    295.2    294.3      0.0    554.1     83.7     11.4    562.5
    22     1    25    11    24     5     0     1    -5.0   24.760  120.671      0.0    986.2    297.4    296.2      0.0    880.3     61.0    101.3    589.3
    23     1    25    11    24     5     0     1    -5.0   25.033  121.290      0.0    985.2    295.9    294.7      0.0    607.4     79.1     42.3    554.3
    24     1    25    11    24     5     0     1    -5.0   24.665  120.403      0.0    980.9    296.7    295.1      0.0    742.1     72.2    137.9    563.8
    25     1    25    11    24     5     0     1    -5.0   25.822  121.611     37.0    984.7    294.0    292.7      0.0    701.6     87.8      0.0    519.9
    26     1    25    11    24     5     0     1    -5.0   25.762  121.643     46.8    983.6    293.7    292.3      0.0    758.5     87.6      0.0    460.2
    27     1    25    11    24     5     0     1    -5.0   25.855  121.501      0.0    989.1    294.2    293.3      0.0    634.5     86.8      0.0    544.6
     1     1    25    11    24     4     0     2    -6.0   25.612  121.235      0.0   1017.1    294.2    295.6      0.0    612.3     80.2      0.0    527.3
     2     1    25    11    24     4     0     2    -6.0   25.680  121.481      0.0   1017.2    294.0    295.4      0.0    702.6     77.9      0.0    508.9
     3     1    25    11    24     4     0     2    -6.0   25.383  120.880      0.0   1015.1    294.7    296.0      0.0    548.4     82.2      2.7    529.8
     4     1    25    11    24     4     0     2    -6.0   24.763  120.593      0.0   1008.2    296.4    297.1      0.0    661.5     62.2     67.7    562.2
     5     1    25    11    24     4     0     2    -6.0   25.173  121.067      0.0   1016.5    294.8    296.2      0.0    482.2     80.1      0.0    538.6
     6     1    25    11    24     4     0     2    -6.0   24.498  120.294      0.0   1000.8    296.6    296.7      0.0    644.9     68.7    128.3    560.8
     7     1    25    11    24     4     0     2    -6.0   25.924  121.461      2.5   1017.2    293.7    295.2      0.0    727.1     78.5      0.0    484.1
     8     1    25    11    24     4     0     2    -6.0   25.894  121.512      0.0   1017.2    293.3    294.7      0.0    785.4     78.2      0.0    373.4
     9     1    25    11    24     4     0     2    -6.0   25.924  121.330      0.0   1017.2    293.8    295.3      0.0    674.1     80.5      0.0    514.7
    10     1    25    11    24     4     0     2    -6.0   25.606  121.229    250.0   1017.1    294.2    295.6      0.0    610.9     80.3      0.0    527.7
    11     1    25    11    24     4     0     2    -6.0   25.680  121.481    250.0   1017.2    294.0    295.4      0.0    702.6     77.9      0.0    508.9
    12     1    25    11    24     4     0     2    -6.0   25.383  120.880    250.0   1015.1    294.7    296.0      0.0    548.4     82.2      2.7    529.8
    13     1    25    11    24     4     0     2    -6.0   24.757  120.590    249.3   1008.1    296.4    297.1      0.0    659.2     62.2     68.2    562.0
    14     1    25    11    24     4     0     2    -6.0   25.163  121.054    250.0   1016.3    294.8    296.2      0.0    482.5     80.3      1.8    539.0
    15     1    25    11    24     4     0     2    -6.0   24.492  120.293    248.7   1000.7    296.7    296.7      0.0    644.7     68.6    129.2    561.3
    16     1    25    11    24     4     0     2    -6.0   25.922  121.458    250.0   1017.2    293.7    295.2      0.0    726.8     78.5      0.0    484.9
    17     1    25    11    24     4     0     2    -6.0   25.894  121.512    250.0   1017.2    293.3    294.7      0.0    785.3     78.2      0.0    373.4
    18     1    25    11    24     4     0     2    -6.0   25.922  121.328    250.0   1017.2    293.8    295.3      0.0    673.8     80.5      0.0    515.2
    19     1    25    11    24     4     0     2    -6.0   25.617  121.636      0.0    991.9    294.8    294.1      0.2    585.7     82.0      0.0    517.7
    20     1    25    11    24     4     0     2    -6.0   25.710  121.804      0.0    989.7    294.1    293.2      0.2    692.2     84.6      0.0    506.8
    21     1    25    11    24     4     0     2    -6.0   25.592  121.226      0.0    991.5    295.0    294.3      0.0    461.8     83.7      6.9    541.0
    22     1    25    11    24     4     0     2    -6.0   24.914  120.743      0.0    986.6    296.1    295.0      0.0    670.2     69.2     52.9    563.1
    23     1    25    11    24     4     0     2    -6.0   25.020  121.493      0.0    991.2    296.0    295.2      0.0    679.9     76.0     10.5    545.2
    24     1    25    11    24     4     0     2    -6.0   24.830  120.440      0.0    984.3    295.7    294.3      0.0    505.3     73.4     71.3    544.2
    25     1    25    11    24     4     0     2    -6.0   26.023  121.818     17.3    987.5    293.9    292.8      0.0    738.4     85.8      0.0    472.7
    26     1    25    11    24     4     0     2    -6.0   25.968  121.844      8.9    988.4    293.6    292.6      0.0    820.7     84.0      0.0    401.4
    27     1    25    11    24     4     0     2    -6.0   26.065  121.706      0.0    990.3    294.1    293.2      0.0    650.7     85.9      0.0    514.5
     1     1    25    11    24     3     0     3    -7.0   25.815  121.413      0.0   1017.7    294.1    295.6      0.0    623.2     78.9      0.0    500.8
     2     1    25    11    24     3     0     3    -7.0   25.856  121.673      0.0   1017.7    294.0    295.4      0.0    760.3     76.3      0.0    452.9
     3     1    25    11    24     3     0     3    -7.0   25.629  121.035      0.0   1017.4    294.2    295.7      0.0    524.6     83.5      0.0    516.0
     4     1    25    11    24     3     0     3    -7.0   24.891  120.633      0.0   1012.8    295.8    296.9      0.0    554.0     62.3     30.9    540.0
     5     1    25    11    24     3     0     3    -7.0   25.321  121.242      0.0   1017.1    294.9    296.3      0.1    503.4     77.7      0.0    510.4
     6     1    25    11    24     3     0     3    -7.0   24.611  120.280      0.0   1007.1    295.8    296.4      0.0    549.5     72.4     79.0    525.7
     7     1    25    11    24     3     0     3    -7.0   26.138  121.625      0.0   1017.7    293.5    295.0      0.0    785.2     77.0      0.0    421.8
     8     1    25    11    24     3     0     3    -7.0   26.120  121.659      0.0   1017.7    293.0    294.5      0.0    839.1     76.9      0.0    352.8
     9     1    25    11    24     3     0     3    -7.0   26.156  121.503      0.0   1017.7    293.8    295.2      0.0    690.8     78.3      0.0    495.9
    10     1    25    11    24     3     0     3    -7.0   25.811  121.407    250.0   1017.7    294.1    295.6      0.0    622.4     78.9      0.0    500.8
    11     1    25    11    24     3     0     3    -7.0   25.856  121.673    250.0   1017.7    294.0    295.4      0.0    760.3     76.3      0.0    452.9
    12     1    25    11    24     3     0     3    -7.0   25.629  121.035    250.0   1017.4    294.2    295.7      0.0    524.6     83.5      0.0    516.0
    13     1    25    11    24     3     0     3    -7.0   24.886  120.629    249.7   1012.6    295.8    296.9      0.0    555.4     62.4     32.6    539.9
    14     1    25    11    24     3     0     3    -7.0   25.313  121.229    250.0   1017.0    294.9    296.3      0.0    495.0     77.9      0.0    511.2
    15     1    25    11    24     3     0     3    -7.0   24.605  120.278    249.2   1007.1    295.8    296.4      0.0    547.1     72.4     79.6    526.6
    16     1    25    11    24     3     0     3    -7.0   26.136  121.623    250.0   1017.7    293.5    295.0      0.0    784.4     77.0      0.0    422.0
    17     1    25    11    24     3     0     3    -7.0   26.120  121.659    250.0   1017.7    293.0    294.5      0.0    839.0     76.9      0.0    352.8
    18     1    25    11    24     3     0     3    -7.0   26.154  121.501    250.0   1017.7    293.8    295.2      0.0    690.3     78.4      0.0    495.9
    19     1    25    11    24     3     0     3    -7.0   25.710  121.787      0.0    992.2    294.7    294.0      0.3    525.8     81.1      0.0    504.3
    20     1    25    11    24     3     0     3    -7.0   25.851  121.983      0.0    990.7    294.0    293.2      0.1    746.9     83.4      0.0    468.8
    21     1    25    11    24     3     0     3    -7.0   25.727  121.447      0.0    993.1    295.3    294.7      0.0    432.7     81.0      0.0    519.4
    22     1    25    11    24     3     0     3    -7.0   25.030  120.830      0.0    986.5    295.9    294.8      0.0    537.2     73.2     45.2    529.6
    23     1    25    11    24     3     0     3    -7.0   24.933  121.664      0.0    989.7    296.1    295.3      0.0    816.7     75.1      1.4    532.5
    24     1    25    11    24     3     0     3    -7.0   24.966  120.495      0.0    985.2    295.4    294.1      0.0    413.6     69.4     33.2    531.8
    25     1    25    11    24     3     0     3    -7.0   26.198  122.024      6.6    989.1    293.8    292.8      0.0    804.3     83.6      0.0    438.2
    26     1    25    11    24     3     0     3    -7.0   26.154  122.039      0.0    991.4    293.4    292.6      0.0    830.7     82.4      0.0    405.5
    27     1    25    11    24     3     0     3    -7.0   26.242  121.918      0.0    990.4    293.9    293.1      0.0    688.2     85.4      0.0    482.1
     1     1    25    11    24     2     0     2    -8.0   25.985  121.600      0.0   1018.2    294.0    295.5      0.4    666.7     77.3      0.0    332.5
     2     1    25    11    24     2     0     2    -8.0   26.017  121.860      0.0   1018.2    293.8    295.3      0.0    779.4     75.4      0.0    299.1
     3     1    25    11    24     2     0     2    -8.0   25.852  121.209      0.0   1017.5    294.3    295.7      0.1    558.6     80.6      0.0    347.9
     4     1    25    11    24     2     0     2    -8.0   24.983  120.685      0.0   1014.0    295.2    296.4      0.0    407.7     64.9     19.0    364.1
     5     1    25    11    24     2     0     2    -8.0   25.425  121.398      0.0   1017.5    294.9    296.4      0.4    564.5     75.1      0.0    344.8
     6     1    25    11    24     2     0     2    -8.0   24.722  120.286      0.0   1010.6    294.9    295.8      0.0    425.8     73.9     50.8    358.0
     7     1    25    11    24     2     0     2    -8.0   26.334  121.787      0.0   1018.2    293.3    294.8      0.0    808.3     76.2      0.0    264.5
     8     1    25    11    24     2     0     2    -8.0   26.337  121.794      0.0   1018.2    292.8    294.3      0.0    810.3     75.3      0.0    216.6
     9     1    25    11    24     2     0     2    -8.0   26.356  121.674      0.0   1018.2    293.7    295.2      0.0    741.5     77.2      0.0    303.5
    10     1    25    11    24     2     0     2    -8.0   25.981  121.594    250.0   1018.2    294.0    295.5      0.4    665.0     77.3      0.0    333.1
    11     1    25    11    24     2     0     2    -8.0   26.017  121.860    250.0   1018.2    293.8    295.3      0.0    779.4     75.4      0.0    299.1
    12     1    25    11    24     2     0     2    -8.0   25.852  121.209    250.0   1017.5    294.3    295.7      0.1    558.6     80.6      0.0    347.9
    13     1    25    11    24     2     0     2    -8.0   24.977  120.680    249.8   1014.1    295.2    296.4      0.0    406.6     64.4     18.2    364.8
    14     1    25    11    24     2     0     2    -8.0   25.418  121.387    250.0   1017.5    294.9    296.4      0.4    560.6     75.3      0.0    344.8
    15     1    25    11    24     2     0     2    -8.0   24.715  120.283    249.5   1010.5    295.0    295.8      0.0    426.0     73.9     51.3    358.1
    16     1    25    11    24     2     0     2    -8.0   26.332  121.785    250.0   1018.2    293.3    294.8      0.0    808.2     76.2      0.0    264.5
    17     1    25    11    24     2     0     2    -8.0   26.337  121.794    250.0   1018.2    292.8    294.3      0.0    810.3     75.3      0.0    216.6
    18     1    25    11    24     2     0     2    -8.0   26.354  121.673    250.0   1018.2    293.7    295.2      0.0    740.6     77.2      0.0    303.7
    19     1    25    11    24     2     0     2    -8.0   25.773  121.924      0.0    992.2    294.8    294.1      0.4    585.4     79.9      0.0    350.3
    20     1    25    11    24     2     0     2    -8.0   25.988  122.161      0.0    991.8    293.8    293.1      0.5    738.8     83.1      0.0    304.2
    21     1    25    11    24     2     0     2    -8.0   25.776  121.647      0.0    993.5    295.3    294.7      0.2    582.1     79.3      0.0    354.2
    22     1    25    11    24     2     0     2    -8.0   25.093  120.914      0.0    987.5    295.5    294.4      0.0    327.6     76.9     34.7    361.8
    23     1    25    11    24     2     0     2    -8.0   24.812  121.807      0.0    990.6    296.1    295.3      0.0    901.8     74.1      5.0    367.5
    24     1    25    11    24     2     0     2    -8.0   25.075  120.564      0.0    986.0    295.3    294.1      0.0    411.8     69.7     38.4    368.9
    25     1    25    11    24     2     0     2    -8.0   26.359  122.217      0.0    991.6    293.5    292.8      0.0    798.5     82.6      0.0    293.9
    26     1    25    11    24     2     0     2    -8.0   26.329  122.225      0.0    991.5    293.2    292.5      0.0    812.3     81.4      0.0    288.7
    27     1    25    11    24     2     0     2    -8.0   26.392  122.117      0.0    991.4    293.9    293.1      0.1    741.6     83.5      0.0    314.4
     1     1    25    11    24     1     0     1    -9.0   26.132  121.782      0.0   1018.6    293.9    295.5      0.1    702.2     76.3      0.0    171.8
     2     1    25    11    24     1     0     1    -9.0   26.169  122.037      0.0   1018.6    293.5    295.1      0.0    791.1     75.5      0.0    156.2
     3     1    25    11    24     1     0     1    -9.0   26.026  121.377      0.0   1017.9    294.3    295.8      0.3    549.4     78.4      0.0    184.5
     4     1    25    11    24     1     0     1    -9.0   25.039  120.757      0.0   1013.5    294.7    295.8      0.0    292.2     69.2     27.7    194.0
     5     1    25    11    24     1     0     1    -9.0   25.484  121.546      0.0   1017.5    295.0    296.4      0.4    621.7     73.5      0.0    190.5
     6     1    25    11    24     1     0     1    -9.0   24.816  120.318      0.0   1012.6    294.3    295.4      0.0    321.3     73.9     35.0    195.1
     7     1    25    11    24     1     0     1    -9.0   26.512  121.948      0.0   1018.6    293.2    294.7      0.0    808.0     75.0      0.0    137.9
     8     1    25    11    24     1     0     1    -9.0   26.530  121.926      0.0   1018.9    292.7    294.3      0.0    811.0     73.0      0.0    115.0
     9     1    25    11    24     1     0     1    -9.0   26.539  121.848      0.0   1018.6    293.5    295.0      0.0    766.8     76.5      0.0    151.3
    10     1    25    11    24     1     0     1    -9.0   26.129  121.775    250.0   1018.6    293.9    295.5      0.1    701.1     76.3      0.0    172.0
    11     1    25    11    24     1     0     1    -9.0   26.169  122.037    250.0   1018.6    293.5    295.1      0.0    791.1     75.5      0.0    156.2
    12     1    25    11    24     1     0     1    -9.0   26.026  121.377    250.0   1017.9    294.3    295.8      0.3    549.4     78.4      0.0    184.5
    13     1    25    11    24     1     0     1    -9.0   25.032  120.750    249.7   1013.5    294.7    295.8      0.0    293.6     68.6     27.9    194.4
    14     1    25    11    24     1     0     1    -9.0   25.477  121.535    250.0   1017.5    295.0    296.4      0.4    619.8     73.6      0.0    190.4
    15     1    25    11    24     1     0     1    -9.0   24.808  120.314    249.6   1012.5    294.4    295.4      0.0    323.8     73.9     36.5    195.1
    16     1    25    11    24     1     0     1    -9.0   26.511  121.945    250.0   1018.6    293.2    294.7      0.0    807.9     75.0      0.0    137.7
    17     1    25    11    24     1     0     1    -9.0   26.530  121.926    250.0   1018.9    292.7    294.3      0.0    811.0     73.0      0.0    115.0
    18     1    25    11    24     1     0     1    -9.0   26.537  121.846    250.0   1018.6    293.5    295.0      0.0    766.5     76.6      0.0    151.4
    19     1    25    11    24     1     0     1    -9.0   25.799  122.055      0.0    992.2    295.0    294.3      0.4    653.9     78.2      0.0    193.3
    20     1    25    11    24     1     0     1    -9.0   26.115  122.329      0.0    991.7    293.6    292.9      0.1    736.5     83.0      0.0    171.4
    21     1    25    11    24     1     0     1    -9.0   25.750  121.823      0.0    993.3    295.5    294.9      0.0    711.4     76.9      0.0    196.2
    22     1    25    11    24     1     0     1    -9.0   25.107  120.990      0.0    984.1    295.4    294.1      0.0    250.3     77.8     55.5    196.2
    23     1    25    11    24     1     0     1    -9.0   24.689  121.943      0.0    990.9    296.2    295.4      0.0    977.8     72.3      0.0    205.1
    24     1    25    11    24     1     0     1    -9.0   25.145  120.640      0.0    985.9    295.3    294.1      0.0    291.7     65.0     30.5    202.1
    25     1    25    11    24     1     0     1    -9.0   26.513  122.402      0.0    991.5    293.2    292.5      0.0    778.2     82.6      0.0    155.9
    26     1    25    11    24     1     0     1    -9.0   26.496  122.401      1.0    990.6    292.9    292.1      0.0    778.8     81.0      0.0    151.8
    27     1    25    11    24     1     0     1    -9.0   26.530  122.301      0.0    992.2    293.7    293.0      0.2    736.6     83.2      0.0    165.7
     1     1    25    11    24     0     0     0   -10.0   26.267  121.955      0.0   1019.1    293.8    295.4      0.0    705.0     76.1      0.0     30.5
     2     1    25    11    24     0     0     0   -10.0   26.313  122.207      0.0   1019.1    293.3    294.9      0.0    749.1     74.7      0.0     29.6
     3     1    25    11    24     0     0     0   -10.0   26.158  121.538      0.0   1019.0    294.2    295.7      0.3    589.0     76.7      0.0     31.1
     4     1    25    11    24     0     0     0   -10.0   25.045  120.826      1.8   1012.8    294.2    295.3      0.0    161.8     69.6     39.8     28.6
     5     1    25    11    24     0     0     0   -10.0   25.502  121.689      0.0   1017.1    295.2    296.7      0.4    709.5     71.2      0.0     33.5
     6     1    25    11    24     0     0     0   -10.0   24.858  120.358      0.0   1013.9    293.9    295.0      0.0    220.4     73.0     26.8     31.3
     7     1    25    11    24     0     0     0   -10.0   26.674  122.105      0.0   1019.1    293.0    294.6      0.0    785.1     74.1      0.0     27.1
     8     1    25    11    24     0     0     0   -10.0   26.712  122.048      0.0   1019.1    292.5    294.1      0.0    802.3     71.6      0.0     28.8
     9     1    25    11    24     0     0     0   -10.0   26.703  122.017      0.0   1019.1    293.3    294.9      0.0    784.6     75.9      0.0     20.8
    10     1    25    11    24     0     0     0   -10.0   26.264  121.949    250.0   1019.1    293.8    295.4      0.0    703.7     76.1      0.0     30.6
    11     1    25    11    24     0     0     0   -10.0   26.313  122.207    250.0   1019.1    293.3    294.9      0.0    749.1     74.7      0.0     29.6
    12     1    25    11    24     0     0     0   -10.0   26.158  121.538    250.0   1019.0    294.2    295.7      0.3    589.0     76.7      0.0     31.1
    13     1    25    11    24     0     0     0   -10.0   25.038  120.820    251.6   1012.6    294.2    295.2      0.0    162.8     69.0     40.7     28.9
    14     1    25    11    24     0     0     0   -10.0   25.494  121.679    250.0   1017.1    295.3    296.7      0.4    714.3     71.2      0.0     33.5
    15     1    25    11    24     0     0     0   -10.0   24.853  120.354    249.7   1013.7    293.9    295.1      0.0    223.5     73.1     28.4     31.4
    16     1    25    11    24     0     0     0   -10.0   26.672  122.102    250.0   1019.1    293.0    294.6      0.0    784.9     74.1      0.0     27.0
    17     1    25    11    24     0     0     0   -10.0   26.712  122.048    250.0   1019.1    292.5    294.1      0.0    802.3     71.6      0.0     28.8
    18     1    25    11    24     0     0     0   -10.0   26.702  122.015    250.0   1019.1    293.3    294.9      0.0    784.6     75.9      0.0     20.7
    19     1    25    11    24     0     0     0   -10.0   25.784  122.180      0.0    992.3    295.2    294.6      0.4    688.6     76.3      0.0     33.5
    20     1    25    11    24     0     0     0   -10.0   26.238  122.492      0.0    991.4    293.3    292.6      0.0    706.8     83.1      0.0     32.6
    21     1    25    11    24     0     0     0   -10.0   25.654  121.995      0.0    992.8    295.8    295.2      0.0    876.6     74.7      0.0     37.5
    22     1    25    11    24     0     0     0   -10.0   25.089  121.071     13.2    977.2    295.3    293.3      0.0    177.6     79.6     95.9     31.8
    23     1    25    11    24     0     0     0   -10.0   24.571  122.084      0.0    990.4    296.1    295.2      0.0    996.7     71.7      0.0     37.8
    24     1    25    11    24     0     0     0   -10.0   25.151  120.706     18.3    981.4    295.3    293.7      0.0    142.2     60.4     46.2     33.2
    25     1    25    11    24     0     0     0   -10.0   26.656  122.573      1.2    991.1    293.0    292.3      0.0    734.3     81.9      0.0     29.6
    26     1    25    11    24     0     0     0   -10.0   26.635  122.558      6.4    990.5    292.7    291.9      0.0    763.8     80.7      0.0     32.9
    27     1    25    11    24     0     0     0   -10.0   26.655  122.478      0.0    992.7    293.4    292.8      0.0    740.6     83.5      0.0     30.4
     1     1    25    11    23    23     0     1   -11.0   26.387  122.129      0.0   1018.9    293.6    295.2      0.0    757.8     75.5      0.0     19.5
     2     1    25    11    23    23     0     1   -11.0   26.438  122.369      0.0   1019.0    293.2    294.8      0.0    727.0     73.7      0.0     19.8
     3     1    25    11    23    23     0     1   -11.0   26.270  121.700      0.0   1018.5    294.1    295.7      0.0    654.3     76.0      0.0     21.3
     4     1    25    11    23    23     0     1   -11.0   25.024  120.888     15.4   1009.8    294.0    294.8      0.0    138.7     70.9     60.3     19.9
     5     1    25    11    23    23     0     1   -11.0   25.483  121.837      0.0   1017.0    295.2    296.7      0.0    763.0     70.7      0.0     22.3
     6     1    25    11    23    23     0     1   -11.0   24.855  120.392      2.6   1012.6    293.8    294.9      0.0    189.7     70.4     33.3     20.6
     7     1    25    11    23    23     0     1   -11.0   26.811  122.252      0.0   1019.0    292.9    294.5      0.0    780.5     72.7      0.0     20.1
     8     1    25    11    23    23     0     1   -11.0   26.869  122.142      0.0   1019.0    292.4    294.0      0.0    804.3     69.9      0.0     16.0
     9     1    25    11    23    23     0     1   -11.0   26.845  122.180      0.0   1019.0    293.2    294.7      0.0    768.9     74.4      0.0     18.8
    10     1    25    11    23    23     0     1   -11.0   26.384  122.123    250.0   1018.9    293.6    295.2      0.0    757.4     75.5      0.0     19.5
    11     1    25    11    23    23     0     1   -11.0   26.438  122.369    250.0   1019.0    293.2    294.8      0.0    727.0     73.7      0.0     19.8
    12     1    25    11    23    23     0     1   -11.0   26.270  121.700    250.0   1018.5    294.1    295.7      0.0    654.3     76.0      0.0     21.3
    13     1    25    11    23    23     0     1   -11.0   25.017  120.881    265.5   1009.6    294.0    294.8      0.0    140.6     70.5     61.5     20.0
    14     1    25    11    23    23     0     1   -11.0   25.473  121.828    250.0   1017.0    295.3    296.7      0.0    766.2     70.7      0.0     22.3
    15     1    25    11    23    23     0     1   -11.0   24.853  120.389    252.3   1012.5    293.8    294.9      0.0    193.1     70.5     33.8     20.7
    16     1    25    11    23    23     0     1   -11.0   26.810  122.249    250.0   1019.0    292.9    294.5      0.0    780.6     72.8      0.0     20.0
    17     1    25    11    23    23     0     1   -11.0   26.869  122.142    250.0   1019.0    292.4    294.0      0.0    804.2     69.9      0.0     16.0
    18     1    25    11    23    23     0     1   -11.0   26.844  122.178    250.0   1019.0    293.2    294.7      0.0    769.0     74.4      0.0     18.8
    19     1    25    11    23    23     0     1   -11.0   25.733  122.314      0.0    994.5    295.3    294.9      0.0    817.0     75.0      0.0     23.4
    20     1    25    11    23    23     0     1   -11.0   26.346  122.646      0.0    991.2    293.2    292.4      0.0    702.3     82.9      0.0     22.0
    21     1    25    11    23    23     0     1   -11.0   25.524  122.173      0.0    993.5    295.8    295.3      0.0    944.2     73.7      0.0     25.0
    22     1    25    11    23    23     0     1   -11.0   25.051  121.172     73.6    963.8    295.5    292.4      0.0    197.4     82.7    146.9     23.4
    23     1    25    11    23    23     0     1   -11.0   24.466  122.233      0.0    990.2    296.0    295.2      0.0   1012.4     71.2      0.0     27.3
    24     1    25    11    23    23     0     1   -11.0   25.147  120.771     50.7    973.8    295.6    293.3      0.0    143.1     63.6     85.1     22.2
    25     1    25    11    23    23     0     1   -11.0   26.771  122.735     12.7    989.6    292.9    292.0      0.0    720.0     82.0      0.0     21.1
    26     1    25    11    23    23     0     1   -11.0   26.744  122.707      1.5    990.9    292.7    291.9      0.0    757.3     79.3      0.0     18.5
    27     1    25    11    23    23     0     1   -11.0   26.765  122.652      0.0    992.4    293.3    292.7      0.0    735.5     82.3      0.0     21.1
     1     1    25    11    23    22     0     2   -12.0   26.490  122.308      0.0   1018.8    293.5    295.1      0.0    755.0     74.4      0.0     10.3
     2     1    25    11    23    22     0     2   -12.0   26.539  122.529      0.0   1018.8    293.1    294.6      0.0    709.9     73.3      0.0     10.7
     3     1    25    11    23    22     0     2   -12.0   26.356  121.875      0.0   1017.6    294.2    295.7      0.0    722.4     75.0      0.0     10.9
     4     1    25    11    23    22     0     2   -12.0   25.003  120.954     39.1   1003.5    293.9    294.2      0.0    115.7     72.9     87.6     10.4
     5     1    25    11    23    22     0     2   -12.0   25.430  121.997      0.0   1016.8    295.3    296.7      0.0    853.8     70.3      0.0     11.5
     6     1    25    11    23    22     0     2   -12.0   24.841  120.419     12.3   1010.2    293.8    294.6      0.0    156.8     67.5     46.0     10.3
     7     1    25    11    23    22     0     2   -12.0   26.913  122.390      0.0   1018.8    292.9    294.5      0.0    783.3     71.9      0.0     10.9
     8     1    25    11    23    22     0     2   -12.0   26.999  122.210      0.0   1018.8    292.4    294.0      0.0    817.5     68.0      0.0      7.4
     9     1    25    11    23    22     0     2   -12.0   26.957  122.339      0.0   1018.8    293.1    294.7      0.0    741.5     73.1      0.0      9.9
    10     1    25    11    23    22     0     2   -12.0   26.487  122.302    250.0   1018.8    293.5    295.1      0.0    755.8     74.4      0.0     10.3
    11     1    25    11    23    22     0     2   -12.0   26.539  122.529    250.0   1018.8    293.1    294.6      0.0    709.9     73.3      0.0     10.7
    12     1    25    11    23    22     0     2   -12.0   26.356  121.875    250.0   1017.6    294.2    295.7      0.0    722.4     75.0      0.0     10.9
    13     1    25    11    23    22     0     2   -12.0   24.996  120.946    288.9   1003.4    293.9    294.2      0.0    113.1     72.5     88.2     10.5
    14     1    25    11    23    22     0     2   -12.0   25.418  121.989    250.0   1016.8    295.3    296.7      0.0    854.6     70.3      0.0     11.5
    15     1    25    11    23    22     0     2   -12.0   24.841  120.416    261.7   1010.3    293.8    294.6      0.0    160.5     67.8     45.0     10.3
    16     1    25    11    23    22     0     2   -12.0   26.913  122.387    250.0   1018.8    292.9    294.5      0.0    783.3     71.9      0.0     10.9
    17     1    25    11    23    22     0     2   -12.0   26.999  122.210    250.0   1018.8    292.4    294.0      0.0    817.5     68.0      0.0      7.4
    18     1    25    11    23    22     0     2   -12.0   26.955  122.337    250.0   1018.8    293.1    294.7      0.0    741.3     73.1      0.0      9.9
    19     1    25    11    23    22     0     2   -12.0   25.654  122.466      0.0    992.9    295.4    294.8      0.0    913.5     75.0      0.0     12.5
    20     1    25    11    23    22     0     2   -12.0   26.443  122.796      5.5    990.3    293.0    292.2      0.0    702.7     83.3      0.0     11.2
    21     1    25    11    23    22     0     2   -12.0   25.385  122.357      0.0    989.5    295.7    294.9      0.0    964.6     74.5      0.0     12.5
    22     1    25    11    23    22     0     2   -12.0   24.968  121.312    181.6    942.8    295.9    291.0      0.0    180.2     87.0    229.9     11.2
    23     1    25    11    23    22     0     2   -12.0   24.375  122.393      0.0    989.7    296.0    295.1      0.0   1026.5     70.4      0.0     13.8
    24     1    25    11    23    22     0     2   -12.0   25.150  120.851     68.8    967.6    295.8    293.1      0.0    120.6     65.7    123.8     11.2
    25     1    25    11    23    22     0     2   -12.0   26.860  122.894     29.0    987.6    292.8    291.7      0.0    683.2     82.6      0.0     11.1
    26     1    25    11    23    22     0     2   -12.0   26.830  122.863      0.0    991.8    292.6    291.9      0.0    700.9     78.9      0.0      8.1
    27     1    25    11    23    22     0     2   -12.0   26.858  122.820     12.8    989.5    293.2    292.3      0.0    722.2     82.9      0.0     10.7
