    10     1
    GFSQ    25    10    24     0     0
    GFSQ    25    10    25     0     0
    GFSQ    25    10    26     0     0
    GFSQ    25    10    27     0     0
    GFSQ    25    10    28     0     0
    GFSQ    25    10    29     0     0
    GFSQ    25    10    30     0     0
    GFSQ    25    10    31     0     0
    GFSQ    25    11     1     0     0
    GFSQ    25    11     2     0     0
    27 BACKWARD OMEGA   
    25    11     1     8   24.218  120.618    10.0
    25    11     1     8   24.218  120.618    10.0
    25    11     1     8   24.218  120.618    10.0
    25    11     1     8   24.218  120.618    10.0
    25    11     1     8   24.218  120.618    10.0
    25    11     1     8   24.218  120.618    10.0
    25    11     1     8   24.218  120.618    10.0
    25    11     1     8   24.218  120.618    10.0
    25    11     1     8   24.218  120.618    10.0
    25    11     1     8   24.218  120.618    10.0
    25    11     1     8   24.218  120.618    10.0
    25    11     1     8   24.218  120.618    10.0
    25    11     1     8   24.218  120.618    10.0
    25    11     1     8   24.218  120.618    10.0
    25    11     1     8   24.218  120.618    10.0
    25    11     1     8   24.218  120.618    10.0
    25    11     1     8   24.218  120.618    10.0
    25    11     1     8   24.218  120.618    10.0
    25    11     1     8   24.218  120.618    10.0
    25    11     1     8   24.218  120.618    10.0
    25    11     1     8   24.218  120.618    10.0
    25    11     1     8   24.218  120.618    10.0
    25    11     1     8   24.218  120.618    10.0
    25    11     1     8   24.218  120.618    10.0
    25    11     1     8   24.218  120.618    10.0
    25    11     1     8   24.218  120.618    10.0
    25    11     1     8   24.218  120.618    10.0
     8 PRESSURE THETA    AIR_TEMP RAINFALL MIXDEPTH RELHUMID TERR_MSL SUN_FLUX
     1     1    25    11     1     8     0     2     0.0   24.218  120.618     10.0    994.4    298.9    298.4      0.0    648.5     61.4    157.4    320.3
     2     1    25    11     1     8     0     2     0.0   24.218  120.618     10.0   1003.5    297.4    297.6      0.0    687.8     64.1     82.7    360.4
     3     1    25    11     1     8     0     2     0.0   24.218  120.618     10.0    992.4    299.7    299.0      0.0    601.3     61.1    165.7    264.2
     4     1    25    11     1     8     0     2     0.0   24.218  120.618     10.0    924.6    301.5    294.7      0.0    566.3     72.2    810.8    251.8
     5     1    25    11     1     8     0     2     0.0   24.218  120.618     10.0    947.1    299.6    294.9      0.0    554.7     69.3    595.2    306.4
     6     1    25    11     1     8     0     2     0.0   24.218  120.618     10.0    938.7    300.8    295.4      0.0    374.2     77.7    664.3    202.9
     7     1    25    11     1     8     0     2     0.0   24.218  120.618     10.0   1011.3    296.9    297.9      0.0    681.0     66.4     11.1    405.1
     8     1    25    11     1     8     0     2     0.0   24.218  120.618     10.0   1013.1    296.3    297.4      0.0    813.5     68.2      1.4    409.1
     9     1    25    11     1     8     0     2     0.0   24.218  120.618     10.0   1010.3    298.0    298.9      0.0    684.1     61.7     13.0    370.7
    10     1    25    11     1     8     0     2     0.0   24.218  120.618     10.0    994.4    298.9    298.4      0.0    648.5     61.4    157.4    320.3
    11     1    25    11     1     8     0     2     0.0   24.218  120.618     10.0   1003.5    297.4    297.6      0.0    687.8     64.1     82.7    360.4
    12     1    25    11     1     8     0     2     0.0   24.218  120.618     10.0    992.4    299.7    299.0      0.0    601.3     61.1    165.7    264.2
    13     1    25    11     1     8     0     2     0.0   24.218  120.618     10.0    924.6    301.5    294.7      0.0    566.3     72.2    810.8    251.8
    14     1    25    11     1     8     0     2     0.0   24.218  120.618     10.0    947.1    299.6    294.9      0.0    554.7     69.3    595.2    306.4
    15     1    25    11     1     8     0     2     0.0   24.218  120.618     10.0    938.7    300.8    295.4      0.0    374.2     77.7    664.3    202.9
    16     1    25    11     1     8     0     2     0.0   24.218  120.618     10.0   1011.3    296.9    297.9      0.0    681.0     66.4     11.1    405.1
    17     1    25    11     1     8     0     2     0.0   24.218  120.618     10.0   1013.1    296.3    297.4      0.0    813.5     68.2      1.4    409.1
    18     1    25    11     1     8     0     2     0.0   24.218  120.618     10.0   1010.3    298.0    298.9      0.0    684.1     61.7     13.0    370.7
    19     1    25    11     1     8     0     2     0.0   24.218  120.618     10.0    966.6    298.8    295.9      0.0    648.5     65.0    157.4    320.3
    20     1    25    11     1     8     0     2     0.0   24.218  120.618     10.0    975.3    297.3    295.2      0.0    687.8     65.4     82.7    360.4
    21     1    25    11     1     8     0     2     0.0   24.218  120.618     10.0    964.8    299.8    296.8      0.0    601.3     65.8    165.7    264.2
    22     1    25    11     1     8     0     2     0.0   24.218  120.618     10.0    899.1    301.6    292.4      0.0    566.3     78.3    810.8    251.8
    23     1    25    11     1     8     0     2     0.0   24.218  120.618     10.0    920.7    299.8    292.7      0.0    554.7     74.1    595.2    306.4
    24     1    25    11     1     8     0     2     0.0   24.218  120.618     10.0    912.7    301.4    293.5      0.0    374.2     80.3    664.3    202.9
    25     1    25    11     1     8     0     2     0.0   24.218  120.618     10.0    982.8    296.8    295.4      0.0    681.0     66.7     11.1    405.1
    26     1    25    11     1     8     0     2     0.0   24.218  120.618     10.0    984.5    296.1    294.8      0.0    813.5     68.1      1.4    409.1
    27     1    25    11     1     8     0     2     0.0   24.218  120.618     10.0    981.9    297.9    296.4      0.0    684.1     64.8     13.0    370.7
     1     1    25    11     1     7     0     1    -1.0   24.286  120.597      0.0    994.5    298.7    298.2      0.0    822.4     59.7    158.3    391.7
     2     1    25    11     1     7     0     1    -1.0   24.370  120.734      0.0   1007.6    297.2    297.8      0.0    981.7     60.8     49.3    453.2
     3     1    25    11     1     7     0     1    -1.0   24.196  120.498      0.0    996.5    299.7    299.4      0.0    856.0     58.2    128.4    413.1
     4     1    25    11     1     7     0     1    -1.0   24.112  120.491      0.0    934.5    302.0    296.1      0.0    874.6     65.6    716.3    365.6
     5     1    25    11     1     7     0     1    -1.0   24.208  120.583      0.0    955.0    299.8    295.7      0.0    819.2     64.8    520.0    431.1
     6     1    25    11     1     7     0     1    -1.0   24.075  120.487      0.0    947.3    301.4    296.7      0.0    728.6     71.6    578.0    345.8
     7     1    25    11     1     7     0     1    -1.0   24.456  120.729      7.0   1009.6    296.8    297.6      0.0    829.3     64.8     29.5    464.6
     8     1    25    11     1     7     0     1    -1.0   24.459  120.814     11.2   1013.6    296.2    297.3      0.0   1091.9     64.2      0.0    488.9
     9     1    25    11     1     7     0     1    -1.0   24.392  120.610      1.6   1010.3    297.2    298.1      0.0    677.1     64.3     17.2    483.0
    10     1    25    11     1     7     0     1    -1.0   24.286  120.597    248.4    994.5    298.7    298.2      0.0    822.4     59.7    158.3    391.7
    11     1    25    11     1     7     0     1    -1.0   24.370  120.734    249.5   1007.6    297.2    297.8      0.0    981.7     60.8     49.3    453.2
    12     1    25    11     1     7     0     1    -1.0   24.195  120.498    248.7    996.5    299.7    299.4      0.0    856.0     58.2    128.4    413.1
    13     1    25    11     1     7     0     1    -1.0   24.112  120.491    242.8    934.5    302.0    296.1      0.0    874.6     65.6    716.3    365.6
    14     1    25    11     1     7     0     1    -1.0   24.208  120.583    244.8    955.0    299.8    295.7      0.0    819.2     64.8    520.1    431.0
    15     1    25    11     1     7     0     1    -1.0   24.075  120.487    244.2    947.3    301.4    296.7      0.0    728.6     71.6    578.0    345.8
    16     1    25    11     1     7     0     1    -1.0   24.456  120.729    249.7   1009.6    296.8    297.6      0.0    828.9     64.8     29.4    464.6
    17     1    25    11     1     7     0     1    -1.0   24.459  120.813    250.8   1013.7    296.2    297.3      0.0   1091.0     64.3      0.0    488.9
    18     1    25    11     1     7     0     1    -1.0   24.392  120.610    249.8   1010.3    297.2    298.1      0.0    677.1     64.3     17.2    483.0
    19     1    25    11     1     7     0     1    -1.0   24.330  120.654      0.0    966.7    298.8    295.9      0.0    820.3     62.1    186.8    377.1
    20     1    25    11     1     7     0     1    -1.0   24.420  120.844     41.5    971.3    297.2    294.8      0.0   1037.5     63.5     94.0    452.7
    21     1    25    11     1     7     0     1    -1.0   24.229  120.511      0.0    970.7    299.5    297.0      0.0    850.3     62.8    144.1    409.1
    22     1    25    11     1     7     0     1    -1.0   24.109  120.494      0.0    914.3    301.8    294.0      0.0    870.8     71.8    730.5    366.3
    23     1    25    11     1     7     0     1    -1.0   24.238  120.639      0.0    932.2    299.7    293.6      0.0    837.2     69.0    550.6    440.8
    24     1    25    11     1     7     0     1    -1.0   24.067  120.462      0.0    934.5    301.4    295.5      0.0    760.1     72.8    518.6    344.5
    25     1    25    11     1     7     0     1    -1.0   24.517  120.828     41.0    976.4    296.8    294.8      0.0    897.8     64.4     39.8    446.1
    26     1    25    11     1     7     0     1    -1.0   24.513  120.925     67.2    978.0    296.0    294.2      0.0   1151.2     65.5      7.3    482.4
    27     1    25    11     1     7     0     1    -1.0   24.454  120.675     42.8    975.9    297.5    295.4      0.0    699.0     64.6     38.6    466.0
     1     1    25    11     1     6     0     0    -2.0   24.523  120.738      0.0    991.2    298.6    297.7      0.0   1023.8     59.5    192.8    515.7
     2     1    25    11     1     6     0     0    -2.0   24.590  120.998     13.8   1004.5    297.2    297.6      0.0   1277.6     56.7     85.4    573.2
     3     1    25    11     1     6     0     0    -2.0   24.379  120.517      0.0    994.7    299.4    298.9      0.0    954.4     58.4    151.2    497.1
     4     1    25    11     1     6     0     0    -2.0   24.169  120.463      0.0    952.5    301.8    297.5      0.0   1123.3     59.8    543.0    462.9
     5     1    25    11     1     6     0     0    -2.0   24.361  120.702      0.0    984.5    299.1    297.7      0.0   1092.5     55.9    263.7    550.9
     6     1    25    11     1     6     0     0    -2.0   24.070  120.425      0.0    965.2    301.8    298.7      0.0   1204.4     63.3    405.2    492.4
     7     1    25    11     1     6     0     0    -2.0   24.786  121.017      0.0   1010.7    296.8    297.7      0.0   1214.8     59.6     28.6    587.7
     8     1    25    11     1     6     0     0    -2.0   24.737  121.157     25.8   1010.9    296.2    297.1      0.0   1306.1     57.8     12.9    619.9
     9     1    25    11     1     6     0     0    -2.0   24.745  120.808      0.0   1007.6    297.3    297.9      0.0    931.5     61.9     44.1    522.0
    10     1    25    11     1     6     0     0    -2.0   24.523  120.738    248.1    991.2    298.6    297.7      0.0   1023.8     59.5    192.8    515.7
    11     1    25    11     1     6     0     0    -2.0   24.590  120.998    263.0   1004.5    297.2    297.6      0.0   1277.6     56.7     85.4    573.2
    12     1    25    11     1     6     0     0    -2.0   24.379  120.517    248.5    994.7    299.4    298.9      0.0    954.4     58.4    151.2    497.1
    13     1    25    11     1     6     0     0    -2.0   24.168  120.463    244.6    952.5    301.8    297.5      0.0   1123.3     59.9    543.0    462.9
    14     1    25    11     1     6     0     0    -2.0   24.361  120.702    247.4    984.5    299.1    297.7      0.0   1092.5     55.9    263.7    550.9
    15     1    25    11     1     6     0     0    -2.0   24.070  120.425    245.9    965.2    301.8    298.7      0.0   1204.4     63.3    405.2    492.4
    16     1    25    11     1     6     0     0    -2.0   24.786  121.016    249.7   1010.7    296.8    297.7      0.0   1214.6     59.6     28.5    587.7
    17     1    25    11     1     6     0     0    -2.0   24.734  121.151    265.4   1012.1    296.3    297.3      0.0   1304.7     58.0     12.0    619.6
    18     1    25    11     1     6     0     0    -2.0   24.745  120.808    249.6   1007.6    297.3    297.9      0.0    931.5     61.9     44.1    522.0
    19     1    25    11     1     6     0     0    -2.0   24.603  120.881      0.0    971.2    298.4    295.9      0.0   1129.8     59.3    164.1    543.1
    20     1    25    11     1     6     0     0    -2.0   24.589  121.223    200.9    945.1    296.6    291.8      0.0   1251.2     71.1    188.4    506.5
    21     1    25    11     1     6     0     0    -2.0   24.437  120.567      0.0    968.0    299.4    296.6      0.0   1015.7     61.0    180.5    472.5
    22     1    25    11     1     6     0     0    -2.0   24.170  120.469      0.0    935.1    301.5    295.6      0.0   1115.7     65.0    564.6    465.9
    23     1    25    11     1     6     0     0    -2.0   24.374  120.846    102.6    916.4    298.7    291.3      0.0    965.6     73.2    551.2    569.0
    24     1    25    11     1     6     0     0    -2.0   24.053  120.368      0.0    958.8    301.2    297.6      0.0   1230.6     64.9    311.4    498.9
    25     1    25    11     1     6     0     0    -2.0   24.828  121.234    162.7    958.7    296.6    293.0      0.0   1263.8     67.3     91.9    573.2
    26     1    25    11     1     6     0     0    -2.0   24.760  121.374    193.8    961.1    295.8    292.5      0.0   1334.2     69.3     44.0    609.9
    27     1    25    11     1     6     0     0    -2.0   24.833  120.970     47.9    971.5    297.4    295.0      0.0   1041.6     62.5     80.6    526.0
     1     1    25    11     1     5     0     1    -3.0   24.749  120.952      0.0    998.8    297.8    297.6      0.0   1197.0     56.4    141.9    551.0
     2     1    25    11     1     5     0     1    -3.0   24.728  121.302     50.4    997.2    296.1    295.9      0.0   1349.4     59.7    117.9    475.1
     3     1    25    11     1     5     0     1    -3.0   24.611  120.613      0.0    998.3    298.6    298.4      0.0    881.2     57.7    128.5    465.5
     4     1    25    11     1     5     0     1    -3.0   24.269  120.470      0.0    959.8    300.8    297.2      0.0    948.2     60.0    479.3    470.7
     5     1    25    11     1     5     0     1    -3.0   24.478  120.895     68.2    962.7    297.7    294.5      0.0   1104.7     62.9    416.8    538.2
     6     1    25    11     1     5     0     1    -3.0   24.072  120.352      0.0    980.4    300.9    299.2      0.0   1078.7     61.0    271.1    491.3
     7     1    25    11     1     5     0     1    -3.0   25.004  121.344     30.1   1008.7    296.0    296.7      0.0   1349.0     58.0     41.4    582.2
     8     1    25    11     1     5     0     1    -3.0   24.946  121.511     31.6   1009.0    295.5    296.3      0.0   1387.8     58.6     35.0    580.4
     9     1    25    11     1     5     0     1    -3.0   25.052  121.087      1.2   1010.1    296.9    297.8      0.0   1235.8     57.9     39.5    568.2
    10     1    25    11     1     5     0     1    -3.0   24.749  120.952    248.6    998.8    297.8    297.6      0.0   1197.0     56.4    141.9    551.0
    11     1    25    11     1     5     0     1    -3.0   24.728  121.302    299.2    997.2    296.1    295.9      0.0   1349.5     59.7    117.9    475.1
    12     1    25    11     1     5     0     1    -3.0   24.611  120.613    248.7    998.3    298.6    298.4      0.0    881.2     57.7    128.5    465.5
    13     1    25    11     1     5     0     1    -3.0   24.269  120.470    245.2    959.8    300.8    297.2      0.0    948.3     60.0    479.3    470.7
    14     1    25    11     1     5     0     1    -3.0   24.478  120.895    313.9    962.7    297.7    294.5      0.0   1104.7     62.9    416.7    538.2
    15     1    25    11     1     5     0     1    -3.0   24.072  120.352    247.3    980.4    300.9    299.2      0.0   1078.7     61.0    271.1    491.3
    16     1    25    11     1     5     0     1    -3.0   25.004  121.344    279.7   1008.7    296.0    296.7      0.0   1348.9     58.0     41.4    582.2
    17     1    25    11     1     5     0     1    -3.0   24.940  121.496    268.4   1010.9    295.5    296.4      0.0   1384.9     58.8     31.1    584.6
    18     1    25    11     1     5     0     1    -3.0   25.052  121.087    250.8   1010.1    296.9    297.8      0.0   1235.8     57.9     39.5    568.2
    19     1    25    11     1     5     0     1    -3.0   24.758  121.194    158.0    930.6    297.2    291.1      0.0   1120.9     74.0    372.6    497.6
    20     1    25    11     1     5     0     1    -3.0   24.663  121.528    256.8    934.3    296.2    290.4      0.0   1220.7     77.3    224.2    332.3
    21     1    25    11     1     5     0     1    -3.0   24.712  120.734      0.0    960.5    298.7    295.2      0.0    968.0     62.9    281.9    506.7
    22     1    25    11     1     5     0     1    -3.0   24.303  120.500      0.0    937.3    300.6    294.9      0.0    930.1     65.1    557.0    488.9
    23     1    25    11     1     5     0     1    -3.0   24.389  121.051    426.2    865.9    298.2    286.2      0.0    688.4     92.0    718.5    379.1
    24     1    25    11     1     5     0     1    -3.0   24.083  120.286      0.0    969.8    300.2    297.6      0.0   1059.2     63.5    183.5    504.6
    25     1    25    11     1     5     0     1    -3.0   24.955  121.619    286.1    939.2    296.1    290.9      0.0   1333.1     75.2    148.5    426.0
    26     1    25    11     1     5     0     1    -3.0   24.896  121.727    296.2    946.6    295.7    291.1      0.0   1384.8     74.2     76.9    484.2
    27     1    25    11     1     5     0     1    -3.0   25.076  121.352    166.9    951.6    296.7    292.5      0.0   1289.3     69.0    166.8    535.4
     1     1    25    11     1     4     0     2    -4.0   24.886  121.209     21.0   1000.9    296.6    296.7      0.0   1376.7     57.4    123.6    468.4
     2     1    25    11     1     4     0     2    -4.0   24.853  121.566     58.0   1004.4    295.7    296.1      0.0   1346.3     57.7     62.0    396.2
     3     1    25    11     1     4     0     2    -4.0   24.861  120.796      0.0   1005.0    297.6    298.1      0.0   1062.1     57.1     88.3    535.5
     4     1    25    11     1     4     0     2    -4.0   24.411  120.524      0.0    960.5    300.2    296.6      0.0    910.9     60.7    477.1    515.3
     5     1    25    11     1     4     0     2    -4.0   24.533  121.141    191.2    952.0    296.4    292.2      0.0   1105.3     73.0    386.7    332.1
     6     1    25    11     1     4     0     2    -4.0   24.102  120.300      0.0    990.8    300.1    299.3      0.0    894.2     59.6    183.6    476.6
     7     1    25    11     1     4     0     2    -4.0   25.181  121.653     39.2   1003.0    295.6    295.9      0.0   1377.0     58.8     84.8    488.7
     8     1    25    11     1     4     0     2    -4.0   25.120  121.780     37.1   1013.1    295.4    296.5      0.0   1432.5     55.9      0.0    600.0
     9     1    25    11     1     4     0     2    -4.0   25.253  121.397     22.3   1009.2    296.0    296.8      0.0   1385.2     57.7     50.6    545.9
    10     1    25    11     1     4     0     2    -4.0   24.886  121.209    269.8   1000.9    296.6    296.7      0.0   1376.7     57.4    123.6    468.4
    11     1    25    11     1     4     0     2    -4.0   24.853  121.566    307.4   1004.4    295.7    296.1      0.0   1346.3     57.7     62.0    396.2
    12     1    25    11     1     4     0     2    -4.0   24.861  120.796    249.1   1005.0    297.6    298.1      0.0   1062.1     57.1     88.3    535.5
    13     1    25    11     1     4     0     2    -4.0   24.411  120.524    245.2    960.5    300.2    296.6      0.0    910.8     60.7    477.1    515.3
    14     1    25    11     1     4     0     2    -4.0   24.533  121.141    437.2    952.0    296.4    292.2      0.0   1105.3     73.0    386.7    332.2
    15     1    25    11     1     4     0     2    -4.0   24.102  120.300    248.2    990.8    300.1    299.3      0.0    894.2     59.6    183.6    476.6
    16     1    25    11     1     4     0     2    -4.0   25.181  121.653    288.4   1003.0    295.6    295.9      0.0   1377.0     58.8     84.9    488.7
    17     1    25    11     1     4     0     2    -4.0   25.112  121.760    271.8   1014.9    295.5    296.7      0.0   1426.7     56.1      0.0    602.6
    18     1    25    11     1     4     0     2    -4.0   25.253  121.397    271.8   1009.2    296.0    296.8      0.0   1385.2     57.7     50.6    545.9
    19     1    25    11     1     4     0     2    -4.0   24.809  121.462    262.2    924.1    296.4    289.7      0.0   1144.3     81.0    320.8    305.7
    20     1    25    11     1     4     0     2    -4.0   24.796  121.759    144.5    966.1    295.8    292.9      0.0   1334.9     67.4     62.2    318.4
    21     1    25    11     1     4     0     2    -4.0   24.956  121.020     39.6    953.3    297.5    293.4      0.0   1115.6     66.1    281.4    525.9
    22     1    25    11     1     4     0     2    -4.0   24.488  120.607      0.0    945.1    299.6    294.7      0.0    984.8     63.6    486.4    538.4
    23     1    25    11     1     4     0     2    -4.0   24.387  121.214    522.5    863.4    297.6    285.3      0.0    667.1     95.2    647.9    250.0
    24     1    25    11     1     4     0     2    -4.0   24.153  120.252      0.0    973.3    299.3    297.0      0.0    856.5     64.1    130.3    476.3
    25     1    25    11     1     4     0     2    -4.0   25.068  121.892    271.3    950.5    295.8    291.5      0.0   1306.2     72.2     78.9    355.8
    26     1    25    11     1     4     0     2    -4.0   25.045  121.987    289.1    955.9    295.6    291.8      0.0   1430.2     69.6      4.0    487.4
    27     1    25    11     1     4     0     2    -4.0   25.177  121.691    245.8    940.6    296.1    291.0      0.0   1320.1     75.5    181.5    359.0
     1     1    25    11     1     3     0     3    -5.0   24.989  121.456     42.4    994.9    295.9    295.5      0.0   1337.9     60.6    156.4    351.4
     2     1    25    11     1     3     0     3    -5.0   25.025  121.787      3.3   1016.7    295.8    297.2      0.0   1498.9     55.2      3.6    405.7
     3     1    25    11     1     3     0     3    -5.0   25.061  121.035      2.8    999.6    297.1    297.0      0.0   1282.1     57.1    148.3    496.2
     4     1    25    11     1     3     0     3    -5.0   24.577  120.646      0.0    986.7    298.9    297.7      0.0   1033.6     55.2    260.4    532.0
     5     1    25    11     1     3     0     3    -5.0   24.603  121.343    155.2    964.6    296.0    292.9      0.0   1181.8     70.8    309.3    232.2
     6     1    25    11     1     3     0     3    -5.0   24.151  120.276      0.0    994.9    299.4    298.9      0.0    712.5     60.1    155.4    445.7
     7     1    25    11     1     3     0     3    -5.0   25.356  121.892     31.1   1014.5    295.5    296.7      0.0   1502.2     55.9      0.4    549.6
     8     1    25    11     1     3     0     3    -5.0   25.316  121.999     37.5   1013.8    295.2    296.4      0.0   1530.2     56.3      0.0    588.5
     9     1    25    11     1     3     0     3    -5.0   25.424  121.673     18.6   1006.4    295.6    296.2      0.0   1346.1     58.2     82.5    449.5
    10     1    25    11     1     3     0     3    -5.0   24.989  121.455    290.8    994.9    295.9    295.5      0.0   1337.9     60.6    156.4    351.4
    11     1    25    11     1     3     0     3    -5.0   25.025  121.787    253.3   1016.7    295.8    297.2      0.0   1498.9     55.2      3.6    405.7
    12     1    25    11     1     3     0     3    -5.0   25.061  121.035    251.3    999.6    297.1    297.0      0.0   1282.1     57.1    148.3    496.2
    13     1    25    11     1     3     0     3    -5.0   24.577  120.646    247.4    986.7    298.9    297.7      0.0   1033.5     55.2    260.6    532.0
    14     1    25    11     1     3     0     3    -5.0   24.603  121.343    402.0    964.6    296.0    292.9      0.0   1181.9     70.8    309.2    232.2
    15     1    25    11     1     3     0     3    -5.0   24.151  120.276    248.4    994.9    299.4    298.9      0.0    712.5     60.1    155.4    445.7
    16     1    25    11     1     3     0     3    -5.0   25.356  121.892    281.1   1014.5    295.5    296.7      0.0   1502.1     55.9      0.4    549.6
    17     1    25    11     1     3     0     3    -5.0   25.303  121.976    271.8   1015.7    295.2    296.5      0.0   1524.4     56.4      0.0    585.5
    18     1    25    11     1     3     0     3    -5.0   25.424  121.673    267.7   1006.4    295.6    296.2      0.0   1346.1     58.2     82.5    449.5
    19     1    25    11     1     3     0     3    -5.0   24.918  121.681    142.5    946.9    295.9    291.3      0.0   1204.4     75.0    237.9    227.1
    20     1    25    11     1     3     0     3    -5.0   24.974  121.976    155.8    971.8    295.7    293.3      0.0   1526.1     64.1      0.0    298.1
    21     1    25    11     1     3     0     3    -5.0   25.059  121.328    180.1    936.4    296.5    290.9      0.0   1269.2     76.2    297.4    365.6
    22     1    25    11     1     3     0     3    -5.0   24.653  120.838     83.1    928.1    297.9    291.6      0.0    976.1     71.5    479.9    499.0
    23     1    25    11     1     3     0     3    -5.0   24.439  121.360    458.7    902.4    296.1    287.6      0.0   1033.0     91.7    336.4    222.4
    24     1    25    11     1     3     0     3    -5.0   24.264  120.281      0.0    970.1    298.6    296.1      0.0    683.8     65.8    168.1    428.2
    25     1    25    11     1     3     0     3    -5.0   25.232  122.122    238.6    962.4    295.7    292.5      0.0   1513.5     66.4      1.4    331.0
    26     1    25    11     1     3     0     3    -5.0   25.227  122.213    279.9    957.8    295.4    291.8      0.0   1558.3     68.7      0.0    493.6
    27     1    25    11     1     3     0     3    -5.0   25.304  121.938    172.2    961.3    295.8    292.5      0.0   1343.1     67.8     81.7    282.2
     1     1    25    11     1     2     0     2    -6.0   25.136  121.666      0.0   1016.0    295.8    297.1      0.0   1406.6     56.1     19.6    228.0
     2     1    25    11     1     2     0     2    -6.0   25.220  121.982      0.0   1017.1    295.5    297.0      0.0   1538.4     56.3      0.0    333.4
     3     1    25    11     1     2     0     2    -6.0   25.181  121.271      4.0   1002.7    295.7    296.0      0.0   1197.0     61.9    123.9    286.6
     4     1    25    11     1     2     0     2    -6.0   24.713  120.828     29.2    974.8    297.0    294.8      0.0    972.1     64.3    355.6    334.5
     5     1    25    11     1     2     0     2    -6.0   24.743  121.513     30.2   1003.9    295.8    296.2      0.0   1271.0     59.5     99.8    166.1
     6     1    25    11     1     2     0     2    -6.0   24.233  120.291      0.0    993.6    298.2    297.7      0.0    607.4     63.5    176.5    300.1
     7     1    25    11     1     2     0     2    -6.0   25.563  122.096     30.7   1014.8    295.2    296.4      0.0   1518.4     56.6      0.0    400.3
     8     1    25    11     1     2     0     2    -6.0   25.543  122.189     37.8   1013.9    294.9    296.1      0.0   1515.2     56.6      0.0    420.0
     9     1    25    11     1     2     0     2    -6.0   25.603  121.892      3.8   1017.1    295.4    296.9      0.0   1499.5     57.0      0.8    371.9
    10     1    25    11     1     2     0     2    -6.0   25.136  121.666    249.8   1016.0    295.8    297.1      0.0   1406.6     56.1     19.6    228.0
    11     1    25    11     1     2     0     2    -6.0   25.220  121.982    250.0   1017.1    295.5    297.0      0.0   1538.4     56.3      0.0    333.4
    12     1    25    11     1     2     0     2    -6.0   25.181  121.271    252.8   1002.7    295.7    296.0      0.0   1197.0     61.9    123.9    286.6
    13     1    25    11     1     2     0     2    -6.0   24.713  120.828    275.6    974.8    297.0    294.8      0.0    972.0     64.3    355.6    334.5
    14     1    25    11     1     2     0     2    -6.0   24.743  121.513    279.2   1003.9    295.8    296.2      0.0   1271.0     59.5     99.8    166.1
    15     1    25    11     1     2     0     2    -6.0   24.233  120.291    248.2    993.6    298.2    297.7      0.0    607.4     63.5    176.5    300.1
    16     1    25    11     1     2     0     2    -6.0   25.563  122.096    280.7   1014.8    295.2    296.4      0.0   1518.4     56.6      0.0    400.3
    17     1    25    11     1     2     0     2    -6.0   25.525  122.164    271.8   1015.8    295.0    296.3      0.0   1512.6     56.7      0.0    420.1
    18     1    25    11     1     2     0     2    -6.0   25.603  121.892    253.8   1017.1    295.4    296.9      0.0   1499.5     57.0      0.8    371.9
    19     1    25    11     1     2     0     2    -6.0   25.097  121.881     34.4    985.3    295.7    294.5      0.0   1469.1     61.2      4.1    156.0
    20     1    25    11     1     2     0     2    -6.0   25.179  122.182    169.7    970.3    295.5    292.9      0.0   1568.9     66.6      0.0    268.6
    21     1    25    11     1     2     0     2    -6.0   25.154  121.575    159.0    943.4    295.7    290.8      0.0    995.0     76.6    251.9    176.6
    22     1    25    11     1     2     0     2    -6.0   24.704  121.073    334.7    892.1    297.0    287.4      0.3    781.2     87.6    565.7    234.7
    23     1    25    11     1     2     0     2    -6.0   24.569  121.507    290.2    935.9    295.9    290.3      0.1   1057.0     79.6    195.6    154.2
    24     1    25    11     1     2     0     2    -6.0   24.412  120.359      0.0    961.7    298.0    294.7      0.0    627.9     68.5    235.2    285.6
    25     1    25    11     1     2     0     2    -6.0   25.430  122.334    244.9    961.8    295.5    292.2      0.0   1551.8     68.7      0.0    289.9
    26     1    25    11     1     2     0     2    -6.0   25.436  122.415    252.6    960.9    295.2    291.8      0.0   1570.1     68.0      0.0    417.5
    27     1    25    11     1     2     0     2    -6.0   25.487  122.156    146.7    972.9    295.6    293.3      0.0   1501.5     64.5      0.0    217.3
     1     1    25    11     1     1     0     1    -7.0   25.335  121.860      0.0   1017.2    295.6    297.0      0.0   1491.3     57.0      0.4    149.2
     2     1    25    11     1     1     0     1    -7.0   25.446  122.157      0.0   1017.3    295.3    296.7      0.0   1551.2     55.9      0.0    234.7
     3     1    25    11     1     1     0     1    -7.0   25.275  121.460     11.2   1001.0    295.1    295.2      0.0    971.9     64.5    139.2    124.6
     4     1    25    11     1     1     0     1    -7.0   24.790  121.058    145.8    963.7    295.5    292.4      0.1    733.9     73.3    339.4    129.5
     5     1    25    11     1     1     0     1    -7.0   24.936  121.684      0.0   1017.3    295.8    297.2      0.0   1476.0     56.5      0.0     98.7
     6     1    25    11     1     1     0     1    -7.0   24.356  120.342      0.0    987.0    297.5    296.3      0.0    521.6     66.0    244.7    157.5
     7     1    25    11     1     1     0     1    -7.0   25.803  122.276     30.7   1014.8    294.9    296.1      0.0   1483.6     56.8      0.0    237.5
     8     1    25    11     1     1     0     1    -7.0   25.788  122.358     38.9   1014.0    294.6    295.8      0.0   1455.1     57.2      0.0    237.1
     9     1    25    11     1     1     0     1    -7.0   25.820  122.085      3.1   1017.5    295.0    296.5      0.0   1480.0     57.7      0.0    225.5
    10     1    25    11     1     1     0     1    -7.0   25.335  121.860    250.0   1017.2    295.6    297.0      0.0   1491.3     57.0      0.4    149.2
    11     1    25    11     1     1     0     1    -7.0   25.446  122.157    250.0   1017.3    295.3    296.7      0.0   1551.2     55.9      0.0    234.7
    12     1    25    11     1     1     0     1    -7.0   25.275  121.460    259.8   1001.0    295.1    295.2      0.0    971.9     64.5    139.1    124.6
    13     1    25    11     1     1     0     1    -7.0   24.789  121.058    392.4    963.7    295.5    292.4      0.1    733.9     73.3    339.5    129.6
    14     1    25    11     1     1     0     1    -7.0   24.936  121.684    250.0   1017.3    295.8    297.2      0.0   1476.0     56.5      0.0     98.7
    15     1    25    11     1     1     0     1    -7.0   24.356  120.342    247.6    987.0    297.5    296.3      0.0    521.6     66.0    244.7    157.5
    16     1    25    11     1     1     0     1    -7.0   25.802  122.276    280.8   1014.8    294.9    296.1      0.0   1483.5     56.8      0.0    237.5
    17     1    25    11     1     1     0     1    -7.0   25.765  122.331    271.8   1016.1    294.6    296.0      0.0   1450.9     57.3      0.0    237.2
    18     1    25    11     1     1     0     1    -7.0   25.820  122.085    253.1   1017.5    295.0    296.5      0.0   1480.0     57.7      0.0    225.5
    19     1    25    11     1     1     0     1    -7.0   25.316  122.082     26.3    986.6    295.5    294.3      0.0   1523.1     63.2      0.0    118.2
    20     1    25    11     1     1     0     1    -7.0   25.407  122.375    160.3    971.4    295.2    292.7      0.0   1577.3     65.4      0.0    199.8
    21     1    25    11     1     1     0     1    -7.0   25.330  121.775     14.5    985.3    295.6    294.3      0.0   1379.1     62.8     32.2     92.7
    22     1    25    11     1     1     0     1    -7.0   24.763  121.262    402.2    903.7    295.9    287.5      0.3    548.3     89.1    382.1     92.2
    23     1    25    11     1     1     0     1    -7.0   24.766  121.675    179.7    969.1    295.8    293.1      0.0   1440.6     66.6      7.9     80.1
    24     1    25    11     1     1     0     1    -7.0   24.601  120.496      1.3    933.7    298.1    292.2      0.0    632.0     74.9    491.4    198.9
    25     1    25    11     1     1     0     1    -7.0   25.656  122.531    231.5    963.4    295.1    292.0      0.0   1569.6     67.7      0.0    214.2
    26     1    25    11     1     1     0     1    -7.0   25.672  122.599    239.0    962.5    294.9    291.6      0.0   1558.7     67.8      0.0    239.0
    27     1    25    11     1     1     0     1    -7.0   25.705  122.365    143.4    973.3    295.3    293.0      0.0   1547.4     66.5      0.0    165.8
     1     1    25    11     1     0     0     0    -8.0   25.567  122.044      0.0   1017.4    295.2    296.6      0.0   1523.6     57.1      0.0     44.1
     2     1    25    11     1     0     0     0    -8.0   25.689  122.316      0.0   1017.4    295.0    296.4      0.0   1497.1     56.6      0.0     54.8
     3     1    25    11     1     0     0     0    -8.0   25.429  121.639      0.0   1016.9    295.4    296.8      0.0   1416.8     58.4     20.0     11.3
     4     1    25    11     1     0     0     0    -8.0   24.849  121.240    148.0    971.4    295.0    292.6      0.0    342.5     72.1    258.9      6.8
     5     1    25    11     1     0     0     0    -8.0   25.160  121.867      0.0   1017.4    295.4    296.9      0.0   1532.7     58.3      0.0     21.4
     6     1    25    11     1     0     0     0    -8.0   24.496  120.424      0.0    979.0    296.7    294.9      0.0    509.8     69.6    318.4     43.8
     7     1    25    11     1     0     0     0    -8.0   26.054  122.438     30.9   1014.9    294.5    295.8      0.0   1414.4     57.4      0.0     54.8
     8     1    25    11     1     0     0     0    -8.0   26.040  122.511     40.8   1014.6    294.1    295.4      0.0   1340.3     58.5      0.0     54.8
     9     1    25    11     1     0     0     0    -8.0   26.065  122.257      3.1   1017.4    294.7    296.2      0.0   1418.7     57.9      0.0     54.2
    10     1    25    11     1     0     0     0    -8.0   25.567  122.044    250.0   1017.4    295.2    296.6      0.0   1523.6     57.1      0.0     44.1
    11     1    25    11     1     0     0     0    -8.0   25.689  122.316    250.0   1017.4    295.0    296.4      0.0   1497.1     56.6      0.0     54.8
    12     1    25    11     1     0     0     0    -8.0   25.429  121.639    249.8   1016.9    295.4    296.8      0.0   1416.8     58.4     20.0     11.3
    13     1    25    11     1     0     0     0    -8.0   24.849  121.240    395.6    971.3    295.0    292.6      0.0    342.5     72.1    259.0      6.8
    14     1    25    11     1     0     0     0    -8.0   25.160  121.867    250.0   1017.4    295.4    296.9      0.0   1532.7     58.3      0.0     21.4
    15     1    25    11     1     0     0     0    -8.0   24.496  120.424    246.8    979.0    296.7    294.9      0.0    509.8     69.6    318.4     43.8
    16     1    25    11     1     0     0     0    -8.0   26.054  122.438    280.9   1014.9    294.5    295.8      0.0   1414.4     57.4      0.0     54.8
    17     1    25    11     1     0     0     0    -8.0   26.012  122.480    271.8   1016.8    294.2    295.6      0.0   1339.0     58.5      0.0     54.8
    18     1    25    11     1     0     0     0    -8.0   26.065  122.257    253.1   1017.4    294.7    296.2      0.0   1418.7     57.9      0.0     54.2
    19     1    25    11     1     0     0     0    -8.0   25.563  122.281     21.9    987.2    295.1    294.0      0.0   1551.0     62.1      0.0     40.8
    20     1    25    11     1     0     0     0    -8.0   25.661  122.552    154.0    972.2    294.8    292.4      0.0   1513.4     67.3      0.0     54.8
    21     1    25    11     1     0     0     0    -8.0   25.557  121.975      0.0    991.0    295.3    294.6      0.0   1481.9     62.7      0.0     13.1
    22     1    25    11     1     0     0     0    -8.0   24.919  121.439    273.8    934.4    295.5    289.8      0.0    731.3     79.6    229.0      6.8
    23     1    25    11     1     0     0     0    -8.0   24.996  121.862    177.8    969.6    295.4    292.8      0.0   1499.0     69.3      0.0     11.1
    24     1    25    11     1     0     0     0    -8.0   24.769  120.690     45.3    921.4    297.5    290.5      0.0    577.5     79.8    580.9     34.5
    25     1    25    11     1     0     0     0    -8.0   25.907  122.712    224.6    964.2    294.8    291.7      0.0   1523.1     68.5      0.0     54.8
    26     1    25    11     1     0     0     0    -8.0   25.925  122.766    237.7    962.7    294.6    291.4      0.0   1485.8     69.8      0.0     54.8
    27     1    25    11     1     0     0     0    -8.0   25.953  122.557    138.3    974.0    294.9    292.7      0.0   1534.2     65.0      0.0     49.7
     1     1    25    10    31    23     0     1    -9.0   25.827  122.204      0.0   1017.4    295.0    296.5      0.0   1457.3     57.3      0.0     35.8
     2     1    25    10    31    23     0     1    -9.0   25.948  122.455      0.0   1017.4    294.6    296.1      0.0   1449.8     58.5      0.0     36.5
     3     1    25    10    31    23     0     1    -9.0   25.664  121.818      0.0   1017.5    295.1    296.6      0.0   1414.7     59.0      0.0     16.6
     4     1    25    10    31    23     0     1    -9.0   24.968  121.370     26.1    993.0    294.9    294.3      0.0    821.3     68.6    199.8      4.5
     5     1    25    10    31    23     0     1    -9.0   25.417  122.037      0.0   1017.4    295.1    296.6      0.0   1505.2     57.3      0.0     32.4
     6     1    25    10    31    23     0     1    -9.0   24.641  120.530      0.0    955.1    297.2    293.2      0.0    555.8     74.7    534.8     30.2
     7     1    25    10    31    23     0     1    -9.0   26.318  122.580     31.0   1015.3    294.2    295.5      0.0   1359.1     58.8      0.0     36.5
     8     1    25    10    31    23     0     1    -9.0   26.309  122.637     41.0   1014.8    293.9    295.2      0.0   1334.7     59.2      0.0     32.3
     9     1    25    10    31    23     0     1    -9.0   26.323  122.409      3.1   1017.4    294.5    296.0      0.0   1375.5     58.4      0.0     36.5
    10     1    25    10    31    23     0     1    -9.0   25.827  122.204    250.0   1017.4    295.0    296.5      0.0   1457.3     57.3      0.0     35.8
    11     1    25    10    31    23     0     1    -9.0   25.948  122.455    250.0   1017.4    294.6    296.1      0.0   1449.8     58.5      0.0     36.5
    12     1    25    10    31    23     0     1    -9.0   25.664  121.818    250.0   1017.5    295.1    296.6      0.0   1414.7     59.0      0.0     16.6
    13     1    25    10    31    23     0     1    -9.0   24.967  121.370    274.2    993.0    294.9    294.3      0.0    820.9     68.6    199.9      4.5
    14     1    25    10    31    23     0     1    -9.0   25.417  122.037    250.0   1017.4    295.1    296.6      0.0   1505.2     57.3      0.0     32.4
    15     1    25    10    31    23     0     1    -9.0   24.641  120.530    244.7    955.1    297.2    293.2      0.0    555.8     74.7    534.8     30.2
    16     1    25    10    31    23     0     1    -9.0   26.317  122.580    281.0   1015.3    294.2    295.5      0.0   1359.0     58.8      0.0     36.5
    17     1    25    10    31    23     0     1    -9.0   26.274  122.606    271.8   1017.0    294.0    295.4      0.0   1329.2     59.4      0.0     33.0
    18     1    25    10    31    23     0     1    -9.0   26.323  122.409    253.1   1017.4    294.5    296.0      0.0   1375.5     58.4      0.0     36.5
    19     1    25    10    31    23     0     1    -9.0   25.843  122.457     31.9    986.1    294.8    293.6      0.0   1491.8     63.2      0.0     36.1
    20     1    25    10    31    23     0     1    -9.0   25.938  122.706    154.8    972.1    294.5    292.1      0.0   1436.2     69.3      0.0     36.5
    21     1    25    10    31    23     0     1    -9.0   25.829  122.168      3.2    989.4    295.0    294.1      0.0   1513.4     61.6      0.0     28.6
    22     1    25    10    31    23     0     1    -9.0   25.151  121.613    152.2    972.4    295.3    293.0      0.0   1446.1     67.6      2.9      5.5
    23     1    25    10    31    23     0     1    -9.0   25.265  122.048    180.6    969.2    295.1    292.5      0.0   1529.0     68.0      0.0     23.1
    24     1    25    10    31    23     0     1    -9.0   24.849  120.921    374.2    868.2    298.4    286.6      0.0    408.6     89.5    763.5     10.0
    25     1    25    10    31    23     0     1    -9.0   26.181  122.869    227.2    963.9    294.5    291.4      0.0   1447.3     71.3      0.0     36.5
    26     1    25    10    31    23     0     1    -9.0   26.191  122.910    261.0    960.1    294.4    291.0      0.0   1452.7     70.8      0.0     34.8
    27     1    25    10    31    23     0     1    -9.0   26.227  122.727    139.2    973.9    294.7    292.5      0.0   1481.1     67.3      0.0     36.5
     1     1    25    10    31    22     0     2   -10.0   26.106  122.342      0.0   1017.4    294.6    296.1      0.0   1444.0     59.3      0.0     18.3
     2     1    25    10    31    22     0     2   -10.0   26.223  122.568      0.0   1017.5    294.4    295.9      0.0   1394.9     58.8      0.0     17.0
     3     1    25    10    31    22     0     2   -10.0   25.947  121.977      0.0   1017.4    294.8    296.2      0.0   1335.0     59.1      0.0     17.7
     4     1    25    10    31    22     0     2   -10.0   25.184  121.498      0.0   1016.9    295.3    296.7      0.0   1410.0     59.6     10.0      3.5
     5     1    25    10    31    22     0     2   -10.0   25.698  122.180      0.0   1017.4    294.9    296.3      0.0   1458.7     59.1      0.0     18.3
     6     1    25    10    31    22     0     2   -10.0   24.776  120.652      0.0    966.0    296.2    293.1      0.0    655.1     75.8    447.2     12.0
     7     1    25    10    31    22     0     2   -10.0   26.605  122.689     31.0   1015.5    293.9    295.2      0.0   1311.1     59.3      0.0     15.6
     8     1    25    10    31    22     0     2   -10.0   26.600  122.726     41.0   1014.5    293.6    294.8      0.0   1341.5     60.4      0.0     15.6
     9     1    25    10    31    22     0     2   -10.0   26.600  122.536      3.1   1017.7    294.2    295.7      0.0   1314.3     60.0      0.0     18.3
    10     1    25    10    31    22     0     2   -10.0   26.106  122.342    250.0   1017.4    294.6    296.1      0.0   1444.0     59.3      0.0     18.3
    11     1    25    10    31    22     0     2   -10.0   26.223  122.568    250.0   1017.5    294.4    295.9      0.0   1394.9     58.8      0.0     17.0
    12     1    25    10    31    22     0     2   -10.0   25.947  121.977    250.0   1017.4    294.8    296.2      0.0   1335.0     59.1      0.0     17.7
    13     1    25    10    31    22     0     2   -10.0   25.183  121.498    249.9   1016.9    295.3    296.7      0.0   1410.0     59.6     10.0      3.5
    14     1    25    10    31    22     0     2   -10.0   25.698  122.180    250.0   1017.4    294.9    296.3      0.0   1458.7     59.1      0.0     18.3
    15     1    25    10    31    22     0     2   -10.0   24.776  120.652    245.5    966.0    296.2    293.1      0.0    655.1     75.8    447.2     12.0
    16     1    25    10    31    22     0     2   -10.0   26.605  122.688    281.0   1015.5    293.9    295.2      0.0   1311.0     59.3      0.0     15.6
    17     1    25    10    31    22     0     2   -10.0   26.559  122.695    271.8   1016.7    293.6    295.0      0.0   1323.4     60.5      0.0     15.6
    18     1    25    10    31    22     0     2   -10.0   26.600  122.536    253.1   1017.7    294.2    295.7      0.0   1314.3     60.0      0.0     18.3
    19     1    25    10    31    22     0     2   -10.0   26.147  122.603     57.8    983.1    294.4    293.0      0.0   1401.7     67.3      0.0     18.3
    20     1    25    10    31    22     0     2   -10.0   26.233  122.831    149.4    972.7    294.2    291.9      0.0   1393.9     69.1      0.0     16.9
    21     1    25    10    31    22     0     2   -10.0   26.134  122.331     31.3    986.1    294.7    293.5      0.0   1444.5     63.5      0.0     18.3
    22     1    25    10    31    22     0     2   -10.0   25.446  121.789    130.3    974.9    295.0    292.9      0.0   1442.3     67.1      0.0      9.0
    23     1    25    10    31    22     0     2   -10.0   25.566  122.206    216.2    965.2    294.8    291.8      0.0   1461.3     70.1      0.0     17.7
    24     1    25    10    31    22     0     2   -10.0   24.900  121.095    560.3    853.5    298.2    285.0      0.3    282.1     96.6    716.3      2.8
    25     1    25    10    31    22     0     2   -10.0   26.473  122.998    240.8    962.4    294.3    291.1      0.0   1405.3     71.4      0.0     17.0
    26     1    25    10    31    22     0     2   -10.0   26.478  123.022    248.1    961.7    294.0    290.7      0.0   1439.1     72.0      0.0     16.2
    27     1    25    10    31    22     0     2   -10.0   26.525  122.869    141.4    973.6    294.3    292.1      0.0   1391.7     69.2      0.0     18.3
     1     1    25    10    31    21     0     3   -11.0   26.402  122.456      0.0   1017.5    294.3    295.8      0.0   1363.8     60.0      0.0      0.0
     2     1    25    10    31    21     0     3   -11.0   26.514  122.645      0.0   1017.5    294.1    295.6      0.0   1415.7     58.9      0.0      0.0
     3     1    25    10    31    21     0     3   -11.0   26.245  122.116      0.0   1017.5    294.6    296.1      0.0   1323.4     59.5      0.0      0.0
     4     1    25    10    31    21     0     3   -11.0   25.489  121.645      0.0   1017.5    294.9    296.4      0.0   1294.4     60.2      0.0      0.0
     5     1    25    10    31    21     0     3   -11.0   25.997  122.302      0.0   1017.5    294.5    295.9      0.0   1366.7     61.0      0.0      0.0
     6     1    25    10    31    21     0     3   -11.0   24.901  120.783      0.0    974.3    294.9    292.7      0.0    691.0     81.2    380.0      0.0
     7     1    25    10    31    21     0     3   -11.0   26.907  122.759     31.0   1015.0    293.6    294.8      0.0   1301.3     61.0      0.0      0.0
     8     1    25    10    31    21     0     3   -11.0   26.906  122.777     42.4   1013.7    293.2    294.3      0.0   1296.6     62.3      0.0      0.0
     9     1    25    10    31    21     0     3   -11.0   26.897  122.627      3.1   1017.5    293.8    295.3      0.0   1225.5     61.0      0.0      0.0
    10     1    25    10    31    21     0     3   -11.0   26.402  122.456    250.0   1017.5    294.3    295.8      0.0   1363.8     60.0      0.0      0.0
    11     1    25    10    31    21     0     3   -11.0   26.514  122.645    250.0   1017.5    294.1    295.6      0.0   1415.7     58.9      0.0      0.0
    12     1    25    10    31    21     0     3   -11.0   26.245  122.116    250.0   1017.5    294.6    296.1      0.0   1323.4     59.5      0.0      0.0
    13     1    25    10    31    21     0     3   -11.0   25.489  121.645    250.0   1017.5    294.9    296.4      0.0   1294.5     60.2      0.0      0.0
    14     1    25    10    31    21     0     3   -11.0   25.997  122.302    250.0   1017.5    294.5    295.9      0.0   1366.7     61.0      0.0      0.0
    15     1    25    10    31    21     0     3   -11.0   24.901  120.783    246.2    974.3    294.9    292.7      0.0    691.0     81.2    380.0      0.0
    16     1    25    10    31    21     0     3   -11.0   26.907  122.758    281.0   1015.0    293.6    294.8      0.0   1301.2     61.0      0.0      0.0
    17     1    25    10    31    21     0     3   -11.0   26.860  122.749    271.8   1016.1    293.3    294.6      0.0   1285.1     62.1      0.0      0.0
    18     1    25    10    31    21     0     3   -11.0   26.897  122.627    253.1   1017.5    293.8    295.3      0.0   1225.5     61.0      0.0      0.0
    19     1    25    10    31    21     0     3   -11.0   26.465  122.723     78.7    980.7    294.1    292.5      0.0   1357.7     67.1      0.0      0.0
    20     1    25    10    31    21     0     3   -11.0   26.536  122.927    132.4    974.6    293.7    291.6      0.0   1337.4     71.7      0.0      0.0
    21     1    25    10    31    21     0     3   -11.0   26.458  122.471     66.8    982.1    294.3    292.8      0.0   1403.9     67.5      0.0      0.0
    22     1    25    10    31    21     0     3   -11.0   25.777  121.947    132.2    974.7    294.7    292.5      0.0   1387.1     67.2      0.0      0.0
    23     1    25    10    31    21     0     3   -11.0   25.891  122.340    220.2    964.7    294.3    291.3      0.0   1359.2     73.9      0.0      0.0
    24     1    25    10    31    21     0     3   -11.0   25.050  121.242    403.7    907.8    295.3    287.3      0.2    330.4     94.9    336.3      0.0
    25     1    25    10    31    21     0     3   -11.0   26.776  123.096    224.2    964.2    293.8    290.8      0.0   1365.5     73.3      0.0      0.0
    26     1    25    10    31    21     0     3   -11.0   26.776  123.097    231.2    963.4    293.7    290.6      0.0   1381.4     73.3      0.0      0.0
    27     1    25    10    31    21     0     3   -11.0   26.837  122.981    128.4    975.1    294.1    292.0      0.0   1407.0     67.6      0.0      0.0
     1     1    25    10    31    20     0     2   -12.0   26.709  122.528      0.0   1017.4    294.0    295.4      0.0   1334.1     60.6      0.0      0.0
     2     1    25    10    31    20     0     2   -12.0   26.808  122.685      0.0   1017.4    293.7    295.1      0.0   1298.4     62.2      0.0      0.0
     3     1    25    10    31    20     0     2   -12.0   26.557  122.226      0.0   1017.4    294.2    295.7      0.0   1337.6     61.1      0.0      0.0
     4     1    25    10    31    20     0     2   -12.0   25.804  121.776      0.0   1017.4    294.7    296.2      0.0   1294.0     60.5      0.0      0.0
     5     1    25    10    31    20     0     2   -12.0   26.301  122.390      0.0   1017.4    294.2    295.7      0.0   1378.4     60.4      0.0      0.0
     6     1    25    10    31    20     0     2   -12.0   24.999  120.907      0.0    974.7    294.9    292.7      0.2    570.1     82.4    378.2      0.0
     7     1    25    10    31    20     0     2   -12.0   27.217  122.793     31.1   1014.9    293.2    294.5      0.0   1299.9     62.6      0.0      0.0
     8     1    25    10    31    20     0     2   -12.0   27.219  122.794     44.6   1013.4    292.9    294.0      0.0   1312.1     63.5      0.0      0.0
     9     1    25    10    31    20     0     2   -12.0   27.202  122.679      3.1   1017.4    293.5    295.0      0.0   1298.4     61.9      0.0      0.0
    10     1    25    10    31    20     0     2   -12.0   26.709  122.528    250.0   1017.4    294.0    295.4      0.0   1334.1     60.6      0.0      0.0
    11     1    25    10    31    20     0     2   -12.0   26.809  122.685    250.0   1017.4    293.7    295.1      0.0   1298.4     62.2      0.0      0.0
    12     1    25    10    31    20     0     2   -12.0   26.557  122.226    250.0   1017.4    294.2    295.7      0.0   1337.6     61.1      0.0      0.0
    13     1    25    10    31    20     0     2   -12.0   25.804  121.776    250.0   1017.4    294.7    296.2      0.0   1294.0     60.5      0.0      0.0
    14     1    25    10    31    20     0     2   -12.0   26.301  122.390    250.0   1017.4    294.2    295.7      0.0   1378.4     60.4      0.0      0.0
    15     1    25    10    31    20     0     2   -12.0   24.999  120.907    246.2    974.7    294.9    292.7      0.2    570.1     82.4    378.2      0.0
    16     1    25    10    31    20     0     2   -12.0   27.217  122.793    281.2   1014.9    293.2    294.5      0.0   1299.9     62.6      0.0      0.0
    17     1    25    10    31    20     0     2   -12.0   27.166  122.769    271.8   1016.0    293.0    294.3      0.0   1300.3     63.4      0.0      0.0
    18     1    25    10    31    20     0     2   -12.0   27.202  122.679    253.1   1017.4    293.5    295.0      0.0   1298.4     61.9      0.0      0.0
    19     1    25    10    31    20     0     2   -12.0   26.787  122.803     77.1    980.8    293.7    292.1      0.0   1283.7     70.0      0.0      0.0
    20     1    25    10    31    20     0     2   -12.0   26.844  122.982     98.8    978.3    293.6    291.8      0.0   1285.1     70.8      0.0      0.0
    21     1    25    10    31    20     0     2   -12.0   26.790  122.575     80.2    980.5    294.0    292.3      0.0   1371.2     67.6      0.0      0.0
    22     1    25    10    31    20     0     2   -12.0   26.115  122.081    128.6    975.0    294.4    292.3      0.0   1426.2     69.4      0.0      0.0
    23     1    25    10    31    20     0     2   -12.0   26.225  122.446    219.3    964.7    294.1    291.1      0.0   1356.3     73.1      0.0      0.0
    24     1    25    10    31    20     0     2   -12.0   25.305  121.380     82.8    969.7    294.9    292.3      0.4   1101.0     74.0     96.9      0.0
    25     1    25    10    31    20     0     2   -12.0   27.086  123.153    211.7    965.5    293.6    290.7      0.0   1295.8     74.6      0.0      0.0
    26     1    25    10    31    20     0     2   -12.0   27.089  123.131    209.3    965.7    293.5    290.6      0.0   1411.8     73.1      0.0      0.0
    27     1    25    10    31    20     0     2   -12.0   27.152  123.052     94.6    978.8    293.6    291.8      0.0   1283.1     70.7      0.0      0.0
