    10     1
    GFSQ    25    11     1     0     0
    GFSQ    25    11     2     0     0
    GFSQ    25    11     3     0     0
    GFSQ    25    11     4     0     0
    GFSQ    25    11     5     0     0
    GFSQ    25    11     6     0     0
    GFSQ    25    11     7     0     0
    GFSQ    25    11     8     0     0
    GFSQ    25    11     9     0     0
    GFSQ    25    11    10     0     0
    27 BACKWARD OMEGA   
    25    11     9     1   24.217  120.620    10.0
    25    11     9     1   24.217  120.620    10.0
    25    11     9     1   24.217  120.620    10.0
    25    11     9     1   24.217  120.620    10.0
    25    11     9     1   24.217  120.620    10.0
    25    11     9     1   24.217  120.620    10.0
    25    11     9     1   24.217  120.620    10.0
    25    11     9     1   24.217  120.620    10.0
    25    11     9     1   24.217  120.620    10.0
    25    11     9     1   24.217  120.620    10.0
    25    11     9     1   24.217  120.620    10.0
    25    11     9     1   24.217  120.620    10.0
    25    11     9     1   24.217  120.620    10.0
    25    11     9     1   24.217  120.620    10.0
    25    11     9     1   24.217  120.620    10.0
    25    11     9     1   24.217  120.620    10.0
    25    11     9     1   24.217  120.620    10.0
    25    11     9     1   24.217  120.620    10.0
    25    11     9     1   24.217  120.620    10.0
    25    11     9     1   24.217  120.620    10.0
    25    11     9     1   24.217  120.620    10.0
    25    11     9     1   24.217  120.620    10.0
    25    11     9     1   24.217  120.620    10.0
    25    11     9     1   24.217  120.620    10.0
    25    11     9     1   24.217  120.620    10.0
    25    11     9     1   24.217  120.620    10.0
    25    11     9     1   24.217  120.620    10.0
     8 PRESSURE THETA    AIR_TEMP RAINFALL MIXDEPTH RELHUMID TERR_MSL SUN_FLUX
     1     1    25    11     9     1     0     1     0.0   24.217  120.620     10.0    991.7    298.9    298.2      0.0    445.1     72.1    159.6    219.8
     2     1    25    11     9     1     0     1     0.0   24.217  120.620     10.0    999.9    298.3    298.3      0.0    453.0     73.8     84.4    216.4
     3     1    25    11     9     1     0     1     0.0   24.217  120.620     10.0    990.0    299.8    298.9      0.0    545.9     66.4    168.8    220.1
     4     1    25    11     9     1     0     1     0.0   24.217  120.620     10.0    921.9    304.0    296.8      0.0    479.6     58.8    818.4    226.5
     5     1    25    11     9     1     0     1     0.0   24.217  120.620     10.0    943.7    302.5    297.4      0.0    439.1     58.4    603.5    224.0
     6     1    25    11     9     1     0     1     0.0   24.217  120.620     10.0    935.8    303.2    297.4      0.0    496.1     58.6    671.8    227.8
     7     1    25    11     9     1     0     1     0.0   24.217  120.620     10.0   1008.9    297.3    298.0      0.0    459.6     82.3     11.2    215.9
     8     1    25    11     9     1     0     1     0.0   24.217  120.620     10.0   1009.8    297.2    298.0      0.0    557.8     83.3      1.5    213.6
     9     1    25    11     9     1     0     1     0.0   24.217  120.620     10.0   1008.2    298.0    298.7      0.0    526.0     77.5     13.3    216.1
    10     1    25    11     9     1     0     1     0.0   24.217  120.620     10.0    991.7    298.9    298.2      0.0    445.1     72.1    159.6    219.8
    11     1    25    11     9     1     0     1     0.0   24.217  120.620     10.0    999.9    298.3    298.3      0.0    453.0     73.8     84.4    216.4
    12     1    25    11     9     1     0     1     0.0   24.217  120.620     10.0    990.0    299.8    298.9      0.0    545.9     66.4    168.8    220.1
    13     1    25    11     9     1     0     1     0.0   24.217  120.620     10.0    922.0    304.0    296.8      0.0    479.6     58.8    818.4    226.5
    14     1    25    11     9     1     0     1     0.0   24.217  120.620     10.0    943.7    302.5    297.4      0.0    439.1     58.4    603.5    224.0
    15     1    25    11     9     1     0     1     0.0   24.217  120.620     10.0    935.8    303.2    297.4      0.0    496.1     58.6    671.8    227.8
    16     1    25    11     9     1     0     1     0.0   24.217  120.620     10.0   1008.9    297.3    298.0      0.0    459.6     82.3     11.2    215.9
    17     1    25    11     9     1     0     1     0.0   24.217  120.620     10.0   1009.8    297.2    298.0      0.0    557.8     83.3      1.5    213.6
    18     1    25    11     9     1     0     1     0.0   24.217  120.620     10.0   1008.2    298.0    298.7      0.0    526.0     77.5     13.3    216.1
    19     1    25    11     9     1     0     1     0.0   24.217  120.620     10.0    964.0    299.0    295.8      0.0    445.1     78.0    159.6    219.8
    20     1    25    11     9     1     0     1     0.0   24.217  120.620     10.0    971.9    298.5    296.1      0.0    453.0     78.2     84.4    216.4
    21     1    25    11     9     1     0     1     0.0   24.217  120.620     10.0    962.4    299.6    296.3      0.0    545.9     75.2    168.8    220.1
    22     1    25    11     9     1     0     1     0.0   24.217  120.620     10.0    896.7    304.2    294.7      0.0    479.6     61.8    818.4    226.5
    23     1    25    11     9     1     0     1     0.0   24.217  120.620     10.0    917.7    302.7    295.2      0.0    439.1     61.8    603.5    224.0
    24     1    25    11     9     1     0     1     0.0   24.217  120.620     10.0    910.0    303.3    295.1      0.0    496.1     62.1    671.8    227.8
    25     1    25    11     9     1     0     1     0.0   24.217  120.620     10.0    980.6    297.6    295.9      0.0    459.6     85.8     11.2    215.9
    26     1    25    11     9     1     0     1     0.0   24.217  120.620     10.0    981.4    297.6    296.0      0.0    557.8     87.0      1.5    213.6
    27     1    25    11     9     1     0     1     0.0   24.217  120.620     10.0    980.0    298.0    296.2      0.0    526.0     84.6     13.3    216.1
     1     1    25    11     9     0     0     0    -1.0   24.241  120.574      0.0    990.0    298.2    297.3      0.0    313.7     74.8    177.0     45.0
     2     1    25    11     9     0     0     0    -1.0   24.348  120.662      0.0   1000.5    297.6    297.7      0.0    390.1     74.0     82.0     44.6
     3     1    25    11     9     0     0     0    -1.0   24.213  120.556      0.0    990.5    298.5    297.7      0.0    342.5     71.0    167.1     42.9
     4     1    25    11     9     0     0     0    -1.0   24.197  120.558     27.4    923.1    302.4    295.4      0.0    251.5     62.3    792.1     47.0
     5     1    25    11     9     0     0     0    -1.0   24.244  120.566      0.0    944.9    301.3    296.4      0.0    246.9     59.8    595.3     47.1
     6     1    25    11     9     0     0     0    -1.0   24.194  120.590    204.3    902.4    302.5    293.6      0.0    251.2     64.6    798.4     46.9
     7     1    25    11     9     0     0     0    -1.0   24.401  120.683      2.3   1008.4    297.0    297.7      0.0    429.2     81.3      9.0     42.6
     8     1    25    11     9     0     0     0    -1.0   24.529  120.797      0.0   1010.3    297.3    298.2      0.0    578.4     80.9      0.0     42.6
     9     1    25    11     9     0     0     0    -1.0   24.322  120.609      7.1   1008.4    297.3    298.0      0.0    412.1     79.7     15.9     41.9
    10     1    25    11     9     0     0     0    -1.0   24.241  120.574    248.2    990.0    298.2    297.3      0.0    313.7     74.8    177.0     45.0
    11     1    25    11     9     0     0     0    -1.0   24.348  120.662    249.2   1000.5    297.6    297.7      0.0    390.0     74.0     82.0     44.6
    12     1    25    11     9     0     0     0    -1.0   24.213  120.556    248.3    990.5    298.5    297.7      0.0    342.5     71.0    167.1     42.9
    13     1    25    11     9     0     0     0    -1.0   24.197  120.558    269.5    923.1    302.4    295.4      0.0    251.5     62.3    792.1     47.0
    14     1    25    11     9     0     0     0    -1.0   24.244  120.566    244.0    944.9    301.3    296.4      0.0    246.9     59.8    595.3     47.1
    15     1    25    11     9     0     0     0    -1.0   24.195  120.587    424.5    905.6    302.3    293.8      0.0    251.3     65.0    789.4     46.9
    16     1    25    11     9     0     0     0    -1.0   24.401  120.683    249.9   1008.4    297.0    297.7      0.0    429.2     81.3      9.0     42.6
    17     1    25    11     9     0     0     0    -1.0   24.529  120.797    250.0   1010.3    297.3    298.2      0.0    578.4     80.9      0.0     42.6
    18     1    25    11     9     0     0     0    -1.0   24.322  120.609    249.8   1008.4    297.3    298.0      0.0    412.1     79.7     15.9     41.9
    19     1    25    11     9     0     0     0    -1.0   24.239  120.588     18.3    959.6    298.4    294.9      0.0    316.1     80.8    193.4     45.0
    20     1    25    11     9     0     0     0    -1.0   24.366  120.706      0.0    970.6    298.1    295.5      0.0    378.2     77.7    115.7     45.2
    21     1    25    11     9     0     0     0    -1.0   24.206  120.559     31.2    959.5    298.6    295.0      0.0    341.3     80.5    175.1     43.0
    22     1    25    11     9     0     0     0    -1.0   24.187  120.574     32.7    891.4    303.7    293.7      0.0    241.9     61.5    849.5     47.2
    23     1    25    11     9     0     0     0    -1.0   24.246  120.591      0.0    911.5    302.5    294.4      0.0    238.8     58.8    679.6     47.5
    24     1    25    11     9     0     0     0    -1.0   24.187  120.605    159.0    876.3    304.6    293.2      0.0    250.3     59.3    857.1     47.1
    25     1    25    11     9     0     0     0    -1.0   24.444  120.732      0.0    978.8    297.4    295.6      0.0    434.1     83.7     35.8     42.5
    26     1    25    11     9     0     0     0    -1.0   24.597  120.905      0.0    985.3    297.7    296.4      0.0    539.7     82.0      0.0     43.2
    27     1    25    11     9     0     0     0    -1.0   24.340  120.627     28.3    977.7    297.4    295.5      0.0    398.0     86.6     17.5     42.2
     1     1    25    11     8    23     0     1    -2.0   24.258  120.594      0.0    987.6    298.0    296.9      0.0    280.7     75.8    197.4     30.0
     2     1    25    11     8    23     0     1    -2.0   24.480  120.805      0.0    998.3    297.7    297.6      0.0    428.8     73.4    107.3     30.1
     3     1    25    11     8    23     0     1    -2.0   24.207  120.564      6.3    988.5    298.1    297.1      0.0    259.8     73.0    180.5     28.7
     4     1    25    11     8    23     0     1    -2.0   24.172  120.586    193.5    896.5    303.2    293.7      0.0    171.1     62.1    878.3     31.6
     5     1    25    11     8    23     0     1    -2.0   24.268  120.588     13.2    941.5    300.7    295.5      0.0    206.6     61.5    621.9     31.5
     6     1    25    11     8    23     0     1    -2.0   24.159  120.668    444.7    847.5    306.6    292.3      0.0    189.4     53.3   1100.0     31.6
     7     1    25    11     8    23     0     1    -2.0   24.572  120.829      0.0   1002.8    297.2    297.4      0.0    439.1     79.0     60.0     28.9
     8     1    25    11     8    23     0     1    -2.0   24.822  121.104      3.6   1009.0    297.5    298.3      0.0    618.0     81.2     10.9     28.6
     9     1    25    11     8    23     0     1    -2.0   24.413  120.669      6.3   1007.0    297.1    297.7      0.0    347.8     80.8     21.4     29.0
    10     1    25    11     8    23     0     1    -2.0   24.258  120.594    248.0    987.6    298.0    296.9      0.0    280.7     75.8    197.4     30.0
    11     1    25    11     8    23     0     1    -2.0   24.480  120.805    248.9    998.3    297.7    297.6      0.0    428.8     73.4    107.3     30.1
    12     1    25    11     8    23     0     1    -2.0   24.207  120.564    254.5    988.5    298.1    297.1      0.0    259.8     73.0    180.5     28.7
    13     1    25    11     8    23     0     1    -2.0   24.172  120.586    434.7    896.5    303.2    293.7      0.0    171.1     62.1    878.2     31.6
    14     1    25    11     8    23     0     1    -2.0   24.268  120.588    257.0    941.5    300.7    295.5      0.0    206.6     61.5    621.9     31.5
    15     1    25    11     8    23     0     1    -2.0   24.161  120.664    672.5    849.9    306.4    292.4      0.0    189.1     53.8   1086.5     31.6
    16     1    25    11     8    23     0     1    -2.0   24.572  120.829    249.4   1002.8    297.2    297.4      0.0    439.1     79.0     60.0     28.9
    17     1    25    11     8    23     0     1    -2.0   24.822  121.104    253.5   1009.0    297.5    298.3      0.0    618.0     81.2     10.9     28.6
    18     1    25    11     8    23     0     1    -2.0   24.413  120.669    249.8   1007.0    297.1    297.7      0.0    347.8     80.8     21.4     29.0
    19     1    25    11     8    23     0     1    -2.0   24.247  120.618     41.2    953.2    298.7    294.6      0.0    270.1     81.8    228.4     30.0
    20     1    25    11     8    23     0     1    -2.0   24.511  120.895      0.0    972.3    297.9    295.6      0.0    397.4     75.2    119.7     30.0
    21     1    25    11     8    23     0     1    -2.0   24.196  120.570     67.2    953.0    298.9    294.8      0.0    256.6     81.3    195.5     28.8
    22     1    25    11     8    23     0     1    -2.0   24.157  120.610    120.7    871.2    304.9    293.0      0.0    162.7     59.8    957.3     31.9
    23     1    25    11     8    23     0     1    -2.0   24.277  120.640      0.0    902.6    303.0    294.2      0.0    189.3     57.0    764.4     31.9
    24     1    25    11     8    23     0     1    -2.0   24.154  120.689    303.0    830.5    307.8    291.8      0.0    190.9     50.5   1177.3     31.7
    25     1    25    11     8    23     0     1    -2.0   24.645  120.926      0.0    977.1    297.6    295.6      0.0    424.7     82.2     60.1     29.9
    26     1    25    11     8    23     0     1    -2.0   24.861  121.385     36.0    974.6    298.1    295.9      0.0    590.8     82.3     54.8     29.8
    27     1    25    11     8    23     0     1    -2.0   24.438  120.699     50.1    972.8    297.5    295.2      0.0    322.9     84.8     34.0     29.4
     1     1    25    11     8    22     0     2    -3.0   24.294  120.621      1.9    986.0    297.7    296.5      0.0    236.4     76.6    209.9     15.0
     2     1    25    11     8    22     0     2    -3.0   24.615  120.964     19.9    995.7    297.5    297.1      0.0    460.5     74.5    124.5     15.1
     3     1    25    11     8    22     0     2    -3.0   24.216  120.576     30.5    984.8    297.8    296.5      0.0    173.4     75.3    189.1     14.4
     4     1    25    11     8    22     0     2    -3.0   24.150  120.622    313.0    872.3    304.6    292.8      0.0     99.7     60.4    991.9     16.0
     5     1    25    11     8    22     0     2    -3.0   24.308  120.637     93.5    928.1    301.3    294.8      0.0    167.8     60.1    667.2     15.8
     6     1    25    11     8    22     0     2    -3.0   24.135  120.763    575.2    803.0    308.7    289.8      0.0    135.0     54.1   1432.9     15.6
     7     1    25    11     8    22     0     2    -3.0   24.764  121.003      0.0   1005.5    297.2    297.6      0.0    501.8     79.8     36.3     15.0
     8     1    25    11     8    22     0     2    -3.0   25.008  121.435     14.7   1010.9    297.3    298.2      0.0    450.8     83.0      0.0     14.9
     9     1    25    11     8    22     0     2    -3.0   24.522  120.732      6.7   1001.8    297.0    297.1      0.0    342.9     82.6     67.7     14.9
    10     1    25    11     8    22     0     2    -3.0   24.294  120.621    249.8    986.0    297.7    296.5      0.0    236.4     76.6    209.9     15.0
    11     1    25    11     8    22     0     2    -3.0   24.615  120.964    268.7    995.7    297.5    297.1      0.0    460.5     74.5    124.5     15.1
    12     1    25    11     8    22     0     2    -3.0   24.216  120.576    278.6    984.8    297.8    296.5      0.0    173.4     75.3    189.1     14.4
    13     1    25    11     8    22     0     2    -3.0   24.150  120.622    553.1    872.4    304.6    292.8      0.0     99.7     60.4    991.8     16.0
    14     1    25    11     8    22     0     2    -3.0   24.308  120.637    336.8    928.1    301.3    294.8      0.0    167.8     60.1    667.2     15.8
    15     1    25    11     8    22     0     2    -3.0   24.136  120.759    801.7    805.3    308.5    289.9      0.0    135.0     54.1   1417.7     15.6
    16     1    25    11     8    22     0     2    -3.0   24.764  121.003    249.6   1005.5    297.2    297.6      0.0    501.8     79.8     36.3     15.0
    17     1    25    11     8    22     0     2    -3.0   25.008  121.435    264.7   1010.9    297.3    298.2      0.0    450.8     83.0      0.0     14.9
    18     1    25    11     8    22     0     2    -3.0   24.522  120.732    249.8   1001.8    297.0    297.1      0.0    342.9     82.6     67.7     14.9
    19     1    25    11     8    22     0     2    -3.0   24.267  120.644     56.9    949.0    298.9    294.5      0.0    205.2     82.8    249.8     15.0
    20     1    25    11     8    22     0     2    -3.0   24.616  121.155     88.0    933.9    300.4    294.5      0.0    390.5     72.3    382.2     15.6
    21     1    25    11     8    22     0     2    -3.0   24.201  120.581     82.4    949.8    299.1    294.7      0.0    169.7     81.9    205.5     14.4
    22     1    25    11     8    22     0     2    -3.0   24.136  120.653    197.2    850.2    306.1    292.1      0.0     95.9     57.4   1088.9     16.2
    23     1    25    11     8    22     0     2    -3.0   24.313  120.698      0.0    896.1    303.3    293.8      0.0    133.7     56.5    828.1     16.0
    24     1    25    11     8    22     0     2    -3.0   24.133  120.792    416.2    788.1    309.4    289.0      0.0    134.9     54.1   1517.7     15.5
    25     1    25    11     8    22     0     2    -3.0   24.854  121.179      0.0    974.5    297.8    295.6      0.0    459.5     78.6     93.7     15.0
    26     1    25    11     8    22     0     2    -3.0   24.829  121.809    338.2    925.6    299.0    292.4      0.0    570.7     91.5    200.8     14.2
    27     1    25    11     8    22     0     2    -3.0   24.555  120.782     72.4    961.8    298.0    294.7      0.0    321.6     85.4    113.1     14.8
     1     1    25    11     8    21     0     3    -4.0   24.344  120.657     20.1    983.7    297.2    295.8      0.0    171.1     77.5    219.3      0.0
     2     1    25    11     8    21     0     3    -4.0   24.748  121.259    111.1    984.3    297.0    295.6      0.0    548.8     85.3    142.9      0.0
     3     1    25    11     8    21     0     3    -4.0   24.242  120.597     68.8    979.7    297.7    295.9      0.0     81.5     77.3    191.2      0.0
     4     1    25    11     8    21     0     3    -4.0   24.134  120.662    398.6    850.5    305.8    291.8      0.0     41.2     58.6   1120.8      0.0
     5     1    25    11     8    21     0     3    -4.0   24.357  120.700    139.9    922.6    301.4    294.3      0.0    116.9     60.3    677.6      0.0
     6     1    25    11     8    21     0     3    -4.0   24.123  120.873    712.4    760.3    310.7    287.2      0.0     76.6     56.3   1755.9      0.0
     7     1    25    11     8    21     0     3    -4.0   24.963  121.217     24.2   1001.5    297.2    297.3      0.0    587.7     80.9     59.3      0.0
     8     1    25    11     8    21     0     3    -4.0   25.047  121.727     89.0    992.3    297.6    296.9      0.0    588.6     83.8     85.4      0.0
     9     1    25    11     8    21     0     3    -4.0   24.664  120.818     14.4    996.4    296.8    296.5      0.0    337.2     82.2    109.7      0.0
    10     1    25    11     8    21     0     3    -4.0   24.344  120.657    267.9    983.7    297.2    295.8      0.0    171.1     77.5    219.3      0.0
    11     1    25    11     8    21     0     3    -4.0   24.748  121.259    359.6    984.3    297.0    295.6      0.0    548.8     85.3    142.8      0.0
    12     1    25    11     8    21     0     3    -4.0   24.242  120.597    316.9    979.7    297.7    295.9      0.0     81.5     77.3    191.2      0.0
    13     1    25    11     8    21     0     3    -4.0   24.134  120.662    637.4    850.5    305.8    291.9      0.0     41.2     58.6   1120.7      0.0
    14     1    25    11     8    21     0     3    -4.0   24.357  120.699    383.2    922.6    301.3    294.3      0.0    116.9     60.3    677.6      0.0
    15     1    25    11     8    21     0     3    -4.0   24.124  120.868    934.2    762.8    310.6    287.4      0.0     76.6     56.3   1739.6      0.0
    16     1    25    11     8    21     0     3    -4.0   24.963  121.217    273.6   1001.5    297.2    297.3      0.0    587.7     80.9     59.3      0.0
    17     1    25    11     8    21     0     3    -4.0   25.047  121.727    338.1    992.3    297.6    296.9      0.0    588.6     83.8     85.4      0.0
    18     1    25    11     8    21     0     3    -4.0   24.664  120.818    257.3    996.9    296.7    296.5      0.0    337.2     82.2    109.7      0.0
    19     1    25    11     8    21     0     3    -4.0   24.303  120.672     58.5    947.7    298.9    294.4      0.0    127.2     83.6    259.2      0.0
    20     1    25    11     8    21     0     3    -4.0   24.551  121.445    420.3    866.0    302.3    290.1      0.0    203.6     83.3    708.2      0.0
    21     1    25    11     8    21     0     3    -4.0   24.223  120.593     74.6    950.5    299.1    294.8      0.0     82.7     82.5    202.6      0.0
    22     1    25    11     8    21     0     3    -4.0   24.121  120.702    272.8    827.3    307.3    291.0      0.0     44.0     55.8   1245.4      0.0
    23     1    25    11     8    21     0     3    -4.0   24.341  120.776     43.3    876.8    304.1    292.7      0.0     79.8     58.3    986.5      0.0
    24     1    25    11     8    21     0     3    -4.0   24.122  120.907    564.0    744.4    311.7    286.5      0.0     76.6     55.5   1849.1      0.0
    25     1    25    11     8    21     0     3    -4.0   24.960  121.575    126.9    942.9    299.1    294.0      0.0    453.7     84.0    255.2      0.0
    26     1    25    11     8    21     0     3    -4.0   24.710  122.116    487.2    920.0    298.9    291.8      0.2    551.1     93.4    111.1      0.0
    27     1    25    11     8    21     0     3    -4.0   24.702  120.888     58.6    959.8    297.9    294.4      0.0    257.2     85.3    145.2      0.0
     1     1    25    11     8    20     0     2    -5.0   24.398  120.697     44.3    978.9    297.6    295.8      0.0    126.1     75.9    244.8      0.0
     2     1    25    11     8    20     0     2    -5.0   24.736  121.562    283.7    949.8    298.2    293.8      0.0    333.9     90.3    278.2      0.0
     3     1    25    11     8    20     0     2    -5.0   24.273  120.622    106.4    973.8    298.2    296.0      0.0     58.9     77.6    211.9      0.0
     4     1    25    11     8    20     0     2    -5.0   24.127  120.704    457.6    830.5    307.1    291.2      0.0     43.4     57.5   1263.4      0.0
     5     1    25    11     8    20     0     2    -5.0   24.399  120.784    205.8    907.6    302.3    293.8      0.0    106.9     62.1    771.8      0.0
     6     1    25    11     8    20     0     2    -5.0   24.123  120.987    876.5    751.6    311.1    286.5      0.0     62.0     58.9   1702.1      0.0
     7     1    25    11     8    20     0     2    -5.0   25.117  121.517     53.0    996.3    296.9    296.6      0.0    478.9     84.8     91.6      0.0
     8     1    25    11     8    20     0     2    -5.0   24.992  122.024    107.1    999.8    297.6    297.6      0.0    537.8     80.2     22.4      0.0
     9     1    25    11     8    20     0     2    -5.0   24.805  120.917     27.2    995.8    296.7    296.4      0.0    277.0     80.6    106.9      0.0
    10     1    25    11     8    20     0     2    -5.0   24.398  120.697    291.8    978.9    297.6    295.8      0.0    126.0     75.9    244.8      0.0
    11     1    25    11     8    20     0     2    -5.0   24.736  121.562    530.9    949.8    298.2    293.8      0.0    334.0     90.3    278.1      0.0
    12     1    25    11     8    20     0     2    -5.0   24.273  120.622    354.3    973.8    298.2    296.0      0.0     58.9     77.6    211.9      0.0
    13     1    25    11     8    20     0     2    -5.0   24.127  120.704    694.9    830.6    307.1    291.2      0.0     43.4     57.5   1263.3      0.0
    14     1    25    11     8    20     0     2    -5.0   24.399  120.784    448.0    907.7    302.3    293.8      0.0    106.9     62.1    771.6      0.0
    15     1    25    11     8    20     0     2    -5.0   24.122  120.981   1097.7    750.0    311.3    286.5      0.0     62.5     58.3   1730.6      0.0
    16     1    25    11     8    20     0     2    -5.0   25.117  121.517    302.1    996.3    296.9    296.6      0.0    478.9     84.8     91.6      0.0
    17     1    25    11     8    20     0     2    -5.0   24.992  122.024    356.8    999.8    297.6    297.6      0.0    537.8     80.2     22.4      0.0
    18     1    25    11     8    20     0     2    -5.0   24.801  120.914    272.8    996.1    296.7    296.3      0.0    274.0     80.6    108.2      0.0
    19     1    25    11     8    20     0     2    -5.0   24.352  120.703     42.9    945.8    299.4    294.6      0.0    104.6     80.4    300.2      0.0
    20     1    25    11     8    20     0     2    -5.0   24.441  121.634    665.9    863.4    302.2    289.7      0.0     26.8     84.8    482.8      0.0
    21     1    25    11     8    20     0     2    -5.0   24.251  120.608     61.9    952.9    299.3    295.2      0.0     60.0     81.8    195.8      0.0
    22     1    25    11     8    20     0     2    -5.0   24.118  120.760    351.5    799.4    309.0    289.7      0.0     45.0     56.4   1464.4      0.0
    23     1    25    11     8    20     0     2    -5.0   24.355  120.887    179.2    835.4    307.3    291.6      0.0     48.5     52.5   1284.2      0.0
    24     1    25    11     8    20     0     2    -5.0   24.131  121.019    726.8    758.6    310.5    286.6      0.0     58.3     61.6   1545.6      0.0
    25     1    25    11     8    20     0     2    -5.0   24.849  121.872    410.3    900.9    300.1    291.3      0.0    149.5     90.4    368.2      0.0
    26     1    25    11     8    20     0     2    -5.0   24.646  122.320    345.6    946.7    298.1    293.4      0.0    678.0     92.3      6.6      0.0
    27     1    25    11     8    20     0     2    -5.0   24.847  121.004     15.5    955.0    298.8    294.8      0.0    255.3     78.8    243.1      0.0
     1     1    25    11     8    19     0     1    -6.0   24.461  120.745     84.7    960.7    299.0    295.5      0.0    102.2     71.8    377.2      0.0
     2     1    25    11     8    19     0     1    -6.0   24.653  121.761    395.6    944.5    298.2    293.4      0.0    219.8     92.0    223.5      0.0
     3     1    25    11     8    19     0     1    -6.0   24.294  120.647    132.1    968.5    298.7    296.0      0.0     38.9     78.1    239.6      0.0
     4     1    25    11     8    19     0     1    -6.0   24.135  120.750    496.5    808.9    308.5    290.3      0.0     43.5     57.7   1454.1      0.0
     5     1    25    11     8    19     0     1    -6.0   24.419  120.894    332.9    872.6    305.0    293.1      0.0     59.2     55.4    994.9      0.0
     6     1    25    11     8    19     0     1    -6.0   24.162  121.087    985.2    782.8    308.6    287.4      0.0     42.5     65.2   1261.8      0.0
     7     1    25    11     8    19     0     1    -6.0   25.139  121.782    159.5    977.5    297.5    295.6      0.0    394.3     87.9    154.5      0.0
     8     1    25    11     8    19     0     1    -6.0   24.939  122.256     70.0   1006.2    297.8    298.3      0.0    551.9     77.1      4.2      0.0
     9     1    25    11     8    19     0     1    -6.0   24.957  121.045     50.0    990.6    297.5    296.7      0.0    307.4     77.0    140.9      0.0
    10     1    25    11     8    19     0     1    -6.0   24.461  120.745    331.0    960.7    299.0    295.5      0.0    102.2     71.8    377.2      0.0
    11     1    25    11     8    19     0     1    -6.0   24.653  121.761    643.3    944.5    298.2    293.4      0.0    219.8     92.0    223.6      0.0
    12     1    25    11     8    19     0     1    -6.0   24.294  120.647    379.7    968.5    298.7    296.0      0.0     38.9     78.1    239.6      0.0
    13     1    25    11     8    19     0     1    -6.0   24.135  120.750    731.9    808.9    308.5    290.3      0.0     43.5     57.7   1454.0      0.0
    14     1    25    11     8    19     0     1    -6.0   24.419  120.893    572.8    872.6    305.0    293.1      0.0     59.2     55.4    994.6      0.0
    15     1    25    11     8    19     0     1    -6.0   24.159  121.081   1214.1    781.6    308.7    287.4      0.0     43.4     64.9   1282.9      0.0
    16     1    25    11     8    19     0     1    -6.0   25.139  121.782    408.0    977.5    297.5    295.6      0.0    394.3     87.9    154.5      0.0
    17     1    25    11     8    19     0     1    -6.0   24.939  122.256    320.0   1006.2    297.8    298.3      0.0    551.9     77.1      4.2      0.0
    18     1    25    11     8    19     0     1    -6.0   24.950  121.040    296.8    989.9    297.5    296.6      0.0    304.4     77.0    148.1      0.0
    19     1    25    11     8    19     0     1    -6.0   24.414  120.741     19.1    938.6    300.3    294.8      0.0     92.4     75.3    401.1      0.0
    20     1    25    11     8    19     0     1    -6.0   24.369  121.778    661.7    883.9    301.0    290.5      0.0    142.2     87.0    279.4      0.0
    21     1    25    11     8    19     0     1    -6.0   24.274  120.627     58.8    951.6    299.6    295.4      0.0     43.2     81.4    217.6      0.0
    22     1    25    11     8    19     0     1    -6.0   24.129  120.833    431.2    764.9    311.3    288.2      0.0     44.0     54.7   1763.5      0.0
    23     1    25    11     8    19     0     1    -6.0   24.354  121.007    326.4    810.3    308.6    290.4      0.0     31.0     52.6   1397.8      0.0
    24     1    25    11     8    19     0     1    -6.0   24.181  121.118    809.8    786.8    308.1    287.5      0.0     36.0     66.7   1152.0      0.0
    25     1    25    11     8    19     0     1    -6.0   24.762  122.046    460.7    918.7    299.0    291.9      0.0    190.6     92.9    145.4      0.0
    26     1    25    11     8    19     0     1    -6.0   24.621  122.512    307.6    951.4    298.1    293.9      0.0    777.4     90.9      0.0      0.0
    27     1    25    11     8    19     0     1    -6.0   24.993  121.152      0.0    971.1    298.0    295.5      0.0    237.7     75.3    150.0      0.0
     1     1    25    11     8    18     0     0    -7.0   24.537  120.801    105.8    949.4    300.0    295.5      0.0     99.3     68.5    464.9      0.0
     2     1    25    11     8    18     0     0    -7.0   24.594  121.888    366.7    965.2    297.8    294.8      0.0    309.3     90.3     66.1      0.0
     3     1    25    11     8    18     0     0    -7.0   24.308  120.670    148.4    964.4    299.2    296.1      0.0     24.0     78.8    265.4      0.0
     4     1    25    11     8    18     0     0    -7.0   24.157  120.807    533.5    782.2    310.4    289.2      0.0     45.1     55.9   1707.2      0.0
     5     1    25    11     8    18     0     0    -7.0   24.416  121.001    451.9    848.0    306.5    292.2      0.0     33.1     53.9   1120.0      0.0
     6     1    25    11     8    18     0     0    -7.0   24.222  121.173    995.9    804.6    306.8    288.2      0.0     19.1     66.9   1009.4      0.0
     7     1    25    11     8    18     0     0    -7.0   25.102  121.990    194.3    973.4    297.6    295.3      0.0    276.8     88.7    172.9      0.0
     8     1    25    11     8    18     0     0    -7.0   24.904  122.453     53.8   1008.9    298.0    298.8      0.0    678.4     74.0      0.0      0.0
     9     1    25    11     8    18     0     0    -7.0   25.106  121.203     70.5    992.2    297.4    296.7      0.0    316.9     76.6    115.6      0.0
    10     1    25    11     8    18     0     0    -7.0   24.537  120.801    351.2    949.4    300.0    295.5      0.0     99.3     68.5    464.9      0.0
    11     1    25    11     8    18     0     0    -7.0   24.595  121.888    616.0    965.2    297.8    294.8      0.0    309.3     90.3     66.2      0.0
    12     1    25    11     8    18     0     0    -7.0   24.308  120.670    395.8    964.4    299.2    296.1      0.0     24.0     78.8    265.4      0.0
    13     1    25    11     8    18     0     0    -7.0   24.157  120.807    766.3    782.2    310.4    289.2      0.0     45.1     55.9   1707.0      0.0
    14     1    25    11     8    18     0     0    -7.0   24.416  121.001    690.6    848.0    306.5    292.2      0.0     33.1     53.9   1119.8      0.0
    15     1    25    11     8    18     0     0    -7.0   24.219  121.168   1231.1    803.9    306.8    288.2      0.0     20.5     66.7   1021.8      0.0
    16     1    25    11     8    18     0     0    -7.0   25.102  121.990    442.6    973.4    297.6    295.3      0.0    276.8     88.7    172.9      0.0
    17     1    25    11     8    18     0     0    -7.0   24.904  122.453    303.8   1008.9    298.0    298.8      0.0    678.4     74.0      0.0      0.0
    18     1    25    11     8    18     0     0    -7.0   25.098  121.194    316.7    993.4    297.3    296.8      0.0    308.9     76.3    107.5      0.0
    19     1    25    11     8    18     0     0    -7.0   24.487  120.783      0.0    933.2    300.9    294.9      0.0     70.6     71.0    487.2      0.0
    20     1    25    11     8    18     0     0    -7.0   24.339  121.909    626.6    910.9    299.6    291.7      0.0    292.7     91.7     59.2      0.0
    21     1    25    11     8    18     0     0    -7.0   24.295  120.649     62.0    949.2    300.0    295.5      0.0     28.3     81.2    242.0      0.0
    22     1    25    11     8    18     0     0    -7.0   24.152  120.927    515.3    723.0    314.2    286.3      0.0     45.1     52.2   2154.0      0.0
    23     1    25    11     8    18     0     0    -7.0   24.343  121.118    419.4    806.6    308.5    290.0      0.0     22.7     52.4   1331.8      0.0
    24     1    25    11     8    18     0     0    -7.0   24.246  121.204    799.0    805.9    306.6    288.2      0.0     38.8     67.4    949.8      0.0
    25     1    25    11     8    18     0     0    -7.0   24.722  122.178    426.1    936.4    298.3    292.7      0.0    318.1     96.1     13.3      0.0
    26     1    25    11     8    18     0     0    -7.0   24.619  122.703    273.2    955.3    298.1    294.3      0.0    800.4     88.8      0.0      0.0
    27     1    25    11     8    18     0     0    -7.0   25.098  121.324     13.3    951.7    299.6    295.3      0.0    255.6     72.2    299.0      0.0
     1     1    25    11     8    17     0     1    -8.0   24.625  120.876    118.4    950.3    300.1    295.6      0.0    124.3     68.2    454.6      0.0
     2     1    25    11     8    17     0     1    -8.0   24.557  121.981    284.1    981.9    297.8    296.2      0.0    430.7     85.2      4.5      0.0
     3     1    25    11     8    17     0     1    -8.0   24.310  120.690    162.5    961.0    299.5    296.1      0.0     23.6     79.1    287.9      0.0
     4     1    25    11     8    17     0     1    -8.0   24.189  120.884    596.2    746.5    312.5    287.3      0.0     44.5     54.7   2042.9      0.0
     5     1    25    11     8    17     0     1    -8.0   24.399  121.100    540.0    835.4    306.6    291.1      0.0     30.7     57.1   1154.5      0.0
     6     1    25    11     8    17     0     1    -8.0   24.284  121.244    981.5    818.5    305.8    288.6      0.0    116.7     69.7    887.3      0.0
     7     1    25    11     8    17     0     1    -8.0   25.047  122.143    150.4    990.9    297.7    296.9      0.0    374.9     82.8     69.1      0.0
     8     1    25    11     8    17     0     1    -8.0   24.883  122.644     51.4   1009.7    298.0    298.9      0.0    742.5     73.2      0.0      0.0
     9     1    25    11     8    17     0     1    -8.0   25.229  121.420    115.2    984.1    297.2    295.8      0.0    421.1     82.7    157.4      0.0
    10     1    25    11     8    17     0     1    -8.0   24.625  120.876    363.8    950.3    300.1    295.6      0.0    124.3     68.2    454.7      0.0
    11     1    25    11     8    17     0     1    -8.0   24.557  121.981    534.1    981.9    297.8    296.2      0.0    430.7     85.2      4.5      0.0
    12     1    25    11     8    17     0     1    -8.0   24.310  120.690    409.6    961.0    299.5    296.1      0.0     23.6     79.1    287.9      0.0
    13     1    25    11     8    17     0     1    -8.0   24.189  120.884    825.7    746.5    312.5    287.3      0.0     44.5     54.7   2042.6      0.0
    14     1    25    11     8    17     0     1    -8.0   24.399  121.099    778.4    835.5    306.6    291.1      0.0     30.7     57.1   1154.3      0.0
    15     1    25    11     8    17     0     1    -8.0   24.280  121.239   1218.5    817.5    305.8    288.6      0.0    106.5     69.6    900.9      0.0
    16     1    25    11     8    17     0     1    -8.0   25.047  122.143    399.7    990.9    297.7    296.9      0.0    374.9     82.8     69.1      0.0
    17     1    25    11     8    17     0     1    -8.0   24.883  122.644    301.4   1009.7    298.0    298.9      0.0    742.5     73.2      0.0      0.0
    18     1    25    11     8    17     0     1    -8.0   25.221  121.405    362.1    983.3    297.3    295.8      0.0    412.6     82.1    165.1      0.0
    19     1    25    11     8    17     0     1    -8.0   24.565  120.838      0.0    931.9    301.1    294.9      0.0     95.2     70.2    513.8      0.0
    20     1    25    11     8    17     0     1    -8.0   24.331  122.043    594.9    921.0    299.0    292.1      0.0    517.8     92.1      0.0      0.0
    21     1    25    11     8    17     0     1    -8.0   24.308  120.669     72.7    946.2    300.2    295.5      0.0     31.7     81.1    264.9      0.0
    22     1    25    11     8    17     0     1    -8.0   24.192  121.026    611.2    726.0    313.2    285.7      0.0     32.9     55.8   2031.9      0.0
    23     1    25    11     8    17     0     1    -8.0   24.326  121.216    495.6    809.6    307.7    289.6      0.0     19.2     56.6   1219.0      0.0
    24     1    25    11     8    17     0     1    -8.0   24.309  121.279    782.1    823.3    305.5    288.8      0.0    176.2     70.5    797.9      0.0
    25     1    25    11     8    17     0     1    -8.0   24.706  122.306    376.3    944.3    298.2    293.3      0.0    527.0     94.7      0.0      0.0
    26     1    25    11     8    17     0     1    -8.0   24.625  122.903    255.3    958.6    298.1    294.5      0.0    820.4     86.9      0.0      0.0
    27     1    25    11     8    17     0     1    -8.0   25.144  121.547     81.8    932.8    300.2    294.2      0.0    244.3     74.6    408.9      0.0
     1     1    25    11     8    16     0     2    -9.0   24.699  120.958    127.1    959.7    299.6    296.0      0.0    132.8     68.1    371.8      0.0
     2     1    25    11     8    16     0     2    -9.0   24.538  122.082    225.5    989.7    297.9    297.0      0.0    542.5     81.4      1.5      0.0
     3     1    25    11     8    16     0     2    -9.0   24.296  120.710    185.1    952.8    300.1    295.9      0.0     24.4     78.4    346.5      0.0
     4     1    25    11     8    16     0     2    -9.0   24.239  120.980    707.6    720.8    313.7    285.7      0.0     39.6     55.0   2223.9      0.0
     5     1    25    11     8    16     0     2    -9.0   24.372  121.189    641.7    822.0    306.8    290.0      0.0     26.9     58.6   1185.0      0.0
     6     1    25    11     8    16     0     2    -9.0   24.349  121.310   1022.7    829.8    305.0    288.9      0.0    216.9     71.3    739.1      0.0
     7     1    25    11     8    16     0     2    -9.0   24.983  122.265     66.4   1007.1    297.8    298.4      0.0    456.6     77.1     15.3      0.0
     8     1    25    11     8    16     0     2    -9.0   24.853  122.831     44.4   1011.0    298.1    299.1      0.0    788.6     71.6      0.0      0.0
     9     1    25    11     8    16     0     2    -9.0   25.279  121.667    188.8    972.6    297.5    295.1      0.0    341.1     86.6    169.7      0.0
    10     1    25    11     8    16     0     2    -9.0   24.699  120.958    373.4    959.7    299.6    296.0      0.0    132.8     68.1    371.9      0.0
    11     1    25    11     8    16     0     2    -9.0   24.538  122.082    475.4    989.7    297.9    297.0      0.0    542.5     81.4      1.5      0.0
    12     1    25    11     8    16     0     2    -9.0   24.296  120.710    431.6    952.8    300.1    295.9      0.0     24.4     78.4    346.5      0.0
    13     1    25    11     8    16     0     2    -9.0   24.239  120.980    935.2    720.8    313.7    285.7      0.0     39.6     55.0   2224.1      0.0
    14     1    25    11     8    16     0     2    -9.0   24.372  121.189    879.7    822.0    306.8    290.0      0.0     26.9     58.6   1184.9      0.0
    15     1    25    11     8    16     0     2    -9.0   24.345  121.304   1262.3    828.0    305.2    288.9      0.0    208.3     71.0    760.4      0.0
    16     1    25    11     8    16     0     2    -9.0   24.983  122.265    316.2   1007.1    297.8    298.4      0.0    456.6     77.1     15.3      0.0
    17     1    25    11     8    16     0     2    -9.0   24.853  122.831    294.4   1011.0    298.1    299.1      0.0    788.6     71.6      0.0      0.0
    18     1    25    11     8    16     0     2    -9.0   25.276  121.653    432.3    973.7    297.4    295.2      0.0    346.5     86.5    166.5      0.0
    19     1    25    11     8    16     0     2    -9.0   24.641  120.914      0.0    936.8    300.9    295.2      0.0    112.7     69.2    479.8      0.0
    20     1    25    11     8    16     0     2    -9.0   24.330  122.172    585.3    922.7    299.1    292.3      0.0    678.8     90.0      0.0      0.0
    21     1    25    11     8    16     0     2    -9.0   24.297  120.688     98.9    941.8    300.5    295.4      0.0     25.3     81.3    283.8      0.0
    22     1    25    11     8    16     0     2    -9.0   24.251  121.105    711.7    723.0    313.1    285.3      0.0     21.5     56.3   1967.9      0.0
    23     1    25    11     8    16     0     2    -9.0   24.306  121.302    559.4    826.9    305.8    289.5      0.0     14.0     65.4    979.6      0.0
    24     1    25    11     8    16     0     2    -9.0   24.374  121.348    813.7    839.9    304.3    289.2      0.0    265.4     72.9    598.9      0.0
    25     1    25    11     8    16     0     2    -9.0   24.698  122.437    356.1    947.5    298.2    293.7      0.0    672.2     92.4      0.0      0.0
    26     1    25    11     8    16     0     2    -9.0   24.635  123.104    292.5    955.1    298.1    294.2      0.0    819.8     87.2      0.0      0.0
    27     1    25    11     8    16     0     2    -9.0   25.102  121.747    227.4    906.1    300.9    292.5      0.0    130.8     77.4    513.0      0.0
     1     1    25    11     8    15     0     3   -10.0   24.748  121.048    180.0    952.0    300.3    296.1      0.0    117.4     66.1    394.2      0.0
     2     1    25    11     8    15     0     3   -10.0   24.535  122.205    205.8    993.1    298.0    297.4      0.0    617.4     79.6      0.0      0.0
     3     1    25    11     8    15     0     3   -10.0   24.264  120.730    219.7    944.1    300.6    295.7      0.0     14.9     78.8    398.2      0.0
     4     1    25    11     8    15     0     3   -10.0   24.306  121.063    837.9    730.7    312.7    285.8      0.0     23.5     56.5   1991.2      0.0
     5     1    25    11     8    15     0     3   -10.0   24.346  121.269    744.2    830.7    305.7    289.8      0.0     19.0     65.5   1001.1      0.0
     6     1    25    11     8    15     0     3   -10.0   24.413  121.368   1097.1    840.4    304.2    289.2      0.0    266.3     73.1    556.0      0.0
     7     1    25    11     8    15     0     3   -10.0   24.949  122.390     31.1   1012.7    297.9    298.9      0.0    532.2     75.4      3.7      0.0
     8     1    25    11     8    15     0     3   -10.0   24.817  123.027     44.6   1011.4    298.2    299.2      0.0    802.3     69.9      0.0      0.0
     9     1    25    11     8    15     0     3   -10.0   25.245  121.870    309.0    946.5    298.2    293.6      0.0    146.3     90.4    301.2      0.0
    10     1    25    11     8    15     0     3   -10.0   24.748  121.048    426.1    952.0    300.3    296.1      0.0    117.4     66.1    394.4      0.0
    11     1    25    11     8    15     0     3   -10.0   24.535  122.205    455.8    993.1    298.0    297.4      0.0    617.4     79.6      0.0      0.0
    12     1    25    11     8    15     0     3   -10.0   24.264  120.730    465.7    944.1    300.6    295.7      0.0     14.9     78.8    398.2      0.0
    13     1    25    11     8    15     0     3   -10.0   24.306  121.063   1067.8    730.7    312.7    285.8      0.0     23.5     56.5   1991.4      0.0
    14     1    25    11     8    15     0     3   -10.0   24.346  121.269    984.1    830.7    305.7    289.8      0.0     19.0     65.5   1001.3      0.0
    15     1    25    11     8    15     0     3   -10.0   24.410  121.362   1341.5    837.7    304.4    289.1      0.0    259.8     72.7    585.0      0.0
    16     1    25    11     8    15     0     3   -10.0   24.949  122.390    281.0   1012.7    297.9    298.9      0.0    532.2     75.4      3.7      0.0
    17     1    25    11     8    15     0     3   -10.0   24.817  123.027    294.6   1011.4    298.2    299.2      0.0    802.3     69.9      0.0      0.0
    18     1    25    11     8    15     0     3   -10.0   25.245  121.860    551.9    947.5    298.2    293.6      0.0    156.9     90.1    295.0      0.0
    19     1    25    11     8    15     0     3   -10.0   24.698  120.995      0.0    937.4    301.2    295.5      0.0    117.2     66.7    469.7      0.0
    20     1    25    11     8    15     0     3   -10.0   24.330  122.299    614.2    920.2    299.2    292.2      0.0    673.9     90.0      0.0      0.0
    21     1    25    11     8    15     0     3   -10.0   24.261  120.711    145.0    931.5    301.0    295.0      0.0     13.9     81.5    340.7      0.0
    22     1    25    11     8    15     0     3   -10.0   24.321  121.168    860.3    729.4    312.5    285.6      0.0     11.6     57.0   1748.4      0.0
    23     1    25    11     8    15     0     3   -10.0   24.281  121.378    601.6    843.4    304.1    289.5      0.0     10.8     72.8    770.2      0.0
    24     1    25    11     8    15     0     3   -10.0   24.433  121.408    868.5    856.4    303.0    289.7      0.0    303.0     75.4    367.1      0.0
    25     1    25    11     8    15     0     3   -10.0   24.690  122.575    369.3    946.9    298.3    293.7      0.0    663.1     92.4      0.0      0.0
    26     1    25    11     8    15     0     3   -10.0   24.648  123.287    386.7    945.2    298.1    293.3      0.0    786.4     90.5      0.0      0.0
    27     1    25    11     8    15     0     3   -10.0   25.034  121.888    344.4    909.5    300.0    291.9      0.0     32.6     84.8    365.1      0.0
     1     1    25    11     8    14     0     2   -11.0   24.762  121.146    278.4    921.8    302.5    295.5      0.0     90.2     63.7    575.3     47.8
     2     1    25    11     8    14     0     2   -11.0   24.532  122.342    202.3    993.4    298.1    297.5      0.0    665.5     79.3      0.0     45.1
     3     1    25    11     8    14     0     2   -11.0   24.227  120.750    261.0    931.5    301.2    295.1      0.1     21.2     80.7    481.2     30.1
     4     1    25    11     8    14     0     2   -11.0   24.376  121.133    959.3    740.6    311.8    286.1      0.0     18.1     57.1   1758.9     41.5
     5     1    25    11     8    14     0     2   -11.0   24.321  121.344    821.2    842.0    304.5    289.8      0.0     13.6     70.6    811.3     47.4
     6     1    25    11     8    14     0     2   -11.0   24.465  121.424   1160.3    857.1    303.0    289.8      0.0    265.6     75.5    309.0     42.3
     7     1    25    11     8    14     0     2   -11.0   24.937  122.531     26.9   1013.4    298.0    299.1      0.0    625.5     74.6      0.0     45.1
     8     1    25    11     8    14     0     2   -11.0   24.785  123.218     45.1   1011.3    298.2    299.1      0.3    773.4     71.0      0.0     38.4
     9     1    25    11     8    14     0     2   -11.0   25.189  122.013    384.3    946.8    298.2    293.6      0.0    152.5     89.9    231.5     47.0
    10     1    25    11     8    14     0     2   -11.0   24.762  121.146    522.7    921.8    302.5    295.5      0.0     90.1     63.7    575.2     47.8
    11     1    25    11     8    14     0     2   -11.0   24.532  122.342    452.3    993.4    298.1    297.5      0.0    665.5     79.3      0.0     45.1
    12     1    25    11     8    14     0     2   -11.0   24.227  120.750    506.1    931.5    301.2    295.1      0.1     21.2     80.7    481.2     30.1
    13     1    25    11     8    14     0     2   -11.0   24.376  121.133   1191.5    740.6    311.8    286.1      0.0     18.1     57.1   1759.0     41.5
    14     1    25    11     8    14     0     2   -11.0   24.321  121.344   1063.0    842.0    304.5    289.8      0.0     13.6     70.6    811.4     47.4
    15     1    25    11     8    14     0     2   -11.0   24.463  121.418   1411.1    853.4    303.2    289.7      0.0    260.7     75.0    344.5     42.0
    16     1    25    11     8    14     0     2   -11.0   24.937  122.531    276.9   1013.4    298.0    299.1      0.0    625.5     74.6      0.0     45.1
    17     1    25    11     8    14     0     2   -11.0   24.785  123.218    295.1   1011.3    298.2    299.1      0.3    773.4     71.0      0.0     38.4
    18     1    25    11     8    14     0     2   -11.0   25.190  122.004    634.0    945.3    298.3    293.5      0.0    141.4     90.0    242.5     47.1
    19     1    25    11     8    14     0     2   -11.0   24.726  121.079     45.2    922.6    302.3    295.3      0.0    101.8     64.7    562.7     46.7
    20     1    25    11     8    14     0     2   -11.0   24.325  122.425    618.9    919.4    299.2    292.1      0.0    710.6     92.1      0.0     45.1
    21     1    25    11     8    14     0     2   -11.0   24.219  120.735    191.7    915.9    301.8    294.2      0.1     22.6     83.3    450.1     29.9
    22     1    25    11     8    14     0     2   -11.0   24.397  121.228   1009.1    744.1    311.3    286.0      0.0     28.7     58.8   1437.7     43.0
    23     1    25    11     8    14     0     2   -11.0   24.248  121.441    630.2    857.4    302.9    289.8      0.0     13.8     76.4    593.6     45.1
    24     1    25    11     8    14     0     2   -11.0   24.478  121.465    905.2    867.8    302.3    290.2      0.0    300.8     76.6    204.9     43.4
    25     1    25    11     8    14     0     2   -11.0   24.675  122.723    364.0    947.3    298.3    293.7      0.0    711.5     92.9      0.0     45.1
    26     1    25    11     8    14     0     2   -11.0   24.665  123.468    460.9    937.1    298.3    292.8      0.3    829.0     90.3      0.0     42.5
    27     1    25    11     8    14     0     2   -11.0   24.977  121.991    374.4    921.4    299.2    292.3      0.0     95.3     87.9    222.4     47.1
     1     1    25    11     8    13     0     1   -12.0   24.741  121.221    376.8    892.2    304.0    294.2      0.0     44.3     63.1    761.4     95.1
     2     1    25    11     8    13     0     1   -12.0   24.530  122.483    199.1    993.8    298.2    297.7      0.0    717.2     78.3      0.0     90.2
     3     1    25    11     8    13     0     1   -12.0   24.198  120.763    290.6    920.3    301.6    294.4      0.1     35.2     82.9    562.5     57.5
     4     1    25    11     8    13     0     1   -12.0   24.441  121.201   1031.3    755.8    310.7    286.7      0.0     17.1     57.2   1519.0     92.0
     5     1    25    11     8    13     0     1   -12.0   24.290  121.414    877.8    853.7    303.4    290.0      0.0     10.4     74.5    631.0     92.0
     6     1    25    11     8    13     0     1   -12.0   24.504  121.487   1166.9    866.6    302.5    290.4      0.0    284.5     75.8    204.8     87.0
     7     1    25    11     8    13     0     1   -12.0   24.927  122.672     24.0   1013.7    298.2    299.4      0.0    729.5     73.0      0.0     90.3
     8     1    25    11     8    13     0     1   -12.0   24.758  123.426     42.2   1011.6    298.3    299.3      0.3    859.5     70.3      0.0     84.2
     9     1    25    11     8    13     0     1   -12.0   25.150  122.127    374.4    964.3    297.9    294.8      0.0    295.3     88.4     87.9     91.6
    10     1    25    11     8    13     0     1   -12.0   24.741  121.220    619.2    892.2    304.0    294.2      0.0     44.3     63.1    761.4     95.1
    11     1    25    11     8    13     0     1   -12.0   24.530  122.483    449.1    993.8    298.2    297.7      0.0    717.3     78.3      0.0     90.2
    12     1    25    11     8    13     0     1   -12.0   24.198  120.763    534.9    920.3    301.6    294.4      0.1     35.2     82.9    562.5     57.5
    13     1    25    11     8    13     0     1   -12.0   24.441  121.201   1265.9    755.8    310.7    286.7      0.0     17.1     57.2   1519.2     92.0
    14     1    25    11     8    13     0     1   -12.0   24.290  121.414   1121.5    853.7    303.4    290.0      0.0     10.4     74.5    631.1     92.0
    15     1    25    11     8    13     0     1   -12.0   24.502  121.480   1421.3    865.4    302.6    290.3      0.0    276.5     75.8    210.3     86.7
    16     1    25    11     8    13     0     1   -12.0   24.927  122.672    274.0   1013.7    298.2    299.4      0.0    729.5     73.0      0.0     90.3
    17     1    25    11     8    13     0     1   -12.0   24.758  123.426    292.2   1011.6    298.3    299.3      0.3    859.5     70.3      0.0     84.2
    18     1    25    11     8    13     0     1   -12.0   25.149  122.119    633.2    962.2    297.9    294.6      0.0    285.4     88.6     96.6     91.8
    19     1    25    11     8    13     0     1   -12.0   24.722  121.150    114.5    896.5    303.9    294.5      0.0     65.9     63.7    745.3     93.6
    20     1    25    11     8    13     0     1   -12.0   24.329  122.560    596.6    922.1    299.2    292.3      0.0    707.2     90.5      0.0     90.3
    21     1    25    11     8    13     0     1   -12.0   24.187  120.755    217.5    902.8    302.3    293.5      0.1     37.9     85.5    556.8     56.5
    22     1    25    11     8    13     0     1   -12.0   24.462  121.295   1090.5    765.1    309.8    286.8      0.0     25.5     60.1   1123.4     92.8
    23     1    25    11     8    13     0     1   -12.0   24.224  121.503    669.0    871.1    302.4    290.6      0.0    135.0     76.4    421.8     91.2
    24     1    25    11     8    13     0     1   -12.0   24.513  121.534    908.1    872.0    302.3    290.7      0.0    338.3     75.9    165.5     89.1
    25     1    25    11     8    13     0     1   -12.0   24.678  122.877    354.9    948.5    298.4    293.9      0.0    678.5     90.7      0.0     90.3
    26     1    25    11     8    13     0     1   -12.0   24.675  123.670    530.1    929.6    298.4    292.2      0.3    853.9     91.8      0.0     84.9
    27     1    25    11     8    13     0     1   -12.0   24.943  122.079    416.6    925.7    299.2    292.6      0.0    242.9     87.2    145.6     92.8
