    10     1
    GFSQ    26     1     1     0     0
    GFSQ    26     1     2     0     0
    GFSQ    26     1     3     0     0
    GFSQ    26     1     4     0     0
    GFSQ    26     1     5     0     0
    GFSQ    26     1     6     0     0
    GFSQ    26     1     7     0     0
    GFSQ    26     1     8     0     0
    GFSQ    26     1     9     0     0
    GFSQ    26     1    10     0     0
    27 BACKWARD OMEGA   
    26     1     9    22   22.711  120.310    10.0
    26     1     9    22   22.711  120.310    10.0
    26     1     9    22   22.711  120.310    10.0
    26     1     9    22   22.711  120.310    10.0
    26     1     9    22   22.711  120.310    10.0
    26     1     9    22   22.711  120.310    10.0
    26     1     9    22   22.711  120.310    10.0
    26     1     9    22   22.711  120.310    10.0
    26     1     9    22   22.711  120.310    10.0
    26     1     9    22   22.711  120.310    10.0
    26     1     9    22   22.711  120.310    10.0
    26     1     9    22   22.711  120.310    10.0
    26     1     9    22   22.711  120.310    10.0
    26     1     9    22   22.711  120.310    10.0
    26     1     9    22   22.711  120.310    10.0
    26     1     9    22   22.711  120.310    10.0
    26     1     9    22   22.711  120.310    10.0
    26     1     9    22   22.711  120.310    10.0
    26     1     9    22   22.711  120.310    10.0
    26     1     9    22   22.711  120.310    10.0
    26     1     9    22   22.711  120.310    10.0
    26     1     9    22   22.711  120.310    10.0
    26     1     9    22   22.711  120.310    10.0
    26     1     9    22   22.711  120.310    10.0
    26     1     9    22   22.711  120.310    10.0
    26     1     9    22   22.711  120.310    10.0
    26     1     9    22   22.711  120.310    10.0
     8 PRESSURE THETA    AIR_TEMP RAINFALL MIXDEPTH RELHUMID TERR_MSL SUN_FLUX
     1     1    26     1     9    22     0     2     0.0   22.711  120.310     10.0   1014.0    287.4    288.5      0.0    184.7     58.2     34.8      6.1
     2     1    26     1     9    22     0     2     0.0   22.711  120.310     10.0   1012.3    286.3    287.3      0.0    125.0     59.9     51.7      6.5
     3     1    26     1     9    22     0     2     0.0   22.711  120.310     10.0   1015.4    289.1    290.3      0.0    370.3     60.3     11.2      4.3
     4     1    26     1     9    22     0     2     0.0   22.711  120.310     10.0    983.2    288.9    287.5      0.0    101.5     60.1    288.6      6.2
     5     1    26     1     9    22     0     2     0.0   22.711  120.310     10.0    972.7    288.4    286.0      0.0     48.2     64.8    381.9      6.5
     6     1    26     1     9    22     0     2     0.0   22.711  120.310     10.0    995.0    289.3    288.8      0.0    199.5     62.8    194.3      4.6
     7     1    26     1     9    22     0     2     0.0   22.711  120.310     10.0   1017.3    288.4    289.8      0.0    437.8     58.9      4.7      6.1
     8     1    26     1     9    22     0     2     0.0   22.711  120.310     10.0   1017.3    287.9    289.3      0.0    420.2     59.2      5.6      6.5
     9     1    26     1     9    22     0     2     0.0   22.711  120.310     10.0   1017.2    289.3    290.7      0.0    553.7     61.7      0.0      4.3
    10     1    26     1     9    22     0     2     0.0   22.711  120.310     10.0   1014.0    287.4    288.5      0.0    184.7     58.2     34.8      6.1
    11     1    26     1     9    22     0     2     0.0   22.711  120.310     10.0   1012.3    286.3    287.3      0.0    125.0     59.9     51.7      6.5
    12     1    26     1     9    22     0     2     0.0   22.711  120.310     10.0   1015.4    289.1    290.3      0.0    370.3     60.3     11.2      4.3
    13     1    26     1     9    22     0     2     0.0   22.711  120.310     10.0    983.2    288.9    287.5      0.0    101.5     60.1    288.6      6.2
    14     1    26     1     9    22     0     2     0.0   22.711  120.310     10.0    972.7    288.4    286.0      0.0     48.2     64.8    381.9      6.5
    15     1    26     1     9    22     0     2     0.0   22.711  120.310     10.0    995.0    289.3    288.8      0.0    199.5     62.8    194.3      4.6
    16     1    26     1     9    22     0     2     0.0   22.711  120.310     10.0   1017.3    288.4    289.8      0.0    437.8     58.9      4.7      6.1
    17     1    26     1     9    22     0     2     0.0   22.711  120.310     10.0   1017.3    287.9    289.3      0.0    420.2     59.2      5.6      6.5
    18     1    26     1     9    22     0     2     0.0   22.711  120.310     10.0   1017.2    289.3    290.7      0.0    553.7     61.7      0.0      4.3
    19     1    26     1     9    22     0     2     0.0   22.711  120.310     10.0    984.5    288.9    287.6      0.0    184.7     61.7     34.8      6.1
    20     1    26     1     9    22     0     2     0.0   22.711  120.310     10.0    982.8    288.7    287.2      0.0    125.0     57.3     51.7      6.5
    21     1    26     1     9    22     0     2     0.0   22.711  120.310     10.0    986.0    289.2    288.1      0.0    370.3     67.8     11.2      4.3
    22     1    26     1     9    22     0     2     0.0   22.711  120.310     10.0    954.8    290.8    286.9      0.0    101.5     61.4    288.6      6.2
    23     1    26     1     9    22     0     2     0.0   22.711  120.310     10.0    944.6    291.3    286.4      0.0     48.2     60.2    381.9      6.5
    24     1    26     1     9    22     0     2     0.0   22.711  120.310     10.0    966.3    290.1    287.3      0.0    199.5     68.1    194.3      4.6
    25     1    26     1     9    22     0     2     0.0   22.711  120.310     10.0    987.8    288.6    287.6      0.0    437.8     64.6      4.7      6.1
    26     1    26     1     9    22     0     2     0.0   22.711  120.310     10.0    987.7    288.3    287.3      0.0    420.2     63.2      5.6      6.5
    27     1    26     1     9    22     0     2     0.0   22.711  120.310     10.0    987.7    289.1    288.1      0.0    553.7     69.3      0.0      4.3
     1     1    26     1     9    21     0     3    -1.0   22.786  120.338     27.2   1009.7    286.8    287.6      0.0    137.5     59.9     49.2      0.0
     2     1    26     1     9    21     0     3    -1.0   22.781  120.335     29.8   1006.5    286.2    286.7      0.0    104.7     61.6     73.6      0.0
     3     1    26     1     9    21     0     3    -1.0   22.768  120.349     28.1   1011.8    288.4    289.4      0.0    259.1     59.8     23.8      0.0
     4     1    26     1     9    21     0     3    -1.0   22.748  120.332    109.7    961.0    290.1    286.7      0.0     60.9     59.4    379.3      0.0
     5     1    26     1     9    21     0     3    -1.0   22.749  120.326    106.8    952.1    290.5    286.3      0.0     17.7     61.7    461.9      0.0
     6     1    26     1     9    21     0     3    -1.0   22.734  120.359    106.0    967.4    289.9    287.1      0.0    105.9     65.6    333.7      0.0
     7     1    26     1     9    21     0     3    -1.0   22.843  120.364     10.0   1016.8    287.5    288.9      0.0    356.6     59.2     10.7      0.0
     8     1    26     1     9    21     0     3    -1.0   22.848  120.372     10.0   1016.7    287.0    288.4      0.0    344.9     60.3     11.4      0.0
     9     1    26     1     9    21     0     3    -1.0   22.820  120.362      9.7   1016.8    288.7    290.0      0.0    471.7     60.1      2.9      0.0
    10     1    26     1     9    21     0     3    -1.0   22.784  120.337    266.5   1011.0    286.8    287.7      0.0    138.3     59.8     48.7      0.0
    11     1    26     1     9    21     0     3    -1.0   22.776  120.334    269.9   1007.8    286.1    286.7      0.0    104.9     61.9     72.0      0.0
    12     1    26     1     9    21     0     3    -1.0   22.768  120.349    268.1   1012.9    288.4    289.5      0.0    259.0     59.6     23.9      0.0
    13     1    26     1     9    21     0     3    -1.0   22.747  120.332    351.1    961.4    290.0    286.7      0.0     60.9     59.5    380.9      0.0
    14     1    26     1     9    21     0     3    -1.0   22.749  120.327    348.0    952.1    290.5    286.3      0.0     17.8     61.7    466.2      0.0
    15     1    26     1     9    21     0     3    -1.0   22.734  120.358    343.8    968.5    289.9    287.2      0.0    106.0     65.4    332.8      0.0
    16     1    26     1     9    21     0     3    -1.0   22.843  120.364    249.9   1016.8    287.5    288.9      0.0    356.6     59.2     10.7      0.0
    17     1    26     1     9    21     0     3    -1.0   22.848  120.372    249.9   1016.7    287.0    288.4      0.0    344.9     60.3     11.4      0.0
    18     1    26     1     9    21     0     3    -1.0   22.820  120.362    250.0   1016.8    288.7    290.0      0.0    471.7     60.1      2.9      0.0
    19     1    26     1     9    21     0     3    -1.0   22.780  120.350     12.2    981.6    288.9    287.4      0.0    134.0     60.8     52.0      0.0
    20     1    26     1     9    21     0     3    -1.0   22.815  120.349     30.4    975.2    289.3    287.2      0.0     99.7     57.2     90.9      0.0
    21     1    26     1     9    21     0     3    -1.0   22.757  120.351      1.3    985.6    288.9    287.7      0.0    262.2     65.9     23.2      0.0
    22     1    26     1     9    21     0     3    -1.0   22.751  120.317     16.1    949.5    291.1    286.7      0.0     64.3     60.8    326.8      0.0
    23     1    26     1     9    21     0     3    -1.0   22.756  120.314     42.8    936.8    291.9    286.3      0.0     17.6     60.2    415.7      0.0
    24     1    26     1     9    21     0     3    -1.0   22.730  120.355     68.6    945.0    291.0    286.2      0.0    111.7     69.7    322.1      0.0
    25     1    26     1     9    21     0     3    -1.0   22.841  120.365     28.4    985.0    288.6    287.3      0.0    355.5     62.6     10.8      0.0
    26     1    26     1     9    21     0     3    -1.0   22.878  120.376     14.1    986.6    288.3    287.2      0.0    344.4     61.2     11.8      0.0
    27     1    26     1     9    21     0     3    -1.0   22.813  120.358      0.0    988.7    288.8    287.9      0.0    479.6     66.3      2.6      0.0
     1     1    26     1     9    20     0     2    -2.0   22.869  120.368     54.9   1004.0    287.0    287.3      0.0    115.5     60.1     68.0      0.0
     2     1    26     1     9    20     0     2    -2.0   22.869  120.371     71.0    996.2    287.0    286.7      0.0     97.0     60.9    122.1      0.0
     3     1    26     1     9    20     0     2    -2.0   22.835  120.379     57.1   1007.3    288.3    288.9      0.0    212.2     59.7     38.2      0.0
     4     1    26     1     9    20     0     2    -2.0   22.792  120.342    158.2    949.6    290.9    286.5      0.0     51.3     59.8    434.4      0.0
     5     1    26     1     9    20     0     2    -2.0   22.799  120.332    160.1    940.9    291.3    286.1      0.0     17.7     60.4    515.8      0.0
     6     1    26     1     9    20     0     2    -2.0   22.758  120.398    181.3    944.6    291.0    286.2      0.0     72.7     67.9    459.8      0.0
     7     1    26     1     9    20     0     2    -2.0   22.967  120.411     10.0   1016.5    286.8    288.2      0.0    293.1     59.1     15.1      0.0
     8     1    26     1     9    20     0     2    -2.0   22.974  120.428     10.0   1016.7    286.4    287.8      0.0    301.0     59.9     16.7      0.0
     9     1    26     1     9    20     0     2    -2.0   22.938  120.403      9.7   1016.9    287.9    289.3      0.0    370.0     58.6     10.8      0.0
    10     1    26     1     9    20     0     2    -2.0   22.864  120.366    294.4   1005.4    286.9    287.4      0.0    117.6     60.2     66.6      0.0
    11     1    26     1     9    20     0     2    -2.0   22.859  120.368    309.8    998.0    286.9    286.7      0.0     98.2     61.0    116.9      0.0
    12     1    26     1     9    20     0     2    -2.0   22.835  120.379    298.0   1008.3    288.3    288.9      0.0    212.3     59.5     38.1      0.0
    13     1    26     1     9    20     0     2    -2.0   22.792  120.342    401.6    949.6    290.9    286.5      0.0     51.3     59.7    436.9      0.0
    14     1    26     1     9    20     0     2    -2.0   22.798  120.334    402.5    940.7    291.3    286.1      0.0     17.7     60.4    520.2      0.0
    15     1    26     1     9    20     0     2    -2.0   22.758  120.399    420.7    945.2    290.9    286.2      0.0     72.6     67.8    460.1      0.0
    16     1    26     1     9    20     0     2    -2.0   22.967  120.411    249.8   1016.5    286.8    288.2      0.0    293.1     59.1     15.1      0.0
    17     1    26     1     9    20     0     2    -2.0   22.974  120.428    249.8   1016.7    286.4    287.8      0.0    301.0     59.9     16.7      0.0
    18     1    26     1     9    20     0     2    -2.0   22.938  120.403    249.9   1016.9    287.9    289.3      0.0    370.0     58.6     10.8      0.0
    19     1    26     1     9    20     0     2    -2.0   22.859  120.385     19.5    978.2    289.2    287.3      0.0    109.4     60.0     72.9      0.0
    20     1    26     1     9    20     0     2    -2.0   22.918  120.391     74.8    963.2    289.9    286.8      0.0     87.5     58.4    156.2      0.0
    21     1    26     1     9    20     0     2    -2.0   22.813  120.383      5.8    984.2    289.1    287.8      0.0    218.9     64.5     36.7      0.0
    22     1    26     1     9    20     0     2    -2.0   22.798  120.319     12.5    947.3    291.1    286.6      0.0     55.2     60.9    352.1      0.0
    23     1    26     1     9    20     0     2    -2.0   22.805  120.317     83.6    928.4    292.2    285.9      0.0     17.7     60.3    458.0      0.0
    24     1    26     1     9    20     0     2    -2.0   22.755  120.386    121.5    927.9    291.9    285.6      0.0     77.2     70.7    424.6      0.0
    25     1    26     1     9    20     0     2    -2.0   22.983  120.421     33.6    984.0    288.5    287.2      0.0    276.0     59.0     16.0      0.0
    26     1    26     1     9    20     0     2    -2.0   23.061  120.451     36.0    983.9    288.1    286.7      0.0    283.0     59.7     14.3      0.0
    27     1    26     1     9    20     0     2    -2.0   22.928  120.399      0.0    989.0    288.6    287.7      0.0    382.0     63.2      9.9      0.0
     1     1    26     1     9    19     0     1    -3.0   22.954  120.392     86.6    997.3    287.3    287.1      0.0     91.7     60.1     89.3      0.0
     2     1    26     1     9    19     0     1    -3.0   22.956  120.407    124.5    983.0    288.0    286.6      0.0     82.8     60.6    187.2      0.0
     3     1    26     1     9    19     0     1    -3.0   22.909  120.395     79.2   1003.5    288.2    288.5      0.0    175.4     59.0     50.1      0.0
     4     1    26     1     9    19     0     1    -3.0   22.834  120.341    179.5    945.6    291.1    286.3      0.0     44.7     60.2    451.6      0.0
     5     1    26     1     9    19     0     1    -3.0   22.840  120.333    186.3    935.7    291.5    285.9      0.0     17.7     60.6    541.4      0.0
     6     1    26     1     9    19     0     1    -3.0   22.785  120.418    234.3    930.9    291.6    285.7      0.0     60.0     69.0    532.0      0.0
     7     1    26     1     9    19     0     1    -3.0   23.078  120.449     10.0   1016.4    286.4    287.7      0.0    259.8     58.8     18.6      0.0
     8     1    26     1     9    19     0     1    -3.0   23.081  120.476     10.0   1017.1    286.1    287.4      0.0    259.4     58.6     14.4      0.0
     9     1    26     1     9    19     0     1    -3.0   23.054  120.431      9.7   1017.0    287.3    288.7      0.0    301.6     57.6     16.9      0.0
    10     1    26     1     9    19     0     1    -3.0   22.947  120.389    326.3    998.8    287.2    287.1      0.0     94.3     60.2     87.3      0.0
    11     1    26     1     9    19     0     1    -3.0   22.947  120.405    361.5    985.1    287.8    286.6      0.0     84.4     60.6    180.3      0.0
    12     1    26     1     9    19     0     1    -3.0   22.908  120.395    322.8   1004.2    288.1    288.5      0.0    175.6     58.9     50.0      0.0
    13     1    26     1     9    19     0     1    -3.0   22.833  120.342    423.3    945.4    291.1    286.3      0.0     44.7     60.2    454.7      0.0
    14     1    26     1     9    19     0     1    -3.0   22.839  120.334    428.3    935.5    291.5    285.8      0.0     17.7     60.6    546.1      0.0
    15     1    26     1     9    19     0     1    -3.0   22.785  120.418    474.7    931.2    291.6    285.7      0.0     59.8     69.0    533.6      0.0
    16     1    26     1     9    19     0     1    -3.0   23.078  120.449    249.8   1016.4    286.4    287.7      0.0    259.8     58.8     18.6      0.0
    17     1    26     1     9    19     0     1    -3.0   23.081  120.476    249.9   1017.1    286.1    287.4      0.0    259.4     58.6     14.4      0.0
    18     1    26     1     9    19     0     1    -3.0   23.054  120.431    249.8   1017.0    287.3    288.7      0.0    301.6     57.6     16.9      0.0
    19     1    26     1     9    19     0     1    -3.0   22.927  120.407     29.3    974.5    289.4    287.2      0.0     88.7     59.6     91.9      0.0
    20     1    26     1     9    19     0     1    -3.0   22.989  120.417    125.1    951.9    290.3    286.2      0.0     77.5     59.5    211.3      0.0
    21     1    26     1     9    19     0     1    -3.0   22.870  120.397      4.4    983.5    289.2    287.8      0.0    192.0     62.8     46.3      0.0
    22     1    26     1     9    19     0     1    -3.0   22.836  120.316     13.4    946.9    291.1    286.5      0.0     48.6     61.1    356.8      0.0
    23     1    26     1     9    19     0     1    -3.0   22.838  120.313    110.5    925.5    292.1    285.6      0.0     17.7     61.4    461.0      0.0
    24     1    26     1     9    19     0     1    -3.0   22.781  120.394    155.0    920.3    292.3    285.3      0.0     69.9     71.4    463.4      0.0
    25     1    26     1     9    19     0     1    -3.0   23.127  120.469     44.7    982.8    288.2    286.8      0.0    233.9     57.9     20.5      0.0
    26     1    26     1     9    19     0     1    -3.0   23.233  120.518     81.5    977.5    287.9    286.1      0.0    243.2     59.9     15.6      0.0
    27     1    26     1     9    19     0     1    -3.0   23.041  120.428      0.5    988.6    288.4    287.4      0.0    307.1     60.4     16.7      0.0
     1     1    26     1     9    18     0     0    -4.0   23.036  120.410    115.1    990.4    287.8    287.0      0.0     76.9     59.9    120.2      0.0
     2     1    26     1     9    18     0     0    -4.0   23.025  120.432    177.4    973.1    288.5    286.2      0.0     73.9     61.3    223.4      0.0
     3     1    26     1     9    18     0     0    -4.0   22.984  120.401     89.0   1001.3    288.0    288.1      0.0    140.5     58.2     60.3      0.0
     4     1    26     1     9    18     0     0    -4.0   22.871  120.334    186.6    946.4    291.0    286.3      0.0     39.8     60.4    438.9      0.0
     5     1    26     1     9    18     0     0    -4.0   22.870  120.327    194.9    936.0    291.3    285.7      0.0     17.8     61.4    532.8      0.0
     6     1    26     1     9    18     0     0    -4.0   22.812  120.418    271.9    924.9    291.9    285.4      0.0     54.5     69.7    552.6      0.0
     7     1    26     1     9    18     0     0    -4.0   23.177  120.481     10.0   1017.2    286.1    287.5      0.0    233.8     57.9     21.6      0.0
     8     1    26     1     9    18     0     0    -4.0   23.168  120.522     14.4   1014.9    286.1    287.3      0.0    233.7     57.7     27.2      0.0
     9     1    26     1     9    18     0     0    -4.0   23.165  120.452      9.7   1016.7    286.8    288.2      0.0    268.9     57.7     18.9      0.0
    10     1    26     1     9    18     0     0    -4.0   23.030  120.408    357.0    991.6    287.7    287.0      0.0     77.9     59.9    116.6      0.0
    11     1    26     1     9    18     0     0    -4.0   23.016  120.430    412.7    974.4    288.4    286.3      0.0     74.0     61.4    224.6      0.0
    12     1    26     1     9    18     0     0    -4.0   22.984  120.401    334.9   1001.7    288.0    288.1      0.0    140.7     58.1     60.3      0.0
    13     1    26     1     9    18     0     0    -4.0   22.870  120.335    430.8    946.2    291.0    286.3      0.0     39.8     60.4    442.4      0.0
    14     1    26     1     9    18     0     0    -4.0   22.870  120.328    436.8    935.8    291.3    285.7      0.0     17.8     61.4    538.3      0.0
    15     1    26     1     9    18     0     0    -4.0   22.813  120.419    512.9    925.0    291.9    285.4      0.0     54.2     69.6    555.2      0.0
    16     1    26     1     9    18     0     0    -4.0   23.177  120.481    249.8   1017.2    286.1    287.5      0.0    233.8     57.9     21.6      0.0
    17     1    26     1     9    18     0     0    -4.0   23.168  120.522    254.1   1015.5    286.1    287.3      0.0    233.7     57.7     27.2      0.0
    18     1    26     1     9    18     0     0    -4.0   23.165  120.452    249.8   1016.7    286.8    288.2      0.0    268.9     57.7     18.9      0.0
    19     1    26     1     9    18     0     0    -4.0   22.981  120.419     35.7    971.9    289.4    287.1      0.0     74.0     59.5    106.4      0.0
    20     1    26     1     9    18     0     0    -4.0   23.034  120.427    158.9    947.9    290.2    285.8      0.0     79.3     60.6    214.4      0.0
    21     1    26     1     9    18     0     0    -4.0   22.925  120.397      0.0    983.8    289.1    287.8      0.0    173.8     61.1     52.4      0.0
    22     1    26     1     9    18     0     0    -4.0   22.865  120.309     10.8    949.0    290.9    286.5      0.0     44.3     61.1    340.7      0.0
    23     1    26     1     9    18     0     0    -4.0   22.854  120.302    120.4    928.4    291.6    285.4      0.0     17.8     62.9    424.4      0.0
    24     1    26     1     9    18     0     0    -4.0   22.806  120.384    165.2    921.1    292.2    285.3      0.0     70.7     72.4    448.8      0.0
    25     1    26     1     9    18     0     0    -4.0   23.261  120.507     82.5    978.6    288.0    286.3      0.0    207.6     57.5     29.8      0.0
    26     1    26     1     9    18     0     0    -4.0   23.385  120.576    125.4    970.9    288.2    285.8      0.0    252.3     62.1     34.7      0.0
    27     1    26     1     9    18     0     0    -4.0   23.157  120.450      1.9    988.0    288.2    287.2      0.0    272.7     59.1     18.7      0.0
     1     1    26     1     9    17     0     1    -5.0   23.108  120.430    144.2    982.9    288.3    286.8      0.0     75.4     59.8    165.5      0.0
     2     1    26     1     9    17     0     1    -5.0   23.082  120.455    237.2    966.5    289.0    286.1      0.0     77.7     59.9    223.9      0.0
     3     1    26     1     9    17     0     1    -5.0   23.060  120.405     99.1    998.6    288.0    287.9      0.0    134.7     57.8     72.5      0.0
     4     1    26     1     9    17     0     1    -5.0   22.903  120.324    185.4    949.3    290.8    286.4      0.0     38.6     60.1    415.8      0.0
     5     1    26     1     9    17     0     1    -5.0   22.893  120.324    208.3    935.2    291.3    285.6      0.0     18.1     61.0    533.3      0.0
     6     1    26     1     9    17     0     1    -5.0   22.835  120.407    294.6    924.1    291.9    285.3      0.0     78.8     70.1    537.6      0.0
     7     1    26     1     9    17     0     1    -5.0   23.267  120.512     12.7   1015.8    286.2    287.5      0.0    244.9     57.3     35.6      0.0
     8     1    26     1     9    17     0     1    -5.0   23.253  120.573     29.9   1009.6    286.5    287.3      0.0    238.5     58.0     53.3      0.0
     9     1    26     1     9    17     0     1    -5.0   23.271  120.473      9.7   1016.8    286.5    287.9      0.0    247.9     57.6     20.9      0.0
    10     1    26     1     9    17     0     1    -5.0   23.103  120.428    387.2    983.9    288.2    286.9      0.0     76.7     59.8    161.7      0.0
    11     1    26     1     9    17     0     1    -5.0   23.075  120.453    471.2    967.9    288.9    286.2      0.0     77.7     60.0    225.4      0.0
    12     1    26     1     9    17     0     1    -5.0   23.059  120.405    346.3    998.8    288.0    287.9      0.0    134.8     57.8     72.5      0.0
    13     1    26     1     9    17     0     1    -5.0   22.902  120.325    429.9    949.1    290.8    286.3      0.0     38.5     60.1    419.7      0.0
    14     1    26     1     9    17     0     1    -5.0   22.892  120.325    450.1    934.8    291.3    285.6      0.0     18.1     61.0    539.8      0.0
    15     1    26     1     9    17     0     1    -5.0   22.836  120.408    536.3    924.0    291.9    285.3      0.0     78.1     70.1    541.0      0.0
    16     1    26     1     9    17     0     1    -5.0   23.267  120.512    252.4   1016.1    286.2    287.5      0.0    244.9     57.3     35.6      0.0
    17     1    26     1     9    17     0     1    -5.0   23.248  120.571    270.4   1010.7    286.5    287.3      0.0    238.7     57.9     52.8      0.0
    18     1    26     1     9    17     0     1    -5.0   23.271  120.473    249.8   1016.8    286.5    287.9      0.0    247.9     57.6     20.9      0.0
    19     1    26     1     9    17     0     1    -5.0   23.027  120.430     44.2    969.3    289.4    286.9      0.0     70.8     59.2    127.7      0.0
    20     1    26     1     9    17     0     1    -5.0   23.069  120.438    184.5    945.7    290.4    285.8      0.0     90.8     59.3    212.0      0.0
    21     1    26     1     9    17     0     1    -5.0   22.979  120.392      0.0    983.3    289.0    287.7      0.0    171.3     59.1     57.5      0.0
    22     1    26     1     9    17     0     1    -5.0   22.886  120.300      7.0    952.4    290.7    286.6      0.0     45.3     60.2    316.4      0.0
    23     1    26     1     9    17     0     1    -5.0   22.859  120.294    130.6    930.7    291.6    285.6      0.0     18.1     61.9    396.8      0.0
    24     1    26     1     9    17     0     1    -5.0   22.823  120.364    154.8    927.7    291.8    285.5      0.0    107.6     72.2    399.7      0.0
    25     1    26     1     9    17     0     1    -5.0   23.390  120.546    131.7    969.2    288.5    285.9      0.0    239.6     59.3     52.3      0.0
    26     1    26     1     9    17     0     1    -5.0   23.530  120.633    151.1    968.8    288.4    285.8      0.0    285.0     61.3     27.5      0.0
    27     1    26     1     9    17     0     1    -5.0   23.290  120.479     12.0    986.9    287.9    286.8      0.0    242.9     58.2     21.4      0.0
     1     1    26     1     9    16     0     2    -6.0   23.166  120.457    189.7    972.6    288.9    286.7      0.0     61.7     59.2    217.6      0.0
     2     1    26     1     9    16     0     2    -6.0   23.129  120.488    304.2    957.9    289.7    286.1      0.0     68.8     58.3    234.8      0.0
     3     1    26     1     9    16     0     2    -6.0   23.132  120.409    112.3    995.7    288.0    287.7      0.0    126.8     57.8     85.7      0.0
     4     1    26     1     9    16     0     2    -6.0   22.927  120.316    183.8    952.4    290.5    286.4      0.0     36.7     59.7    392.7      0.0
     5     1    26     1     9    16     0     2    -6.0   22.907  120.329    243.7    928.7    291.7    285.5      0.0     18.4     60.7    563.2      0.0
     6     1    26     1     9    16     0     2    -6.0   22.851  120.394    302.2    926.6    291.8    285.4      0.0    104.8     70.1    508.3      0.0
     7     1    26     1     9    16     0     2    -6.0   23.363  120.553     26.3   1010.0    286.7    287.5      0.0    259.3     57.9     63.8      0.0
     8     1    26     1     9    16     0     2    -6.0   23.356  120.632     52.0   1005.4    286.8    287.2      0.0    251.0     58.2     68.4      0.0
     9     1    26     1     9    16     0     2    -6.0   23.371  120.497      9.7   1017.5    286.6    288.0      0.0    261.6     56.5     23.2      0.0
    10     1    26     1     9    16     0     2    -6.0   23.163  120.455    431.4    973.7    288.9    286.7      0.0     63.5     59.3    213.9      0.0
    11     1    26     1     9    16     0     2    -6.0   23.123  120.487    540.8    959.0    289.6    286.1      0.0     68.4     58.4    236.5      0.0
    12     1    26     1     9    16     0     2    -6.0   23.131  120.409    359.8    995.9    288.0    287.7      0.0    126.9     57.8     85.6      0.0
    13     1    26     1     9    16     0     2    -6.0   22.927  120.317    428.7    952.1    290.5    286.4      0.0     36.7     59.7    396.7      0.0
    14     1    26     1     9    16     0     2    -6.0   22.907  120.331    484.7    928.4    291.7    285.5      0.0     18.4     60.7    569.0      0.0
    15     1    26     1     9    16     0     2    -6.0   22.852  120.395    544.9    926.3    291.8    285.4      0.0    103.6     70.1    512.7      0.0
    16     1    26     1     9    16     0     2    -6.0   23.357  120.551    265.6   1011.4    286.6    287.6      0.0    260.7     57.8     62.5      0.0
    17     1    26     1     9    16     0     2    -6.0   23.345  120.628    294.2   1006.2    286.8    287.3      0.0    250.8     58.1     69.2      0.0
    18     1    26     1     9    16     0     2    -6.0   23.371  120.497    249.8   1017.5    286.6    288.0      0.0    261.6     56.5     23.2      0.0
    19     1    26     1     9    16     0     2    -6.0   23.065  120.448     66.1    964.2    289.7    286.7      0.0     64.3     59.0    157.8      0.0
    20     1    26     1     9    16     0     2    -6.0   23.100  120.461    214.8    941.5    290.9    285.9      0.0     89.0     57.8    222.2      0.0
    21     1    26     1     9    16     0     2    -6.0   23.035  120.393     10.7    981.0    289.0    287.5      0.0    166.7     57.9     65.2      0.0
    22     1    26     1     9    16     0     2    -6.0   22.900  120.293      6.3    955.2    290.5    286.6      0.0     46.5     59.4    294.2      0.0
    23     1    26     1     9    16     0     2    -6.0   22.858  120.296    150.1    928.3    291.8    285.6      0.0     18.4     60.8    404.8      0.0
    24     1    26     1     9    16     0     2    -6.0   22.828  120.342    131.3    937.0    291.4    285.9      0.0    151.9     71.3    338.0      0.0
    25     1    26     1     9    16     0     2    -6.0   23.517  120.598    176.2    961.7    289.0    285.8      0.0    248.8     58.8     68.8      0.0
    26     1    26     1     9    16     0     2    -6.0   23.686  120.702    165.1    967.5    288.4    285.7      0.0    327.9     59.8     25.6      0.0
    27     1    26     1     9    16     0     2    -6.0   23.439  120.527     36.6    981.7    287.9    286.4      0.0    249.5     58.6     50.2      0.0
     1     1    26     1     9    15     0     3    -7.0   23.201  120.496    269.6    957.5    290.1    286.5      0.0     23.0     58.3    276.5      0.0
     2     1    26     1     9    15     0     3    -7.0   23.160  120.524    363.6    940.5    291.0    285.8      0.0     74.0     57.0    337.2      0.0
     3     1    26     1     9    15     0     3    -7.0   23.197  120.416    126.8    993.0    288.0    287.4      0.0    112.2     58.1     99.3      0.0
     4     1    26     1     9    15     0     3    -7.0   22.944  120.309    184.3    955.3    290.3    286.4      0.0     35.2     59.4    370.2      0.0
     5     1    26     1     9    15     0     3    -7.0   22.910  120.344    301.5    916.4    292.5    285.1      0.0     18.6     60.7    622.9      0.0
     6     1    26     1     9    15     0     3    -7.0   22.858  120.380    297.2    931.6    291.5    285.6      0.0    135.4     69.8    468.8      0.0
     7     1    26     1     9    15     0     3    -7.0   23.474  120.609     54.6   1003.3    287.1    287.3      0.0    252.9     58.0     87.1      0.0
     8     1    26     1     9    15     0     3    -7.0   23.478  120.694     65.9   1005.6    286.8    287.3      0.0    266.4     56.7     51.6      0.0
     9     1    26     1     9    15     0     3    -7.0   23.469  120.526     15.0   1014.0    286.8    288.0      0.0    295.3     56.7     50.8      0.0
    10     1    26     1     9    15     0     3    -7.0   23.200  120.494    509.1    958.7    290.0    286.5      0.0     25.6     58.3    273.3      0.0
    11     1    26     1     9    15     0     3    -7.0   23.155  120.524    602.8    941.2    290.9    285.9      0.0     72.4     57.1    337.9      0.0
    12     1    26     1     9    15     0     3    -7.0   23.196  120.416    374.0    993.2    288.0    287.5      0.0    112.5     58.1     99.1      0.0
    13     1    26     1     9    15     0     3    -7.0   22.943  120.310    429.5    955.0    290.3    286.4      0.0     35.2     59.4    374.3      0.0
    14     1    26     1     9    15     0     3    -7.0   22.910  120.345    542.4    916.1    292.5    285.1      0.0     18.6     60.7    628.5      0.0
    15     1    26     1     9    15     0     3    -7.0   22.859  120.382    540.9    931.1    291.5    285.6      0.0    133.6     69.8    474.1      0.0
    16     1    26     1     9    15     0     3    -7.0   23.462  120.604    293.7   1004.6    287.0    287.4      0.0    255.7     57.9     86.2      0.0
    17     1    26     1     9    15     0     3    -7.0   23.465  120.689    310.6   1005.8    286.8    287.3      0.0    265.9     56.8     55.7      0.0
    18     1    26     1     9    15     0     3    -7.0   23.469  120.526    254.8   1014.6    286.8    288.0      0.0    295.3     56.6     50.8      0.0
    19     1    26     1     9    15     0     3    -7.0   23.087  120.475     94.0    958.2    290.1    286.6      0.0     44.0     58.3    188.7      0.0
    20     1    26     1     9    15     0     3    -7.0   23.118  120.493    246.0    935.9    291.6    286.1      0.0     72.2     56.1    244.2      0.0
    21     1    26     1     9    15     0     3    -7.0   23.092  120.400     31.5    977.6    289.1    287.2      0.0    161.0     57.2     75.9      0.0
    22     1    26     1     9    15     0     3    -7.0   22.907  120.288      8.7    957.4    290.3    286.6      0.0     48.9     58.5    275.0      0.0
    23     1    26     1     9    15     0     3    -7.0   22.849  120.305    177.0    922.8    292.2    285.5      0.0     18.6     59.8    433.6      0.0
    24     1    26     1     9    15     0     3    -7.0   22.822  120.318     92.8    949.6    291.0    286.7      0.0    211.4     69.6    263.8      0.0
    25     1    26     1     9    15     0     3    -7.0   23.636  120.657    205.0    958.2    289.3    285.8      0.0    268.4     58.2     71.5      0.0
    26     1    26     1     9    15     0     3    -7.0   23.857  120.793    181.6    961.1    288.4    285.1      0.0    387.4     61.3     69.9      0.0
    27     1    26     1     9    15     0     3    -7.0   23.581  120.592     71.6    970.7    288.6    286.2      0.0    239.1     59.3    109.2      0.0
     1     1    26     1     9    14     0     2    -8.0   23.214  120.535    341.1    933.7    291.6    285.8      0.0     21.1     58.9    424.8     17.6
     2     1    26     1     9    14     0     2    -8.0   23.186  120.554    401.3    923.9    291.8    285.1      0.0    127.4     57.6    457.3     35.4
     3     1    26     1     9    14     0     2    -8.0   23.261  120.426    140.5    989.4    288.4    287.5      0.0    104.7     57.4    118.5     23.3
     4     1    26     1     9    14     0     2    -8.0   22.960  120.303    186.3    957.1    290.4    286.7      0.0     34.5     58.8    353.5     30.6
     5     1    26     1     9    14     0     2    -8.0   22.910  120.355    352.9    906.1    293.1    284.8      0.0     21.1     60.6    667.6     18.8
     6     1    26     1     9    14     0     2    -8.0   22.859  120.370    287.2    936.3    291.5    286.0      0.0    163.1     68.9    438.5     54.1
     7     1    26     1     9    14     0     2    -8.0   23.608  120.667     74.2   1001.4    287.4    287.5      0.0    312.7     56.8     85.2     49.5
     8     1    26     1     9    14     0     2    -8.0   23.623  120.752     66.6   1006.9    286.8    287.4      0.0    337.9     56.0     42.4     41.6
     9     1    26     1     9    14     0     2    -8.0   23.586  120.564     31.1   1008.1    287.4    288.0      0.0    323.1     56.6     79.8     26.6
    10     1    26     1     9    14     0     2    -8.0   23.214  120.534    578.9    935.3    291.5    285.9      0.0     21.1     58.8    418.9     17.6
    11     1    26     1     9    14     0     2    -8.0   23.182  120.554    641.8    924.2    291.8    285.1      0.0    124.6     57.7    459.6     34.9
    12     1    26     1     9    14     0     2    -8.0   23.260  120.425    387.1    989.8    288.4    287.6      0.0    104.9     57.4    117.9     23.3
    13     1    26     1     9    14     0     2    -8.0   22.960  120.304    431.7    956.8    290.4    286.7      0.0     34.5     58.8    357.7     30.6
    14     1    26     1     9    14     0     2    -8.0   22.910  120.357    593.9    905.8    293.1    284.8      0.0     21.1     60.6    673.0     18.8
    15     1    26     1     9    14     0     2    -8.0   22.861  120.372    532.1    935.7    291.5    285.9      0.0    160.7     68.9    444.6     54.2
    16     1    26     1     9    14     0     2    -8.0   23.593  120.660    314.3   1002.3    287.4    287.6      0.0    313.5     56.8     87.1     49.5
    17     1    26     1     9    14     0     2    -8.0   23.607  120.746    311.8   1007.5    286.8    287.5      0.0    335.7     55.8     41.0     42.6
    18     1    26     1     9    14     0     2    -8.0   23.578  120.561    270.1   1009.5    287.3    288.1      0.0    325.0     56.5     78.2     25.5
    19     1    26     1     9    14     0     2    -8.0   23.098  120.503    118.8    951.1    290.7    286.5      0.0     21.1     58.1    227.7     22.6
    20     1    26     1     9    14     0     2    -8.0   23.130  120.525    277.3    921.3    292.2    285.3      0.0    105.9     56.9    354.3     31.3
    21     1    26     1     9    14     0     2    -8.0   23.148  120.414     49.1    974.1    289.5    287.3      0.0    148.6     56.7     90.0     37.8
    22     1    26     1     9    14     0     2    -8.0   22.915  120.285     12.5    958.0    290.5    286.9      0.0     52.3     58.0    267.1     37.2
    23     1    26     1     9    14     0     2    -8.0   22.843  120.313    204.5    916.8    292.6    285.3      0.0     21.1     59.7    462.6     21.6
    24     1    26     1     9    14     0     2    -8.0   22.811  120.296     39.9    963.5    290.7    287.6      0.0    271.9     66.4    197.1     50.0
    25     1    26     1     9    14     0     2    -8.0   23.756  120.715    219.8    959.2    289.1    285.7      0.0    314.0     58.0     47.1     48.7
    26     1    26     1     9    14     0     2    -8.0   24.014  120.899    234.7    942.4    289.4    284.5      0.0    360.5     60.7    189.1     45.2
    27     1    26     1     9    14     0     2    -8.0   23.708  120.656    107.4    964.0    289.0    286.0      0.0    265.9     59.1    129.2     43.5
     1     1    26     1     9    13     0     1    -9.0   23.232  120.565    387.5    915.6    292.6    285.2      0.0     23.5     59.1    549.6     33.6
     2     1    26     1     9    13     0     1    -9.0   23.224  120.577    418.1    912.3    292.2    284.4      0.0    189.0     58.7    553.1     73.6
     3     1    26     1     9    13     0     1    -9.0   23.336  120.439    153.8    983.4    289.0    287.6      0.0    112.2     56.3    161.9     42.5
     4     1    26     1     9    13     0     1    -9.0   22.986  120.299    187.8    957.9    290.6    286.9      0.0     28.8     58.2    346.5     54.4
     5     1    26     1     9    13     0     1    -9.0   22.917  120.362    388.0    899.3    293.5    284.6      0.0     23.5     60.3    697.8     37.1
     6     1    26     1     9    13     0     1    -9.0   22.861  120.369    284.0    937.1    291.5    286.1      0.0    183.1     68.7    437.3    108.2
     7     1    26     1     9    13     0     1    -9.0   23.775  120.717     69.7   1006.3    287.5    288.0      0.0    380.2     54.8     45.3     95.2
     8     1    26     1     9    13     0     1    -9.0   23.800  120.816     70.0   1001.1    287.1    287.1      0.0    374.9     57.8     92.9     74.3
     9     1    26     1     9    13     0     1    -9.0   23.737  120.607     37.4   1006.5    287.7    288.3      0.0    392.9     56.0     82.2     95.7
    10     1    26     1     9    13     0     1    -9.0   23.234  120.564    626.0    916.6    292.5    285.2      0.0     23.5     59.1    546.7     33.5
    11     1    26     1     9    13     0     1    -9.0   23.219  120.577    659.2    912.4    292.2    284.5      0.0    185.2     58.7    555.2     72.6
    12     1    26     1     9    13     0     1    -9.0   23.335  120.439    399.7    983.8    289.0    287.6      0.0    112.7     56.3    161.1     42.6
    13     1    26     1     9    13     0     1    -9.0   22.986  120.300    433.4    957.6    290.6    286.9      0.0     28.8     58.2    350.4     54.4
    14     1    26     1     9    13     0     1    -9.0   22.917  120.363    628.7    899.0    293.5    284.6      0.0     23.5     60.3    702.7     37.1
    15     1    26     1     9    13     0     1    -9.0   22.862  120.371    529.8    936.3    291.6    286.0      0.0    180.2     68.7    443.7    108.5
    16     1    26     1     9    13     0     1    -9.0   23.756  120.709    310.5   1007.3    287.5    288.1      0.0    378.9     54.5     45.8     97.5
    17     1    26     1     9    13     0     1    -9.0   23.782  120.807    312.1   1002.9    287.0    287.2      0.0    375.4     57.5     83.2     73.0
    18     1    26     1     9    13     0     1    -9.0   23.721  120.601    277.4   1007.7    287.7    288.3      0.0    389.8     55.9     81.8     91.3
    19     1    26     1     9    13     0     1    -9.0   23.117  120.528    142.7    937.2    291.5    286.0      0.0     23.5     58.3    336.4     42.8
    20     1    26     1     9    13     0     1    -9.0   23.150  120.555    313.2    905.3    292.8    284.5      0.0    148.2     58.0    473.8     63.0
    21     1    26     1     9    13     0     1    -9.0   23.208  120.431     55.2    971.4    289.7    287.3      0.0    127.5     56.3    108.5     59.6
    22     1    26     1     9    13     0     1    -9.0   22.933  120.286     16.1    956.7    290.7    287.0      0.0     50.3     57.6    277.2     69.3
    23     1    26     1     9    13     0     1    -9.0   22.848  120.320    227.9    911.0    292.9    285.1      0.0     23.5     59.6    495.1     42.7
    24     1    26     1     9    13     0     1    -9.0   22.802  120.288      0.0    972.2    290.6    288.3      0.0    323.3     64.6    170.1     98.7
    25     1    26     1     9    13     0     1    -9.0   23.886  120.775    237.3    954.2    289.2    285.3      0.0    361.5     58.4     76.0     81.0
    26     1    26     1     9    13     0     1    -9.0   24.134  121.005    306.7    928.8    289.6    283.5      0.0    339.8     61.4    244.9    102.6
    27     1    26     1     9    13     0     1    -9.0   23.844  120.711    119.7    964.5    288.8    285.8      0.0    340.7     59.1    114.3     97.5
     1     1    26     1     9    12     0     0   -10.0   23.255  120.589    424.6    900.7    293.3    284.6      0.0     30.4     59.1    654.1     49.8
     2     1    26     1     9    12     0     0   -10.0   23.271  120.598    429.1    904.6    292.3    283.8      0.0    241.6     60.3    615.6    111.7
     3     1    26     1     9    12     0     0   -10.0   23.425  120.451    160.5    977.2    289.5    287.5      0.0    114.6     55.5    216.1     55.2
     4     1    26     1     9    12     0     0   -10.0   23.024  120.295    187.8    957.8    290.8    287.2      0.0     26.0     57.5    350.9     73.6
     5     1    26     1     9    12     0     0   -10.0   22.931  120.368    416.0    893.2    293.8    284.4      0.0     26.0     60.1    728.6     54.3
     6     1    26     1     9    12     0     0   -10.0   22.861  120.379    291.3    933.3    291.7    285.9      0.0    192.7     69.3    466.5    163.1
     7     1    26     1     9    12     0     0   -10.0   23.981  120.772     61.7   1006.8    287.2    287.8      0.0    435.2     56.6     50.4    108.1
     8     1    26     1     9    12     0     0   -10.0   24.008  120.911    126.3    983.0    287.3    285.9      0.0    413.7     60.6    205.4    135.0
     9     1    26     1     9    12     0     0   -10.0   23.912  120.649     20.6   1011.3    287.9    288.8      0.0    463.3     54.5     59.8    149.9
    10     1    26     1     9    12     0     0   -10.0   23.257  120.589    662.2    901.7    293.3    284.6      0.0     32.8     59.1    651.1     50.5
    11     1    26     1     9    12     0     0   -10.0   23.266  120.598    670.0    904.1    292.4    283.8      0.0    241.3     60.2    623.2    111.3
    12     1    26     1     9    12     0     0   -10.0   23.424  120.450    405.8    977.6    289.4    287.6      0.0    115.9     55.5    215.0     55.3
    13     1    26     1     9    12     0     0   -10.0   23.024  120.296    433.3    957.5    290.8    287.1      0.0     26.0     57.5    354.3     73.5
    14     1    26     1     9    12     0     0   -10.0   22.932  120.369    656.4    893.0    293.9    284.4      0.0     26.0     60.1    732.6     54.2
    15     1    26     1     9    12     0     0   -10.0   22.863  120.380    537.7    932.4    291.7    285.9      0.0    189.5     69.4    472.6    163.4
    16     1    26     1     9    12     0     0   -10.0   23.957  120.761    301.3   1008.9    287.3    288.0      0.0    445.7     55.9     42.7    111.5
    17     1    26     1     9    12     0     0   -10.0   23.989  120.899    357.9    986.2    287.3    286.1      0.0    416.9     60.2    193.9    132.3
    18     1    26     1     9    12     0     0   -10.0   23.889  120.641    262.3   1011.9    288.0    288.9      0.0    465.5     54.4     63.4    150.0
    19     1    26     1     9    12     0     0   -10.0   23.148  120.551    169.6    923.1    292.2    285.5      0.0     26.0     58.5    445.5     59.7
    20     1    26     1     9    12     0     0   -10.0   23.168  120.579    356.6    890.2    293.4    283.6      0.0    187.2     59.4    578.3     94.3
    21     1    26     1     9    12     0     0   -10.0   23.281  120.449     55.9    968.0    290.0    287.3      0.0    106.6     56.0    141.2     70.7
    22     1    26     1     9    12     0     0   -10.0   22.965  120.288     18.6    954.5    291.0    287.1      0.0     41.3     57.2    297.3     91.1
    23     1    26     1     9    12     0     0   -10.0   22.861  120.329    249.4    904.4    293.3    284.8      0.0     26.0     59.5    538.5     62.1
    24     1    26     1     9    12     0     0   -10.0   22.790  120.295      0.0    973.8    290.7    288.4      0.0    360.4     64.7    189.0    146.9
    25     1    26     1     9    12     0     0   -10.0   24.023  120.845    249.0    948.2    289.4    285.1      0.0    344.6     59.0    121.3    109.8
    26     1    26     1     9    12     0     0   -10.0   24.218  121.090    337.4    899.4    290.8    282.0      0.0    324.6     61.9    495.4    166.7
    27     1    26     1     9    12     0     0   -10.0   24.002  120.760    118.1    967.7    288.4    285.7      0.0    394.9     59.5     77.2    142.7
     1     1    26     1     9    11     0     1   -11.0   23.279  120.603    439.7    893.7    293.7    284.3      0.0     58.3     60.3    702.1     76.5
     2     1    26     1     9    11     0     1   -11.0   23.317  120.613    432.7    904.0    292.6    284.1      0.0    212.1     59.8    606.8    148.4
     3     1    26     1     9    11     0     1   -11.0   23.517  120.456    148.5    974.3    289.6    287.5      0.0    129.6     55.3    253.6     74.1
     4     1    26     1     9    11     0     1   -11.0   23.069  120.291    186.2    956.7    290.7    287.0      0.0     36.1     58.1    360.9     92.6
     5     1    26     1     9    11     0     1   -11.0   22.950  120.369    428.8    890.2    294.0    284.2      0.0     42.3     61.2    743.0     72.4
     6     1    26     1     9    11     0     1   -11.0   22.865  120.386    286.8    930.9    291.9    285.9      0.0    269.5     69.5    491.2    216.5
     7     1    26     1     9    11     0     1   -11.0   24.219  120.855     78.0    995.2    287.5    287.1      0.0    474.4     57.8    142.5    171.6
     8     1    26     1     9    11     0     1   -11.0   24.231  121.032    170.2    969.4    287.6    285.0      0.0    469.0     61.7    275.6    222.6
     9     1    26     1     9    11     0     1   -11.0   24.093  120.687      1.8   1014.7    288.0    289.2      0.0    502.6     53.2     32.5    178.1
    10     1    26     1     9    11     0     1   -11.0   23.283  120.602    676.2    894.6    293.6    284.3      0.0     60.8     60.3    699.9     77.7
    11     1    26     1     9    11     0     1   -11.0   23.311  120.612    673.1    903.7    292.6    284.1      0.0    211.3     59.8    613.8    147.9
    12     1    26     1     9    11     0     1   -11.0   23.516  120.455    393.5    974.7    289.6    287.5      0.0    131.0     55.3    252.6     73.8
    13     1    26     1     9    11     0     1   -11.0   23.068  120.292    431.6    956.5    290.7    287.0      0.0     36.3     58.1    363.7     92.6
    14     1    26     1     9    11     0     1   -11.0   22.950  120.370    668.6    890.1    294.0    284.2      0.0     42.4     61.2    746.1     72.3
    15     1    26     1     9    11     0     1   -11.0   22.867  120.387    533.7    930.0    291.9    285.8      0.0    266.7     69.6    496.8    216.9
    16     1    26     1     9    11     0     1   -11.0   24.191  120.837    309.0    999.6    287.5    287.4      0.0    480.4     57.2    121.2    166.9
    17     1    26     1     9    11     0     1   -11.0   24.214  121.017    403.8    975.6    287.4    285.4      0.0    480.2     61.2    234.2    219.1
    18     1    26     1     9    11     0     1   -11.0   24.065  120.677    249.7   1014.6    288.1    289.3      0.0    501.9     53.0     33.4    184.9
    19     1    26     1     9    11     0     1   -11.0   23.182  120.567    191.8    911.6    292.7    285.0      0.0     37.4     59.8    530.0     75.9
    20     1    26     1     9    11     0     1   -11.0   23.174  120.593    398.4    878.9    294.1    283.3      0.0    162.9     59.5    639.4    124.9
    21     1    26     1     9    11     0     1   -11.0   23.357  120.465     67.1    960.8    290.2    286.9      0.0     90.1     56.7    192.7     86.3
    22     1    26     1     9    11     0     1   -11.0   23.005  120.287     24.8    952.5    290.9    286.8      0.0     36.3     57.8    306.2    101.9
    23     1    26     1     9    11     0     1   -11.0   22.881  120.335    265.4    899.1    293.5    284.6      0.0     40.8     60.5    570.2     81.3
    24     1    26     1     9    11     0     1   -11.0   22.780  120.301      0.0    970.9    290.9    288.4      0.0    419.3     65.1    202.4    192.0
    25     1    26     1     9    11     0     1   -11.0   24.144  120.919    273.1    936.1    290.0    284.5      0.0    338.4     59.9    208.8    163.9
    26     1    26     1     9    11     0     1   -11.0   24.286  121.158    337.2    886.8    291.4    281.5      0.0    318.9     61.3    610.4    230.5
    27     1    26     1     9    11     0     1   -11.0   24.182  120.812    120.3    962.8    288.7    285.5      0.0    386.4     59.9    115.3    150.3
     1     1    26     1     9    10     0     2   -12.0   23.307  120.601    419.5    896.8    293.5    284.4      0.0     80.8     60.8    689.8    108.4
     2     1    26     1     9    10     0     2   -12.0   23.360  120.616    406.2    912.5    292.3    284.6      0.0    216.8     58.8    546.6    190.4
     3     1    26     1     9    10     0     2   -12.0   23.608  120.452     96.9    985.0    289.8    288.5      0.0    216.3     52.5    209.2    152.9
     4     1    26     1     9    10     0     2   -12.0   23.110  120.284    179.0    957.7    290.5    286.9      0.0     43.2     58.5    357.5    110.0
     5     1    26     1     9    10     0     2   -12.0   22.974  120.361    411.9    893.8    293.7    284.3      0.0     55.1     61.8    724.9     89.3
     6     1    26     1     9    10     0     2   -12.0   22.871  120.382    243.1    936.6    291.9    286.4      0.0    353.7     68.0    482.1    269.9
     7     1    26     1     9    10     0     2   -12.0   24.466  120.961     73.6    995.1    287.2    286.8      0.0    575.6     58.4    146.5    274.5
     8     1    26     1     9    10     0     2   -12.0   24.434  121.144     94.3    982.9    287.7    286.3      0.0    622.4     57.3    234.4    282.9
     9     1    26     1     9    10     0     2   -12.0   24.298  120.728      0.0   1015.6    287.6    288.9      0.0    555.1     54.8     21.4    181.8
    10     1    26     1     9    10     0     2   -12.0   23.311  120.600    655.0    897.8    293.5    284.4      0.0     83.0     60.7    687.9    110.1
    11     1    26     1     9    10     0     2   -12.0   23.355  120.615    646.8    912.3    292.4    284.6      0.0    215.3     58.8    552.9    190.0
    12     1    26     1     9    10     0     2   -12.0   23.607  120.451    343.2    985.3    289.8    288.5      0.0    217.7     52.4    208.3    152.7
    13     1    26     1     9    10     0     2   -12.0   23.109  120.285    424.4    957.5    290.5    286.9      0.0     43.4     58.5    359.7    110.1
    14     1    26     1     9    10     0     2   -12.0   22.975  120.362    650.9    893.9    293.7    284.3      0.0     55.2     61.8    727.4     89.3
    15     1    26     1     9    10     0     2   -12.0   22.873  120.383    490.8    935.7    291.9    286.3      0.0    351.2     68.1    487.5    270.5
    16     1    26     1     9    10     0     2   -12.0   24.437  120.940    309.8    996.4    287.3    287.0      0.0    566.5     57.8    147.1    268.1
    17     1    26     1     9    10     0     2   -12.0   24.422  121.129    329.8    983.6    287.7    286.3      0.0    618.3     57.4    239.4    283.0
    18     1    26     1     9    10     0     2   -12.0   24.267  120.716    249.8   1015.6    287.7    289.0      0.0    550.7     54.6     20.3    178.2
    19     1    26     1     9    10     0     2   -12.0   23.218  120.571    194.1    907.5    292.9    284.8      0.0     47.8     60.6    565.3     90.9
    20     1    26     1     9    10     0     2   -12.0   23.172  120.598    442.7    871.6    294.5    283.0      0.0    141.8     60.5    661.1    154.4
    21     1    26     1     9    10     0     2   -12.0   23.423  120.478     84.6    953.3    290.5    286.5      0.0     73.3     57.3    241.4     98.7
    22     1    26     1     9    10     0     2   -12.0   23.046  120.282     42.4    949.7    290.9    286.6      0.0     44.1     58.6    311.1    121.2
    23     1    26     1     9    10     0     2   -12.0   22.905  120.333    269.0    897.9    293.5    284.5      0.0     53.6     61.3    575.6     99.4
    24     1    26     1     9    10     0     2   -12.0   22.775  120.284      0.0    977.3    290.9    289.0      0.0    487.3     63.2    154.3    234.5
    25     1    26     1     9    10     0     2   -12.0   24.226  120.986    318.8    921.8    290.9    284.2      0.0    331.2     58.5    292.3    222.4
    26     1    26     1     9    10     0     2   -12.0   24.336  121.217    314.1    886.3    291.4    281.4      0.0    357.5     61.9    635.7    288.4
    27     1    26     1     9    10     0     2   -12.0   24.379  120.873    134.1    956.9    288.8    285.2      0.0    409.8     60.7    157.6    198.8