    10     1
    GFSQ    26     1     2     0     0
    GFSQ    26     1     3     0     0
    GFSQ    26     1     4     0     0
    GFSQ    26     1     5     0     0
    GFSQ    26     1     6     0     0
    GFSQ    26     1     7     0     0
    GFSQ    26     1     8     0     0
    GFSQ    26     1     9     0     0
    GFSQ    26     1    10     0     0
    GFSQ    26     1    11     0     0
    27 BACKWARD OMEGA   
    26     1    10     5   22.711  120.310    10.0
    26     1    10     5   22.711  120.310    10.0
    26     1    10     5   22.711  120.310    10.0
    26     1    10     5   22.711  120.310    10.0
    26     1    10     5   22.711  120.310    10.0
    26     1    10     5   22.711  120.310    10.0
    26     1    10     5   22.711  120.310    10.0
    26     1    10     5   22.711  120.310    10.0
    26     1    10     5   22.711  120.310    10.0
    26     1    10     5   22.711  120.310    10.0
    26     1    10     5   22.711  120.310    10.0
    26     1    10     5   22.711  120.310    10.0
    26     1    10     5   22.711  120.310    10.0
    26     1    10     5   22.711  120.310    10.0
    26     1    10     5   22.711  120.310    10.0
    26     1    10     5   22.711  120.310    10.0
    26     1    10     5   22.711  120.310    10.0
    26     1    10     5   22.711  120.310    10.0
    26     1    10     5   22.711  120.310    10.0
    26     1    10     5   22.711  120.310    10.0
    26     1    10     5   22.711  120.310    10.0
    26     1    10     5   22.711  120.310    10.0
    26     1    10     5   22.711  120.310    10.0
    26     1    10     5   22.711  120.310    10.0
    26     1    10     5   22.711  120.310    10.0
    26     1    10     5   22.711  120.310    10.0
    26     1    10     5   22.711  120.310    10.0
     8 PRESSURE THETA    AIR_TEMP RAINFALL MIXDEPTH RELHUMID TERR_MSL SUN_FLUX
     1     1    26     1    10     5     0     1     0.0   22.711  120.310     10.0   1013.5    290.8    291.9      0.0    670.7     56.4     34.8    286.5
     2     1    26     1    10     5     0     1     0.0   22.711  120.310     10.0   1011.5    291.4    292.4      0.0    904.3     47.8     51.7    395.4
     3     1    26     1    10     5     0     1     0.0   22.711  120.310     10.0   1016.2    290.8    292.2      0.0    719.5     64.0     11.2    278.6
     4     1    26     1    10     5     0     1     0.0   22.711  120.310     10.0    983.2    293.0    291.5      0.0    897.6     54.8    288.6    365.3
     5     1    26     1    10     5     0     1     0.0   22.711  120.310     10.0    972.4    293.7    291.2      0.0    941.0     51.0    381.9    484.1
     6     1    26     1    10     5     0     1     0.0   22.711  120.310     10.0    995.1    292.4    291.9      0.0    899.4     61.3    194.3    289.2
     7     1    26     1    10     5     0     1     0.0   22.711  120.310     10.0   1017.1    289.8    291.2      0.0    669.5     63.0      4.7    278.1
     8     1    26     1    10     5     0     1     0.0   22.711  120.310     10.0   1017.0    289.6    291.0      0.0    736.2     60.9      5.6    417.1
     9     1    26     1    10     5     0     1     0.0   22.711  120.310     10.0   1017.5    290.3    291.7      0.0    670.7     65.0      0.0    287.6
    10     1    26     1    10     5     0     1     0.0   22.711  120.310     10.0   1013.5    290.8    291.9      0.0    670.7     56.4     34.8    286.5
    11     1    26     1    10     5     0     1     0.0   22.711  120.310     10.0   1011.5    291.4    292.4      0.0    904.3     47.8     51.7    395.4
    12     1    26     1    10     5     0     1     0.0   22.711  120.310     10.0   1016.2    290.8    292.2      0.0    719.5     64.0     11.2    278.6
    13     1    26     1    10     5     0     1     0.0   22.711  120.310     10.0    983.2    293.0    291.5      0.0    897.6     54.8    288.6    365.3
    14     1    26     1    10     5     0     1     0.0   22.711  120.310     10.0    972.4    293.7    291.3      0.0    941.0     51.0    381.9    484.1
    15     1    26     1    10     5     0     1     0.0   22.711  120.310     10.0    995.1    292.4    291.9      0.0    899.4     61.3    194.3    289.2
    16     1    26     1    10     5     0     1     0.0   22.711  120.310     10.0   1017.1    289.8    291.2      0.0    669.5     63.0      4.7    278.1
    17     1    26     1    10     5     0     1     0.0   22.711  120.310     10.0   1017.0    289.6    291.0      0.0    736.2     60.9      5.6    417.1
    18     1    26     1    10     5     0     1     0.0   22.711  120.310     10.0   1017.5    290.3    291.7      0.0    670.7     65.0      0.0    287.6
    19     1    26     1    10     5     0     1     0.0   22.711  120.310     10.0    984.3    290.5    289.2      0.0    670.7     64.4     34.8    286.5
    20     1    26     1    10     5     0     1     0.0   22.711  120.310     10.0    982.4    291.0    289.6      0.0    904.3     55.0     51.7    395.4
    21     1    26     1    10     5     0     1     0.0   22.711  120.310     10.0    986.9    290.6    289.5      0.0    719.5     72.0     11.2    278.6
    22     1    26     1    10     5     0     1     0.0   22.711  120.310     10.0    955.1    292.6    288.7      0.0    897.6     63.4    288.6    365.3
    23     1    26     1    10     5     0     1     0.0   22.711  120.310     10.0    944.6    293.1    288.3      0.0    941.0     58.9    381.9    484.1
    24     1    26     1    10     5     0     1     0.0   22.711  120.310     10.0    966.6    292.1    289.2      0.0    899.4     70.0    194.3    289.2
    25     1    26     1    10     5     0     1     0.0   22.711  120.310     10.0    987.7    289.6    288.5      0.0    669.5     70.5      4.7    278.1
    26     1    26     1    10     5     0     1     0.0   22.711  120.310     10.0    987.6    289.4    288.4      0.0    736.2     68.0      5.6    417.1
    27     1    26     1    10     5     0     1     0.0   22.711  120.310     10.0    988.1    290.1    289.1      0.0    670.7     72.9      0.0    287.6
     1     1    26     1    10     4     0     2    -1.0   22.783  120.234      0.0   1016.3    290.0    291.3      0.0    548.4     53.8     21.9    276.3
     2     1    26     1    10     4     0     2    -1.0   22.766  120.250      0.0   1016.2    290.5    291.8      0.0    769.6     45.4     23.4    413.8
     3     1    26     1    10     4     0     2    -1.0   22.771  120.232      1.8   1018.0    290.5    292.0      0.0    669.0     63.6      1.9    259.8
     4     1    26     1    10     4     0     2    -1.0   22.732  120.229      0.0   1007.4    291.6    292.2      0.0    820.1     52.8     79.9    314.4
     5     1    26     1    10     4     0     2    -1.0   22.729  120.241      0.0    999.5    291.8    291.8      0.0    883.8     49.9    141.5    470.4
     6     1    26     1    10     4     0     2    -1.0   22.727  120.235      0.0   1012.9    291.7    292.8      0.0    902.0     59.3     47.3    279.8
     7     1    26     1    10     4     0     2    -1.0   22.866  120.281      7.1   1017.9    289.3    290.7      0.0    635.2     60.7      2.9    354.4
     8     1    26     1    10     4     0     2    -1.0   22.891  120.298      6.5   1017.9    289.1    290.6      0.0    735.2     60.4      4.5    495.6
     9     1    26     1    10     4     0     2    -1.0   22.828  120.266      9.5   1018.2    289.8    291.3      0.0    597.0     62.7      0.5    255.5
    10     1    26     1    10     4     0     2    -1.0   22.783  120.234    249.8   1016.3    290.0    291.3      0.0    548.4     53.8     21.9    276.3
    11     1    26     1    10     4     0     2    -1.0   22.766  120.250    249.8   1016.2    290.5    291.8      0.0    769.6     45.4     23.4    413.8
    12     1    26     1    10     4     0     2    -1.0   22.771  120.232    250.0   1018.0    290.5    292.0      0.0    669.0     63.6      1.9    259.8
    13     1    26     1    10     4     0     2    -1.0   22.732  120.229    249.2   1007.4    291.6    292.2      0.0    820.1     52.8     79.9    314.4
    14     1    26     1    10     4     0     2    -1.0   22.729  120.241    248.6    999.5    291.8    291.8      0.0    883.8     49.9    141.5    470.4
    15     1    26     1    10     4     0     2    -1.0   22.727  120.235    249.5   1012.9    291.7    292.8      0.0    902.0     59.3     47.3    279.8
    16     1    26     1    10     4     0     2    -1.0   22.866  120.281    250.0   1017.9    289.3    290.7      0.0    635.2     60.7      2.9    354.4
    17     1    26     1    10     4     0     2    -1.0   22.891  120.298    250.0   1017.9    289.1    290.6      0.0    735.2     60.4      4.5    495.6
    18     1    26     1    10     4     0     2    -1.0   22.828  120.266    250.0   1018.2    289.8    291.3      0.0    597.0     62.7      0.5    255.5
    19     1    26     1    10     4     0     2    -1.0   22.782  120.240     29.2    984.7    289.7    288.4      0.0    545.4     61.7     22.5    275.3
    20     1    26     1    10     4     0     2    -1.0   22.774  120.253      0.0    988.5    290.2    289.3      0.0    773.1     52.1     25.1    418.0
    21     1    26     1    10     4     0     2    -1.0   22.758  120.238      0.0    991.3    290.3    289.6      0.0    680.2     71.1      0.7    260.2
    22     1    26     1    10     4     0     2    -1.0   22.735  120.230      0.0    981.2    291.2    289.6      0.0    819.5     60.5     80.3    314.8
    23     1    26     1    10     4     0     2    -1.0   22.729  120.239      0.0    973.8    291.4    289.2      0.0    883.2     56.4    141.0    470.5
    24     1    26     1    10     4     0     2    -1.0   22.731  120.235      0.0    987.1    291.5    290.4      0.0    905.6     66.6     48.2    280.9
    25     1    26     1    10     4     0     2    -1.0   22.864  120.280     22.9    987.0    289.1    288.0      0.0    634.8     68.5      2.8    353.2
    26     1    26     1    10     4     0     2    -1.0   22.893  120.308     50.4    983.6    289.0    287.6      0.0    739.2     68.4      5.4    494.8
    27     1    26     1    10     4     0     2    -1.0   22.816  120.265      7.3    989.1    289.6    288.7      0.0    595.8     70.4      0.4    255.1
     1     1    26     1    10     3     0     3    -2.0   22.846  120.183      0.0   1017.5    289.4    290.8      0.0    516.2     52.3     17.1    315.2
     2     1    26     1    10     3     0     3    -2.0   22.815  120.210      0.0   1017.3    289.6    291.0      0.0    625.6     47.9     19.7    449.0
     3     1    26     1    10     3     0     3    -2.0   22.797  120.177      0.0   1018.7    290.3    291.8      0.0    639.9     61.6      3.1    231.5
     4     1    26     1    10     3     0     3    -2.0   22.747  120.153      0.0   1010.9    290.7    291.6      0.0    634.3     52.6     62.2    285.5
     5     1    26     1    10     3     0     3    -2.0   22.735  120.180      0.0   1004.4    291.0    291.3      0.0    729.7     49.4    112.7    461.8
     6     1    26     1    10     3     0     3    -2.0   22.715  120.173      0.0   1015.2    291.4    292.7      0.0    840.9     60.5     32.9    264.0
     7     1    26     1    10     3     0     3    -2.0   22.991  120.276      5.3   1018.7    288.9    290.4      0.0    620.5     59.3      2.4    469.3
     8     1    26     1    10     3     0     3    -2.0   23.055  120.311      5.3   1018.6    288.8    290.4      0.0    731.6     59.8      4.5    499.4
     9     1    26     1    10     3     0     3    -2.0   22.918  120.245      9.4   1018.9    289.3    290.9      0.0    525.7     59.4      0.0    235.1
    10     1    26     1    10     3     0     3    -2.0   22.846  120.183    249.8   1017.5    289.4    290.8      0.0    516.2     52.3     17.1    315.2
    11     1    26     1    10     3     0     3    -2.0   22.815  120.210    249.8   1017.3    289.6    291.0      0.0    625.6     47.9     19.7    449.0
    12     1    26     1    10     3     0     3    -2.0   22.797  120.177    250.0   1018.7    290.3    291.8      0.0    639.9     61.6      3.1    231.5
    13     1    26     1    10     3     0     3    -2.0   22.747  120.153    249.4   1010.9    290.7    291.6      0.0    634.3     52.6     62.2    285.5
    14     1    26     1    10     3     0     3    -2.0   22.735  120.180    248.9   1004.4    291.0    291.3      0.0    729.7     49.4    112.7    461.8
    15     1    26     1    10     3     0     3    -2.0   22.715  120.173    249.7   1015.2    291.4    292.7      0.0    840.9     60.5     32.9    264.0
    16     1    26     1    10     3     0     3    -2.0   22.991  120.276    250.0   1018.7    288.9    290.4      0.0    620.5     59.3      2.4    469.3
    17     1    26     1    10     3     0     3    -2.0   23.055  120.311    250.0   1018.6    288.8    290.4      0.0    731.6     59.8      4.5    499.4
    18     1    26     1    10     3     0     3    -2.0   22.918  120.245    250.0   1018.9    289.3    290.9      0.0    525.7     59.4      0.0    235.1
    19     1    26     1    10     3     0     3    -2.0   22.835  120.191     38.6    984.6    289.2    288.0      0.0    507.6     60.5     17.9    305.6
    20     1    26     1    10     3     0     3    -2.0   22.826  120.216      3.0    988.6    289.4    288.5      0.0    629.3     54.6     20.2    451.2
    21     1    26     1    10     3     0     3    -2.0   22.758  120.189      0.0    995.0    290.3    289.9      0.0    685.4     69.2      0.6    231.1
    22     1    26     1    10     3     0     3    -2.0   22.743  120.156      0.0    985.1    290.4    289.1      0.0    641.4     60.1     62.5    286.0
    23     1    26     1    10     3     0     3    -2.0   22.732  120.180      0.0    979.3    290.6    288.8      0.0    728.8     55.8    112.1    459.8
    24     1    26     1    10     3     0     3    -2.0   22.713  120.176      0.0    990.7    291.2    290.4      0.0    840.7     67.1     33.1    264.0
    25     1    26     1    10     3     0     3    -2.0   22.986  120.277     64.0    982.9    288.8    287.4      0.0    618.4     68.9      2.5    464.6
    26     1    26     1    10     3     0     3    -2.0   23.051  120.327     77.8    981.0    288.6    287.1      0.0    728.9     68.5      5.7    499.6
    27     1    26     1    10     3     0     3    -2.0   22.892  120.239      7.0    989.8    289.3    288.5      0.0    526.9     67.3      0.0    232.3
     1     1    26     1    10     2     0     2    -3.0   22.906  120.160      0.0   1017.6    288.7    290.2      0.0    462.4     53.7     15.0    251.6
     2     1    26     1    10     2     0     2    -3.0   22.873  120.196      0.0   1017.4    288.6    290.1      0.0    524.2     51.9     18.3    318.0
     3     1    26     1    10     2     0     2    -3.0   22.815  120.151      0.0   1018.3    289.7    291.2      0.0    536.2     60.5      3.7    158.3
     4     1    26     1    10     2     0     2    -3.0   22.769  120.096      0.0   1012.9    289.4    290.5      0.0    430.5     53.5     49.7    194.0
     5     1    26     1    10     2     0     2    -3.0   22.741  120.134      0.0   1007.7    289.4    290.0      0.0    499.9     52.3     90.6    308.4
     6     1    26     1    10     2     0     2    -3.0   22.688  120.149      0.0   1015.6    290.8    292.1      0.0    680.1     61.2     25.0    176.1
     7     1    26     1    10     2     0     2    -3.0   23.108  120.293      3.8   1018.3    288.7    290.1      0.0    609.7     59.4      4.0    330.2
     8     1    26     1    10     2     0     2    -3.0   23.221  120.343      4.2   1018.8    288.5    290.0      0.0    707.2     59.8      1.0    337.5
     9     1    26     1    10     2     0     2    -3.0   22.998  120.248      9.4   1018.5    288.9    290.4      0.0    499.6     58.0      0.0    169.9
    10     1    26     1    10     2     0     2    -3.0   22.906  120.160    249.8   1017.6    288.7    290.2      0.0    462.4     53.7     15.0    251.6
    11     1    26     1    10     2     0     2    -3.0   22.873  120.196    249.8   1017.4    288.6    290.1      0.0    524.2     51.9     18.3    318.0
    12     1    26     1    10     2     0     2    -3.0   22.815  120.151    250.0   1018.3    289.7    291.2      0.0    536.2     60.5      3.7    158.3
    13     1    26     1    10     2     0     2    -3.0   22.769  120.096    249.5   1012.9    289.4    290.5      0.0    430.5     53.5     49.7    194.0
    14     1    26     1    10     2     0     2    -3.0   22.741  120.134    249.1   1007.7    289.4    290.0      0.0    499.9     52.3     90.6    308.4
    15     1    26     1    10     2     0     2    -3.0   22.688  120.149    249.8   1015.6    290.8    292.1      0.0    680.1     61.2     25.0    176.1
    16     1    26     1    10     2     0     2    -3.0   23.108  120.293    250.0   1018.3    288.7    290.1      0.0    609.7     59.4      4.0    330.2
    17     1    26     1    10     2     0     2    -3.0   23.221  120.343    250.0   1018.8    288.5    290.0      0.0    707.2     59.8      1.0    337.5
    18     1    26     1    10     2     0     2    -3.0   22.998  120.248    250.0   1018.5    288.9    290.4      0.0    499.6     58.0      0.0    169.9
    19     1    26     1    10     2     0     2    -3.0   22.882  120.166     48.4    983.6    289.0    287.6      0.0    449.8     61.0     15.5    237.9
    20     1    26     1    10     2     0     2    -3.0   22.888  120.202     16.7    987.1    288.8    287.8      0.0    526.4     57.2     18.9    320.3
    21     1    26     1    10     2     0     2    -3.0   22.743  120.169      0.0    997.7    289.9    289.7      0.0    595.6     67.8      0.0    157.2
    22     1    26     1    10     2     0     2    -3.0   22.750  120.101      0.0    987.3    289.6    288.5      0.0    430.6     59.7     49.2    185.9
    23     1    26     1    10     2     0     2    -3.0   22.734  120.135      0.0    983.3    289.6    288.2      0.0    499.2     56.2     90.2    305.2
    24     1    26     1    10     2     0     2    -3.0   22.676  120.160      0.0    992.9    290.6    290.1      0.0    681.2     67.4     25.0    175.7
    25     1    26     1    10     2     0     2    -3.0   23.098  120.292    101.1    978.1    288.6    286.8      0.0    606.2     69.2      4.0    329.6
    26     1    26     1    10     2     0     2    -3.0   23.212  120.362     70.2    982.1    288.4    286.9      0.0    694.4     67.5      1.6    338.0
    27     1    26     1    10     2     0     2    -3.0   22.958  120.237     12.2    988.7    289.0    288.1      0.0    510.8     65.7      0.0    167.7
     1     1    26     1    10     1     0     1    -4.0   22.974  120.162      0.0   1017.6    288.0    289.4      0.0    381.6     54.9     15.2    154.0
     2     1    26     1    10     1     0     1    -4.0   22.950  120.202      0.0   1017.5    287.6    289.1      0.0    421.6     54.8     18.9    175.6
     3     1    26     1    10     1     0     1    -4.0   22.849  120.155      0.0   1017.9    289.2    290.6      0.0    441.6     59.3      5.7     87.5
     4     1    26     1    10     1     0     1    -4.0   22.802  120.065      0.0   1014.1    288.3    289.5      0.0    286.6     54.7     43.5    111.7
     5     1    26     1    10     1     0     1    -4.0   22.754  120.107      0.0   1009.5    288.0    288.7      0.0    303.1     55.6     79.5    164.1
     6     1    26     1    10     1     0     1    -4.0   22.669  120.160      0.0   1015.3    290.3    291.6      0.0    556.9     61.5     24.1     94.8
     7     1    26     1    10     1     0     1    -4.0   23.246  120.328      1.7   1017.8    288.2    289.7      0.0    571.5     59.5      7.3    179.9
     8     1    26     1    10     1     0     1    -4.0   23.413  120.395      1.9   1018.6    287.9    289.4      0.0    670.2     61.1      0.0    178.0
     9     1    26     1    10     1     0     1    -4.0   23.092  120.276      9.2   1018.0    288.6    290.1      0.0    476.2     57.9      2.4    123.4
    10     1    26     1    10     1     0     1    -4.0   22.974  120.162    249.8   1017.6    288.0    289.4      0.0    381.6     54.9     15.2    154.0
    11     1    26     1    10     1     0     1    -4.0   22.950  120.202    249.8   1017.5    287.6    289.1      0.0    421.6     54.8     18.9    175.6
    12     1    26     1    10     1     0     1    -4.0   22.849  120.155    249.9   1017.9    289.2    290.6      0.0    441.6     59.3      5.7     87.5
    13     1    26     1    10     1     0     1    -4.0   22.802  120.065    249.6   1014.1    288.3    289.5      0.0    286.6     54.7     43.5    111.7
    14     1    26     1    10     1     0     1    -4.0   22.754  120.107    249.2   1009.5    288.0    288.7      0.0    303.1     55.6     79.5    164.1
    15     1    26     1    10     1     0     1    -4.0   22.669  120.160    249.8   1015.3    290.3    291.6      0.0    556.9     61.5     24.1     94.8
    16     1    26     1    10     1     0     1    -4.0   23.246  120.328    249.9   1017.8    288.2    289.7      0.0    571.5     59.5      7.3    179.9
    17     1    26     1    10     1     0     1    -4.0   23.413  120.395    250.0   1018.6    287.9    289.4      0.0    670.2     61.1      0.0    178.0
    18     1    26     1    10     1     0     1    -4.0   23.092  120.276    250.0   1018.0    288.6    290.1      0.0    476.2     57.9      2.4    123.4
    19     1    26     1    10     1     0     1    -4.0   22.939  120.163     59.6    982.2    288.7    287.3      0.0    373.4     60.6     15.2    144.5
    20     1    26     1    10     1     0     1    -4.0   22.986  120.210     27.6    985.8    288.3    287.1      0.0    426.7     58.7     19.7    178.9
    21     1    26     1    10     1     0     1    -4.0   22.737  120.182      0.0    996.8    289.6    289.4      0.0    522.6     67.1      0.0     85.4
    22     1    26     1    10     1     0     1    -4.0   22.759  120.073      0.0    985.9    289.2    288.0      0.0    286.6     60.1     42.7    102.1
    23     1    26     1    10     1     0     1    -4.0   22.745  120.110      0.0    983.0    288.8    287.4      0.0    302.6     57.3     79.2    162.9
    24     1    26     1    10     1     0     1    -4.0   22.642  120.184      0.0    989.6    290.3    289.4      0.0    571.3     69.1     23.2     94.2
    25     1    26     1    10     1     0     1    -4.0   23.239  120.325     93.6    978.5    288.4    286.6      0.0    572.0     67.6      7.0    179.6
    26     1    26     1    10     1     0     1    -4.0   23.423  120.418     38.7    985.5    287.7    286.5      0.0    660.9     68.7      0.0    178.0
    27     1    26     1    10     1     0     1    -4.0   23.042  120.258     35.4    985.5    288.7    287.5      0.0    473.1     65.1      0.8    108.0
     1     1    26     1    10     0     0     0    -5.0   23.047  120.182      0.0   1017.6    286.9    288.4      0.0    264.3     56.9     17.1     19.8
     2     1    26     1    10     0     0     0    -5.0   23.043  120.223      0.0   1017.6    286.4    287.9      0.0    296.0     58.0     17.3     19.8
     3     1    26     1    10     0     0     0    -5.0   22.892  120.181      0.0   1017.6    288.4    289.9      0.0    322.5     58.1      9.6     16.4
     4     1    26     1    10     0     0     0    -5.0   22.839  120.058      0.0   1014.3    287.3    288.4      0.0    152.6     56.6     43.5     19.8
     5     1    26     1    10     0     0     0    -5.0   22.775  120.099      0.0   1009.7    286.7    287.5      0.0    122.5     59.2     80.4     19.8
     6     1    26     1    10     0     0     0    -5.0   22.655  120.201     17.4   1013.7    289.9    291.0      0.0    436.4     62.2     27.6     14.9
     7     1    26     1    10     0     0     0    -5.0   23.401  120.377      0.0   1018.2    287.4    288.8      0.0    485.6     60.7      4.7     19.8
     8     1    26     1    10     0     0     0    -5.0   23.641  120.474      0.0   1018.8    287.4    288.9      0.0    689.4     63.4      0.0     19.8
     9     1    26     1    10     0     0     0    -5.0   23.193  120.320      8.8   1017.6    288.0    289.5      0.0    404.4     57.7      6.6     19.8
    10     1    26     1    10     0     0     0    -5.0   23.047  120.182    249.8   1017.6    286.9    288.4      0.0    264.3     56.9     17.1     19.8
    11     1    26     1    10     0     0     0    -5.0   23.043  120.223    249.8   1017.6    286.4    287.9      0.0    296.0     58.0     17.3     19.8
    12     1    26     1    10     0     0     0    -5.0   22.892  120.181    249.9   1017.6    288.4    289.9      0.0    322.5     58.1      9.6     16.4
    13     1    26     1    10     0     0     0    -5.0   22.839  120.058    249.6   1014.3    287.3    288.4      0.0    152.6     56.6     43.5     19.8
    14     1    26     1    10     0     0     0    -5.0   22.775  120.099    249.2   1009.7    286.7    287.5      0.0    122.5     59.2     80.4     19.8
    15     1    26     1    10     0     0     0    -5.0   22.655  120.201    267.1   1013.7    289.9    291.0      0.0    436.4     62.2     27.6     14.9
    16     1    26     1    10     0     0     0    -5.0   23.401  120.377    250.0   1018.2    287.4    288.8      0.0    485.6     60.7      4.7     19.8
    17     1    26     1    10     0     0     0    -5.0   23.641  120.474    250.0   1018.8    287.4    288.9      0.0    689.4     63.4      0.0     19.8
    18     1    26     1    10     0     0     0    -5.0   23.193  120.320    249.9   1017.6    288.0    289.5      0.0    404.4     57.7      6.6     19.8
    19     1    26     1    10     0     0     0    -5.0   23.010  120.175     63.4    981.7    288.4    286.8      0.0    261.8     59.3     16.3     19.8
    20     1    26     1    10     0     0     0    -5.0   23.136  120.240     28.5    985.7    287.5    286.3      0.0    305.2     62.7     10.3     19.8
    21     1    26     1    10     0     0     0    -5.0   22.727  120.225      0.0    992.8    289.3    288.7      0.0    435.7     67.2      0.0     12.6
    22     1    26     1    10     0     0     0    -5.0   22.764  120.069      9.8    984.7    289.0    287.7      0.0    162.9     60.5     42.2     19.8
    23     1    26     1    10     0     0     0    -5.0   22.767  120.102      0.0    981.7    288.3    286.7      0.0    119.8     58.6     80.1     19.8
    24     1    26     1    10     0     0     0    -5.0   22.606  120.243     13.7    985.4    290.0    288.8      0.0    494.1     72.1     22.8     16.4
    25     1    26     1    10     0     0     0    -5.0   23.424  120.375     53.9    983.5    287.8    286.4      0.0    496.9     67.0      3.6     19.8
    26     1    26     1    10     0     0     0    -5.0   23.710  120.518      6.4    989.6    287.1    286.3      0.0    701.9     70.2      2.0     19.8
    27     1    26     1    10     0     0     0    -5.0   23.134  120.296     66.0    981.5    288.5    287.0      0.0    422.1     64.8      4.3     19.8
     1     1    26     1     9    23     0     1    -6.0   23.130  120.211      0.0   1017.0    286.4    287.8      0.0    241.8     57.9     19.7     13.2
     2     1    26     1     9    23     0     1    -6.0   23.143  120.257      0.1   1016.2    286.2    287.5      0.0    261.8     59.1     16.8     13.2
     3     1    26     1     9    23     0     1    -6.0   22.948  120.213      0.0   1017.0    287.8    289.2      0.0    258.5     57.6     15.8     12.1
     4     1    26     1     9    23     0     1    -6.0   22.883  120.065      2.1   1013.0    286.9    287.9      0.0    139.8     58.2     49.1     13.2
     5     1    26     1     9    23     0     1    -6.0   22.807  120.105      1.9   1007.8    286.6    287.2      0.0    117.4     60.4     92.3     13.2
     6     1    26     1     9    23     0     1    -6.0   22.650  120.258     53.2   1006.8    289.6    290.2      0.0    370.7     63.4     49.3     10.0
     7     1    26     1     9    23     0     1    -6.0   23.561  120.439      0.0   1017.4    286.9    288.3      0.0    438.1     61.1      0.0     13.2
     8     1    26     1     9    23     0     1    -6.0   23.895  120.590      0.0   1017.4    287.0    288.4      0.0    643.4     63.4      8.5     13.2
     9     1    26     1     9    23     0     1    -6.0   23.297  120.370      8.7   1017.3    287.4    288.8      0.0    353.2     58.5     11.2     13.2
    10     1    26     1     9    23     0     1    -6.0   23.130  120.211    249.8   1017.0    286.4    287.8      0.0    241.8     57.9     19.7     13.2
    11     1    26     1     9    23     0     1    -6.0   23.143  120.257    249.9   1016.2    286.2    287.5      0.0    261.8     59.1     16.8     13.2
    12     1    26     1     9    23     0     1    -6.0   22.948  120.213    249.8   1017.0    287.8    289.2      0.0    258.5     57.6     15.8     12.1
    13     1    26     1     9    23     0     1    -6.0   22.883  120.065    251.7   1013.0    286.9    287.9      0.0    139.8     58.2     49.1     13.2
    14     1    26     1     9    23     0     1    -6.0   22.807  120.105    251.0   1007.8    286.6    287.2      0.0    117.4     60.4     92.3     13.2
    15     1    26     1     9    23     0     1    -6.0   22.650  120.258    302.7   1006.8    289.6    290.2      0.0    370.7     63.4     49.3     10.0
    16     1    26     1     9    23     0     1    -6.0   23.561  120.439    250.0   1017.4    286.9    288.3      0.0    438.1     61.1      0.0     13.2
    17     1    26     1     9    23     0     1    -6.0   23.895  120.590    249.9   1017.4    287.0    288.4      0.0    643.4     63.4      8.5     13.2
    18     1    26     1     9    23     0     1    -6.0   23.297  120.370    249.9   1017.3    287.4    288.8      0.0    353.2     58.5     11.2     13.2
    19     1    26     1     9    23     0     1    -6.0   23.112  120.202     58.6    981.7    288.4    286.8      0.0    249.3     58.5     18.9     13.2
    20     1    26     1     9    23     0     1    -6.0   23.338  120.294     30.6    982.3    287.6    286.2      0.0    340.1     64.7     24.4     13.2
    21     1    26     1     9    23     0     1    -6.0   22.722  120.278      0.0    990.8    289.3    288.5      0.0    401.7     66.9      5.6      8.5
    22     1    26     1     9    23     0     1    -6.0   22.779  120.083     23.3    981.9    289.0    287.5      0.0    152.6     60.7     47.2     13.2
    23     1    26     1     9    23     0     1    -6.0   22.811  120.111      3.3    978.5    288.7    286.9      0.0    115.5     58.2     97.7     13.2
    24     1    26     1     9    23     0     1    -6.0   22.591  120.326     88.0    961.7    290.4    287.1      0.0    397.8     75.7    153.9      9.3
    25     1    26     1     9    23     0     1    -6.0   23.659  120.449     31.0    985.2    287.5    286.3      0.0    494.0     67.9      0.0     13.2
    26     1    26     1     9    23     0     1    -6.0   24.008  120.659     28.1    985.1    287.0    285.8      0.0    648.4     69.8     14.5     13.2
    27     1    26     1     9    23     0     1    -6.0   23.242  120.338     76.1    980.1    288.4    286.8      0.0    383.8     63.4      8.3     13.2
     1     1    26     1     9    22     0     2    -7.0   23.218  120.241      0.0   1016.4    285.8    287.2      0.0    204.6     58.7     22.6      6.6
     2     1    26     1     9    22     0     2    -7.0   23.238  120.302      5.5   1012.3    286.2    287.2      0.0    231.2     60.0     40.5      6.6
     3     1    26     1     9    22     0     2    -7.0   23.024  120.239      0.0   1016.4    286.9    288.2      0.0    187.2     57.6     22.4      6.6
     4     1    26     1     9    22     0     2    -7.0   22.936  120.081     12.6   1010.8    286.5    287.3      0.0    120.7     60.2     59.6      6.6
     5     1    26     1     9    22     0     2    -7.0   22.855  120.123     22.9   1002.5    286.6    286.8      0.0    103.5     61.7    119.1      6.6
     6     1    26     1     9    22     0     2    -7.0   22.665  120.317    121.6    983.1    289.7    288.3      0.0    262.2     66.9    182.7      4.7
     7     1    26     1     9    22     0     2    -7.0   23.711  120.510      0.0   1016.0    286.9    288.2      0.0    406.0     61.7      3.1      6.6
     8     1    26     1     9    22     0     2    -7.0   24.110  120.714      1.2   1017.0    286.9    288.3      0.0    620.8     63.0     11.2      6.6
     9     1    26     1     9    22     0     2    -7.0   23.410  120.417      8.3   1016.7    286.7    288.0      0.0    303.6     59.5     15.6      6.6
    10     1    26     1     9    22     0     2    -7.0   23.218  120.241    249.8   1016.4    285.8    287.2      0.0    204.6     58.7     22.6      6.6
    11     1    26     1     9    22     0     2    -7.0   23.238  120.302    255.1   1012.3    286.2    287.2      0.0    231.2     60.0     40.5      6.6
    12     1    26     1     9    22     0     2    -7.0   23.024  120.239    249.8   1016.4    286.9    288.2      0.0    187.2     57.6     22.4      6.6
    13     1    26     1     9    22     0     2    -7.0   22.936  120.081    262.0   1010.8    286.5    287.3      0.0    120.7     60.2     59.6      6.6
    14     1    26     1     9    22     0     2    -7.0   22.855  120.123    271.7   1002.5    286.6    286.8      0.0    103.5     61.7    119.1      6.6
    15     1    26     1     9    22     0     2    -7.0   22.665  120.317    369.8    983.1    289.7    288.3      0.0    262.2     66.9    182.7      4.7
    16     1    26     1     9    22     0     2    -7.0   23.711  120.510    250.0   1016.0    286.9    288.2      0.0    406.0     61.7      3.1      6.6
    17     1    26     1     9    22     0     2    -7.0   24.110  120.714    251.1   1017.0    286.9    288.3      0.0    620.8     63.0     11.2      6.6
    18     1    26     1     9    22     0     2    -7.0   23.410  120.417    249.8   1016.7    286.7    288.0      0.0    303.6     59.5     15.6      6.6
    19     1    26     1     9    22     0     2    -7.0   23.256  120.250     63.5    980.3    288.5    286.8      0.0    199.3     56.0     23.2      6.6
    20     1    26     1     9    22     0     2    -7.0   23.542  120.368     32.2    981.7    287.6    286.1      0.0    335.6     64.1     23.7      6.6
    21     1    26     1     9    22     0     2    -7.0   22.742  120.323      0.0    988.1    289.1    288.1      0.0    326.2     66.2     15.6      4.0
    22     1    26     1     9    22     0     2    -7.0   22.820  120.109     34.4    978.5    289.2    287.4      0.0    131.1     60.6     59.0      6.6
    23     1    26     1     9    22     0     2    -7.0   22.886  120.136     20.8    971.2    289.4    287.0      0.0     99.3     58.0    140.7      6.6
    24     1    26     1     9    22     0     2    -7.0   22.613  120.407    212.1    928.5    291.7    285.5      0.0    260.7     76.4    323.5      3.9
    25     1    26     1     9    22     0     2    -7.0   23.909  120.551     28.3    984.7    287.4    286.2      0.0    498.8     67.1      7.1      6.6
    26     1    26     1     9    22     0     2    -7.0   24.261  120.812     43.1    980.6    287.1    285.5      0.0    638.2     69.0     36.0      6.6
    27     1    26     1     9    22     0     2    -7.0   23.382  120.390     74.3    979.8    288.5    286.8      0.0    337.5     61.6     13.1      6.6
     1     1    26     1     9    21     0     3    -8.0   23.305  120.277      5.7   1012.4    285.7    286.7      0.0    173.4     60.2     47.2      0.0
     2     1    26     1     9    21     0     3    -8.0   23.328  120.355     25.3   1007.9    286.2    286.9      0.0    192.4     60.6     60.3      0.0
     3     1    26     1     9    21     0     3    -8.0   23.109  120.268      1.6   1014.7    286.3    287.5      0.0    156.0     59.1     29.8      0.0
     4     1    26     1     9    21     0     3    -8.0   23.005  120.106     36.5   1004.8    286.3    286.7      0.0     91.6     62.0     79.0      0.0
     5     1    26     1     9    21     0     3    -8.0   22.930  120.161     83.3    988.1    287.7    286.7      0.0     71.6     61.1    179.9      0.0
     6     1    26     1     9    21     0     3    -8.0   22.693  120.374    206.1    955.6    290.5    286.7      0.0    151.9     69.9    334.0      0.0
     7     1    26     1     9    21     0     3    -8.0   23.848  120.586      4.0   1014.7    286.6    287.8      0.0    344.2     61.5     14.7      0.0
     8     1    26     1     9    21     0     3    -8.0   24.280  120.836      6.5   1012.2    286.5    287.5      0.0    543.1     63.5     45.9      0.0
     9     1    26     1     9    21     0     3    -8.0   23.521  120.465      8.2   1016.0    285.9    287.2      0.0    237.3     60.0     18.4      0.0
    10     1    26     1     9    21     0     3    -8.0   23.305  120.277    255.2   1012.4    285.7    286.7      0.0    173.4     60.2     47.2      0.0
    11     1    26     1     9    21     0     3    -8.0   23.328  120.355    274.7   1007.9    286.2    286.9      0.0    192.4     60.6     60.3      0.0
    12     1    26     1     9    21     0     3    -8.0   23.109  120.268    251.3   1014.7    286.3    287.5      0.0    156.0     59.1     29.8      0.0
    13     1    26     1     9    21     0     3    -8.0   23.005  120.106    285.7   1004.8    286.3    286.7      0.0     91.6     62.0     79.0      0.0
    14     1    26     1     9    21     0     3    -8.0   22.930  120.161    331.5    988.1    287.7    286.7      0.0     71.6     61.1    179.9      0.0
    15     1    26     1     9    21     0     3    -8.0   22.693  120.374    452.8    955.6    290.5    286.7      0.0    151.9     69.9    334.0      0.0
    16     1    26     1     9    21     0     3    -8.0   23.848  120.586    253.8   1014.7    286.6    287.8      0.0    344.2     61.5     14.7      0.0
    17     1    26     1     9    21     0     3    -8.0   24.280  120.836    256.1   1012.2    286.5    287.5      0.0    543.1     63.5     45.9      0.0
    18     1    26     1     9    21     0     3    -8.0   23.521  120.465    249.8   1016.0    285.9    287.2      0.0    237.3     60.0     18.4      0.0
    19     1    26     1     9    21     0     3    -8.0   23.419  120.316    103.7    969.2    289.1    286.5      0.0    172.7     57.2     65.1      0.0
    20     1    26     1     9    21     0     3    -8.0   23.717  120.448     68.8    977.5    287.8    285.9      0.0    229.0     61.2     21.9      0.0
    21     1    26     1     9    21     0     3    -8.0   22.787  120.364      1.1    985.1    288.9    287.7      0.0    235.8     65.3     29.2      0.0
    22     1    26     1     9    21     0     3    -8.0   22.890  120.143     47.8    973.7    289.5    287.3      0.0     94.6     60.5     80.4      0.0
    23     1    26     1     9    21     0     3    -8.0   22.978  120.177     71.9    956.8    290.6    286.9      0.0     63.3     57.7    217.7      0.0
    24     1    26     1     9    21     0     3    -8.0   22.656  120.460    303.7    900.2    293.4    284.6      0.0    145.2     71.4    485.9      0.0
    25     1    26     1     9    21     0     3    -8.0   24.115  120.658     66.4    979.5    287.5    285.8      0.0    401.2     65.2     14.8      0.0
    26     1    26     1     9    21     0     3    -8.0   24.455  120.950     38.0    982.2    287.0    285.5      0.0    616.3     69.1     21.6      0.0
    27     1    26     1     9    21     0     3    -8.0   23.555  120.460     93.4    976.6    288.8    286.8      0.0    253.2     58.0     15.3      0.0
     1     1    26     1     9    20     0     2    -9.0   23.391  120.325     31.3   1006.1    286.2    286.7      0.0    167.7     60.1     79.0      0.0
     2     1    26     1     9    20     0     2    -9.0   23.425  120.414     51.2   1005.0    286.4    286.8      0.0    177.3     60.0     61.4      0.0
     3     1    26     1     9    20     0     2    -9.0   23.191  120.294     11.9   1012.7    286.2    287.2      0.0    140.7     59.8     43.3      0.0
     4     1    26     1     9    20     0     2    -9.0   23.092  120.140     81.2    994.0    287.3    286.8      0.0     83.9     60.9    128.1      0.0
     5     1    26     1     9    20     0     2    -9.0   23.017  120.205    172.5    969.9    289.2    286.6      0.0     51.0     59.9    252.0      0.0
     6     1    26     1     9    20     0     2    -9.0   22.721  120.418    272.9    932.8    291.5    285.7      0.0     98.9     71.3    471.5      0.0
     7     1    26     1     9    20     0     2    -9.0   23.965  120.658     11.9   1014.6    286.2    287.4      0.0    295.3     61.1     17.6      0.0
     8     1    26     1     9    20     0     2    -9.0   24.414  120.944     21.4   1011.8    286.4    287.4      0.0    517.3     62.3     40.5      0.0
     9     1    26     1     9    20     0     2    -9.0   23.616  120.511      9.5   1015.2    285.8    287.0      0.0    209.8     59.1     23.1      0.0
    10     1    26     1     9    20     0     2    -9.0   23.391  120.325    280.5   1006.1    286.2    286.7      0.0    167.7     60.1     79.0      0.0
    11     1    26     1     9    20     0     2    -9.0   23.425  120.414    300.6   1005.0    286.4    286.8      0.0    177.3     60.0     61.4      0.0
    12     1    26     1     9    20     0     2    -9.0   23.191  120.294    261.5   1012.7    286.2    287.2      0.0    140.7     59.8     43.3      0.0
    13     1    26     1     9    20     0     2    -9.0   23.092  120.140    330.0    994.0    287.3    286.8      0.0     83.9     60.9    128.1      0.0
    14     1    26     1     9    20     0     2    -9.0   23.017  120.205    420.0    969.9    289.2    286.6      0.0     51.0     59.9    252.0      0.0
    15     1    26     1     9    20     0     2    -9.0   22.721  120.418    518.2    932.8    291.5    285.7      0.0     98.9     71.3    471.5      0.0
    16     1    26     1     9    20     0     2    -9.0   23.965  120.658    261.7   1014.6    286.2    287.4      0.0    295.3     61.1     17.6      0.0
    17     1    26     1     9    20     0     2    -9.0   24.414  120.944    271.0   1011.8    286.4    287.4      0.0    517.3     62.3     40.5      0.0
    18     1    26     1     9    20     0     2    -9.0   23.616  120.511    251.1   1015.2    285.8    287.0      0.0    209.8     59.1     23.1      0.0
    19     1    26     1     9    20     0     2    -9.0   23.556  120.380    163.5    961.0    289.3    286.0      0.0    166.7     58.0     80.7      0.0
    20     1    26     1     9    20     0     2    -9.0   23.866  120.524    109.9    970.3    288.2    285.7      0.0    241.1     60.3     49.9      0.0
    21     1    26     1     9    20     0     2    -9.0   22.844  120.396      7.7    983.2    289.1    287.7      0.0    194.5     63.9     43.0      0.0
    22     1    26     1     9    20     0     2    -9.0   22.967  120.173     72.7    967.6    289.8    287.1      0.0     67.4     60.4    106.3      0.0
    23     1    26     1     9    20     0     2    -9.0   23.055  120.214    158.1    944.2    291.1    286.3      0.0     50.1     58.0    245.3      0.0
    24     1    26     1     9    20     0     2    -9.0   22.709  120.473    348.7    884.4    294.5    284.3      0.0     84.1     67.2    593.1      0.0
    25     1    26     1     9    20     0     2    -9.0   24.295  120.761     84.3    976.3    287.5    285.5      0.0    420.3     65.6     30.9      0.0
    26     1    26     1     9    20     0     2    -9.0   24.618  121.069     31.8    983.1    287.0    285.6      0.0    603.7     66.8     25.2      0.0
    27     1    26     1     9    20     0     2    -9.0   23.729  120.534    148.6    968.0    288.9    286.2      0.0    220.0     58.1     27.9      0.0
     1     1    26     1     9    19     0     1   -10.0   23.481  120.378     66.3    999.9    286.6    286.6      0.0    150.6     59.2     99.4      0.0
     2     1    26     1     9    19     0     1   -10.0   23.509  120.466     65.0   1005.3    286.2    286.6      0.0    151.0     59.1     46.9      0.0
     3     1    26     1     9    19     0     1   -10.0   23.274  120.319     30.7   1007.9    286.3    286.9      0.0    127.9     60.2     63.2      0.0
     4     1    26     1     9    19     0     1   -10.0   23.175  120.172    134.2    981.3    288.2    286.7      0.0     71.4     60.6    188.6      0.0
     5     1    26     1     9    19     0     1   -10.0   23.078  120.233    246.7    961.3    289.5    286.2      0.0     40.9     60.3    254.0      0.0
     6     1    26     1     9    19     0     1   -10.0   22.747  120.439    325.6    917.7    292.2    285.1      0.0     57.6     72.6    558.8      0.0
     7     1    26     1     9    19     0     1   -10.0   24.065  120.724     16.7   1013.8    286.0    287.1      0.0    259.9     60.7     21.0      0.0
     8     1    26     1     9    19     0     1   -10.0   24.534  121.044     31.0   1012.9    286.6    287.6      0.0    508.3     60.5     23.5      0.0
     9     1    26     1     9    19     0     1   -10.0   23.698  120.559     23.2   1010.1    286.1    287.0      0.0    200.8     59.0     53.5      0.0
    10     1    26     1     9    19     0     1   -10.0   23.481  120.378    315.3    999.9    286.6    286.6      0.0    150.6     59.2     99.4      0.0
    11     1    26     1     9    19     0     1   -10.0   23.509  120.466    314.5   1005.3    286.2    286.6      0.0    151.0     59.1     46.9      0.0
    12     1    26     1     9    19     0     1   -10.0   23.274  120.319    280.1   1007.9    286.3    286.9      0.0    127.9     60.2     63.2      0.0
    13     1    26     1     9    19     0     1   -10.0   23.175  120.172    382.3    981.3    288.2    286.7      0.0     71.4     60.6    188.6      0.0
    14     1    26     1     9    19     0     1   -10.0   23.078  120.233    494.2    961.3    289.5    286.2      0.0     40.9     60.3    254.0      0.0
    15     1    26     1     9    19     0     1   -10.0   22.747  120.439    570.0    917.7    292.2    285.1      0.0     57.6     72.6    558.8      0.0
    16     1    26     1     9    19     0     1   -10.0   24.065  120.724    266.5   1013.8    286.0    287.1      0.0    259.9     60.7     21.0      0.0
    17     1    26     1     9    19     0     1   -10.0   24.534  121.044    280.7   1012.9    286.6    287.6      0.0    508.3     60.5     23.5      0.0
    18     1    26     1     9    19     0     1   -10.0   23.696  120.558    264.9   1011.1    286.1    287.0      0.0    200.9     59.1     53.3      0.0
    19     1    26     1     9    19     0     1   -10.0   23.659  120.428    214.1    956.3    289.6    285.9      0.0    159.6     57.5     72.6      0.0
    20     1    26     1     9    19     0     1   -10.0   24.002  120.595    130.8    959.5    289.0    285.6      0.0    252.4     59.1    132.1      0.0
    21     1    26     1     9    19     0     1   -10.0   22.898  120.411      8.6    982.1    289.2    287.7      0.0    168.4     62.5     52.8      0.0
    22     1    26     1     9    19     0     1   -10.0   23.021  120.193    109.2    960.3    290.0    286.7      0.0     52.4     61.2    132.8      0.0
    23     1    26     1     9    19     0     1   -10.0   23.097  120.235    217.5    937.5    291.2    285.8      0.0     41.5     58.8    247.1      0.0
    24     1    26     1     9    19     0     1   -10.0   22.759  120.453    362.6    882.0    294.7    284.2      0.0     48.0     66.4    607.8      0.0
    25     1    26     1     9    19     0     1   -10.0   24.470  120.862     93.4    969.9    287.9    285.4      0.0    373.8     64.0     78.1      0.0
    26     1    26     1     9    19     0     1   -10.0   24.759  121.176     15.0    986.5    287.0    285.9      0.0    545.8     64.8     15.9      0.0
    27     1    26     1     9    19     0     1   -10.0   23.869  120.594    199.6    960.7    289.1    285.8      0.0    225.6     59.9     46.2      0.0
     1     1    26     1     9    18     0     0   -11.0   23.563  120.425    101.6    995.3    286.8    286.4      0.0    135.7     59.1    105.8      0.0
     2     1    26     1     9    18     0     0   -11.0   23.568  120.512     71.9   1002.3    286.2    286.4      0.0    126.0     58.4     68.6      0.0
     3     1    26     1     9    18     0     0   -11.0   23.363  120.347     58.7   1000.7    286.7    286.8      0.0    124.5     60.1    101.0      0.0
     4     1    26     1     9    18     0     0   -11.0   23.237  120.192    186.2    970.2    288.8    286.3      0.0     62.1     61.5    238.0      0.0
     5     1    26     1     9    18     0     0   -11.0   23.109  120.247    300.6    955.5    289.6    285.8      0.0     34.3     60.8    252.5      0.0
     6     1    26     1     9    18     0     0   -11.0   22.773  120.439    367.2    911.2    292.5    284.8      0.0     47.8     73.7    581.2      0.0
     7     1    26     1     9    18     0     0   -11.0   24.160  120.790     25.1   1007.9    286.3    286.9      0.0    258.1     60.4     67.9      0.0
     8     1    26     1     9    18     0     0   -11.0   24.637  121.129     42.0   1010.2    286.5    287.3      0.0    442.9     59.7     41.7      0.0
     9     1    26     1     9    18     0     0   -11.0   23.779  120.612     48.0   1005.0    286.4    286.8      0.0    183.1     58.6     75.4      0.0
    10     1    26     1     9    18     0     0   -11.0   23.563  120.425    350.5    995.3    286.8    286.4      0.0    135.7     59.1    105.8      0.0
    11     1    26     1     9    18     0     0   -11.0   23.568  120.512    321.2   1002.3    286.2    286.4      0.0    126.0     58.4     68.6      0.0
    12     1    26     1     9    18     0     0   -11.0   23.363  120.347    307.7   1000.7    286.7    286.8      0.0    124.5     60.1    101.0      0.0
    13     1    26     1     9    18     0     0   -11.0   23.237  120.192    433.8    970.2    288.8    286.3      0.0     62.1     61.5    238.0      0.0
    14     1    26     1     9    18     0     0   -11.0   23.109  120.247    548.1    955.5    289.6    285.8      0.0     34.3     60.8    252.5      0.0
    15     1    26     1     9    18     0     0   -11.0   22.773  120.439    611.4    911.2    292.5    284.8      0.0     47.8     73.7    581.2      0.0
    16     1    26     1     9    18     0     0   -11.0   24.160  120.790    274.4   1007.9    286.3    286.9      0.0    258.1     60.4     67.9      0.0
    17     1    26     1     9    18     0     0   -11.0   24.637  121.129    291.6   1010.2    286.5    287.3      0.0    442.9     59.7     41.7      0.0
    18     1    26     1     9    18     0     0   -11.0   23.772  120.610    290.4   1005.8    286.4    286.9      0.0    182.9     58.6     75.4      0.0
    19     1    26     1     9    18     0     0   -11.0   23.740  120.458    246.4    955.5    289.7    286.0      0.0    154.3     55.9     50.2      0.0
    20     1    26     1     9    18     0     0   -11.0   24.131  120.658    153.7    955.6    289.1    285.4      0.0    225.8     58.3    147.9      0.0
    21     1    26     1     9    18     0     0   -11.0   22.949  120.413      5.4    981.9    289.2    287.7      0.0    150.8     60.9     59.2      0.0
    22     1    26     1     9    18     0     0   -11.0   23.049  120.202    149.2    953.8    290.1    286.2      0.0     49.5     62.8    152.5      0.0
    23     1    26     1     9    18     0     0   -11.0   23.115  120.239    245.3    935.0    290.9    285.4      0.0     41.4     60.0    242.4      0.0
    24     1    26     1     9    18     0     0   -11.0   22.797  120.415    355.6    891.3    294.0    284.4      0.0     57.0     69.5    534.3      0.0
    25     1    26     1     9    18     0     0   -11.0   24.629  120.951    110.4    970.4    287.7    285.2      0.0    382.8     63.2     59.2      0.0
    26     1    26     1     9    18     0     0   -11.0   24.878  121.268      0.0    990.4    286.9    286.1      0.0    602.5     63.1     14.7      0.0
    27     1    26     1     9    18     0     0   -11.0   23.984  120.639    231.3    958.7    289.3    285.8      0.0    222.6     58.9     35.4      0.0
     1     1    26     1     9    17     0     1   -12.0   23.643  120.469    132.5    992.7    287.0    286.4      0.0    145.5     58.3     96.6      0.0
     2     1    26     1     9    17     0     1   -12.0   23.624  120.556     85.8    993.6    286.8    286.3      0.0    154.6     58.1    129.0      0.0
     3     1    26     1     9    17     0     1   -12.0   23.451  120.380     95.6    990.8    287.5    286.7      0.0    125.6     59.9    157.2      0.0
     4     1    26     1     9    17     0     1   -12.0   23.286  120.211    246.9    962.4    289.3    286.2      0.0     62.6     60.4    250.2      0.0
     5     1    26     1     9    17     0     1   -12.0   23.128  120.260    343.9    947.0    290.3    285.8      0.0     44.3     59.4    289.8      0.0
     6     1    26     1     9    17     0     1   -12.0   22.797  120.426    384.8    911.3    292.4    284.7      0.0     74.5     73.9    564.0      0.0
     7     1    26     1     9    17     0     1   -12.0   24.272  120.870     61.7    994.4    286.9    286.5      0.0    277.6     59.3    153.3      0.0
     8     1    26     1     9    17     0     1   -12.0   24.738  121.229     58.7   1009.7    286.4    287.2      0.0    442.2     59.8     27.3      0.0
     9     1    26     1     9    17     0     1   -12.0   23.865  120.665     74.0   1001.2    286.7    286.8      0.0    190.7     58.5     82.2      0.0
    10     1    26     1     9    17     0     1   -12.0   23.643  120.469    381.6    992.7    287.0    286.4      0.0    145.5     58.3     96.6      0.0
    11     1    26     1     9    17     0     1   -12.0   23.624  120.556    334.5    993.6    286.8    286.3      0.0    154.6     58.1    129.0      0.0
    12     1    26     1     9    17     0     1   -12.0   23.451  120.380    344.0    990.8    287.5    286.7      0.0    125.6     59.9    157.2      0.0
    13     1    26     1     9    17     0     1   -12.0   23.285  120.211    494.4    962.4    289.3    286.2      0.0     62.6     60.4    250.2      0.0
    14     1    26     1     9    17     0     1   -12.0   23.128  120.260    591.0    947.0    290.3    285.8      0.0     44.3     59.4    289.8      0.0
    15     1    26     1     9    17     0     1   -12.0   22.797  120.426    629.2    911.3    292.4    284.7      0.0     74.5     73.9    564.0      0.0
    16     1    26     1     9    17     0     1   -12.0   24.272  120.870    310.2    994.4    286.9    286.5      0.0    277.6     59.3    153.3      0.0
    17     1    26     1     9    17     0     1   -12.0   24.738  121.229    308.4   1009.7    286.4    287.2      0.0    442.2     59.8     27.3      0.0
    18     1    26     1     9    17     0     1   -12.0   23.855  120.662    317.5   1001.7    286.7    286.8      0.0    189.9     58.5     84.1      0.0
    19     1    26     1     9    17     0     1   -12.0   23.820  120.484    258.2    954.7    289.8    286.0      0.0    190.3     55.0     43.6      0.0
    20     1    26     1     9    17     0     1   -12.0   24.272  120.739    202.6    952.4    288.5    284.5      0.0    229.9     60.3    132.3      0.0
    21     1    26     1     9    17     0     1   -12.0   22.997  120.411      6.3    981.2    289.1    287.6      0.0    148.0     59.0     64.3      0.0
    22     1    26     1     9    17     0     1   -12.0   23.059  120.211    183.7    949.3    290.4    286.1      0.0     48.1     62.1    163.5      0.0
    23     1    26     1     9    17     0     1   -12.0   23.124  120.242    262.4    933.7    291.3    285.6      0.0     52.2     58.5    240.2      0.0
    24     1    26     1     9    17     0     1   -12.0   22.818  120.379    328.3    904.2    292.9    284.5      0.0     99.8     73.9    441.7      0.0
    25     1    26     1     9    17     0     1   -12.0   24.784  121.054    137.3    971.0    287.3    284.9      0.0    511.2     65.5     29.2      0.0
    26     1    26     1     9    17     0     1   -12.0   24.975  121.359      0.0    993.6    287.0    286.4      0.0    777.9     62.3      6.4      0.0
    27     1    26     1     9    17     0     1   -12.0   24.097  120.681    243.8    957.6    289.3    285.8      0.0    262.4     58.0     31.2      0.0