    10     1
    GFSQ    25    11    12     0     0
    GFSQ    25    11    13     0     0
    GFSQ    25    11    14     0     0
    GFSQ    25    11    15     0     0
    GFSQ    25    11    16     0     0
    GFSQ    25    11    17     0     0
    GFSQ    25    11    18     0     0
    GFSQ    25    11    19     0     0
    GFSQ    25    11    20     0     0
    GFSQ    25    11    21     0     0
    27 BACKWARD OMEGA   
    25    11    20     2   24.218  120.618    10.0
    25    11    20     2   24.218  120.618    10.0
    25    11    20     2   24.218  120.618    10.0
    25    11    20     2   24.218  120.618    10.0
    25    11    20     2   24.218  120.618    10.0
    25    11    20     2   24.218  120.618    10.0
    25    11    20     2   24.218  120.618    10.0
    25    11    20     2   24.218  120.618    10.0
    25    11    20     2   24.218  120.618    10.0
    25    11    20     2   24.218  120.618    10.0
    25    11    20     2   24.218  120.618    10.0
    25    11    20     2   24.218  120.618    10.0
    25    11    20     2   24.218  120.618    10.0
    25    11    20     2   24.218  120.618    10.0
    25    11    20     2   24.218  120.618    10.0
    25    11    20     2   24.218  120.618    10.0
    25    11    20     2   24.218  120.618    10.0
    25    11    20     2   24.218  120.618    10.0
    25    11    20     2   24.218  120.618    10.0
    25    11    20     2   24.218  120.618    10.0
    25    11    20     2   24.218  120.618    10.0
    25    11    20     2   24.218  120.618    10.0
    25    11    20     2   24.218  120.618    10.0
    25    11    20     2   24.218  120.618    10.0
    25    11    20     2   24.218  120.618    10.0
    25    11    20     2   24.218  120.618    10.0
    25    11    20     2   24.218  120.618    10.0
     8 PRESSURE THETA    AIR_TEMP RAINFALL MIXDEPTH RELHUMID TERR_MSL SUN_FLUX
     1     1    25    11    20     2     0     2     0.0   24.218  120.618     10.0   1001.9    292.6    292.7      0.0    711.8     61.5    157.4    378.1
     2     1    25    11    20     2     0     2     0.0   24.218  120.618     10.0   1011.4    291.6    292.6      0.0    896.3     62.9     82.7    375.9
     3     1    25    11    20     2     0     2     0.0   24.218  120.618     10.0    999.6    293.4    293.4      0.0    653.8     59.2    165.7    377.4
     4     1    25    11    20     2     0     2     0.0   24.218  120.618     10.0    930.3    297.5    291.3      0.0    605.4     65.9    810.8    385.9
     5     1    25    11    20     2     0     2     0.0   24.218  120.618     10.0    953.9    295.3    291.2      0.0    672.4     65.2    595.2    381.4
     6     1    25    11    20     2     0     2     0.0   24.218  120.618     10.0    944.2    297.2    292.2      0.0    556.0     64.8    664.3    381.5
     7     1    25    11    20     2     0     2     0.0   24.218  120.618     10.0   1019.2    291.2    292.8      0.0    916.4     64.0     11.1    369.8
     8     1    25    11    20     2     0     2     0.0   24.218  120.618     10.0   1021.1    290.9    292.6      0.0   1103.7     64.5      1.4    330.3
     9     1    25    11    20     2     0     2     0.0   24.218  120.618     10.0   1017.8    291.9    293.4      0.0    797.2     61.2     13.0    372.5
    10     1    25    11    20     2     0     2     0.0   24.218  120.618     10.0   1001.9    292.6    292.7      0.0    711.8     61.4    157.4    378.1
    11     1    25    11    20     2     0     2     0.0   24.218  120.618     10.0   1011.4    291.6    292.6      0.0    896.3     62.9     82.7    375.9
    12     1    25    11    20     2     0     2     0.0   24.218  120.618     10.0    999.6    293.4    293.4      0.0    653.8     59.2    165.7    377.4
    13     1    25    11    20     2     0     2     0.0   24.218  120.618     10.0    930.3    297.5    291.3      0.0    605.4     65.8    810.8    385.9
    14     1    25    11    20     2     0     2     0.0   24.218  120.618     10.0    953.9    295.3    291.2      0.0    672.4     65.2    595.2    381.4
    15     1    25    11    20     2     0     2     0.0   24.218  120.618     10.0    944.2    297.2    292.2      0.0    556.0     64.8    664.3    381.5
    16     1    25    11    20     2     0     2     0.0   24.218  120.618     10.0   1019.2    291.2    292.8      0.0    916.4     64.0     11.1    369.8
    17     1    25    11    20     2     0     2     0.0   24.218  120.618     10.0   1021.1    290.9    292.6      0.0   1103.7     64.5      1.4    330.3
    18     1    25    11    20     2     0     2     0.0   24.218  120.618     10.0   1017.8    291.9    293.4      0.0    797.2     61.2     13.0    372.5
    19     1    25    11    20     2     0     2     0.0   24.218  120.618     10.0    973.3    292.2    290.0      0.0    711.8     69.2    157.4    378.1
    20     1    25    11    20     2     0     2     0.0   24.218  120.618     10.0    982.3    291.0    289.6      0.0    896.3     69.8     82.7    375.9
    21     1    25    11    20     2     0     2     0.0   24.218  120.618     10.0    971.1    293.0    290.5      0.0    653.8     67.9    165.7    377.4
    22     1    25    11    20     2     0     2     0.0   24.218  120.618     10.0    904.2    297.2    288.6      0.0    605.4     73.5    810.8    385.9
    23     1    25    11    20     2     0     2     0.0   24.218  120.618     10.0    926.9    294.7    288.3      0.0    672.4     73.4    595.2    381.4
    24     1    25    11    20     2     0     2     0.0   24.218  120.618     10.0    917.7    296.9    289.6      0.0    556.0     71.8    664.3    381.5
    25     1    25    11    20     2     0     2     0.0   24.218  120.618     10.0    989.9    290.9    290.1      0.0    916.4     69.6     11.1    369.8
    26     1    25    11    20     2     0     2     0.0   24.218  120.618     10.0    991.7    290.5    289.8      0.0   1103.7     69.1      1.4    330.3
    27     1    25    11    20     2     0     2     0.0   24.218  120.618     10.0    988.6    291.4    290.4      0.0    797.2     68.5     13.0    372.5
     1     1    25    11    20     1     0     1    -1.0   24.264  120.563      0.0   1000.1    291.2    291.2      0.0    686.7     64.7    182.4    208.8
     2     1    25    11    20     1     0     1    -1.0   24.350  120.707      0.0   1013.9    290.5    291.6      0.0   1025.6     63.7     74.7    195.0
     3     1    25    11    20     1     0     1    -1.0   24.167  120.461      0.0    999.4    291.8    291.7      0.0    556.0     64.1    175.3    209.7
     4     1    25    11    20     1     0     1    -1.0   24.087  120.428      0.0    934.2    295.8    289.9      0.0    462.5     70.3    777.7    214.1
     5     1    25    11    20     1     0     1    -1.0   24.180  120.527      0.0    960.6    293.6    290.1      0.0    668.9     68.4    539.5    210.1
     6     1    25    11    20     1     0     1    -1.0   24.056  120.404      0.0    958.7    294.8    291.2      0.0    405.7     67.9    538.0    211.7
     7     1    25    11    20     1     0     1    -1.0   24.444  120.730      5.1   1016.0    290.6    291.9      0.0   1009.5     64.2     48.8    192.3
     8     1    25    11    20     1     0     1    -1.0   24.448  120.798      5.9   1022.6    290.2    292.1      0.0   1280.8     63.2      0.0    143.3
     9     1    25    11    20     1     0     1    -1.0   24.380  120.619     19.0   1011.8    290.8    291.8      0.0    794.5     64.5     67.8    208.6
    10     1    25    11    20     1     0     1    -1.0   24.264  120.563    248.2   1000.1    291.2    291.2      0.0    686.7     64.7    182.4    208.8
    11     1    25    11    20     1     0     1    -1.0   24.350  120.707    249.3   1013.9    290.5    291.6      0.0   1025.6     63.7     74.7    195.0
    12     1    25    11    20     1     0     1    -1.0   24.167  120.461    248.2    999.4    291.8    291.7      0.0    556.0     64.1    175.3    209.7
    13     1    25    11    20     1     0     1    -1.0   24.087  120.428    242.2    934.2    295.8    289.9      0.0    462.5     70.3    777.8    214.1
    14     1    25    11    20     1     0     1    -1.0   24.180  120.527    244.6    960.6    293.6    290.1      0.0    668.9     68.4    539.5    210.1
    15     1    25    11    20     1     0     1    -1.0   24.056  120.404    244.6    958.7    294.8    291.2      0.0    405.7     67.9    538.1    211.7
    16     1    25    11    20     1     0     1    -1.0   24.441  120.727    249.5   1016.0    290.6    291.9      0.0   1007.7     64.2     49.2    192.4
    17     1    25    11    20     1     0     1    -1.0   24.448  120.798    250.0   1022.6    290.2    292.1      0.0   1280.8     63.2      0.0    143.3
    18     1    25    11    20     1     0     1    -1.0   24.377  120.617    258.1   1013.1    290.8    291.9      0.0    794.1     64.4     66.3    208.6
    19     1    25    11    20     1     0     1    -1.0   24.332  120.637     73.8    944.6    292.3    287.5      0.0    672.9     75.3    365.3    209.3
    20     1    25    11    20     1     0     1    -1.0   24.412  120.817     89.2    972.7    290.0    287.7      0.0   1036.4     73.8    102.6    185.2
    21     1    25    11    20     1     0     1    -1.0   24.209  120.493     18.1    965.8    291.8    288.9      0.0    541.1     73.0    212.5    210.0
    22     1    25    11    20     1     0     1    -1.0   24.099  120.446      0.0    903.6    296.2    287.5      0.0    462.8     77.3    844.4    214.5
    23     1    25    11    20     1     0     1    -1.0   24.216  120.593      0.0    930.8    293.4    287.3      0.0    669.3     75.5    578.6    209.6
    24     1    25    11    20     1     0     1    -1.0   24.057  120.405      0.0    934.5    294.8    289.0      0.0    405.3     73.7    539.1    211.7
    25     1    25    11    20     1     0     1    -1.0   24.516  120.813     84.5    980.2    290.1    288.4      0.0   1043.0     71.7     31.6    200.5
    26     1    25    11    20     1     0     1    -1.0   24.498  120.884     71.5    984.5    289.8    288.5      0.0   1296.1     70.1     15.5    136.0
    27     1    25    11    20     1     0     1    -1.0   24.460  120.683     81.6    971.4    290.8    288.4      0.0    791.6     73.3    106.2    208.7
     1     1    25    11    20     0     0     0    -2.0   24.471  120.731      0.0    983.8    291.3    289.9      0.0    727.4     69.1    338.6     37.1
     2     1    25    11    20     0     0     0    -2.0   24.552  120.981     23.2   1009.8    289.2    290.0      0.0   1154.7     67.4    114.5     20.5
     3     1    25    11    20     0     0     0    -2.0   24.323  120.529      6.2    989.8    290.6    289.7      0.0    430.8     69.5    262.5     38.0
     4     1    25    11    20     0     0     0    -2.0   24.154  120.452      0.0    931.5    294.7    288.6      0.0    342.5     75.4    802.4     39.4
     5     1    25    11    20     0     0     0    -2.0   24.310  120.663      8.8    978.7    290.4    288.6      0.0    684.5     71.7    392.5     36.6
     6     1    25    11    20     0     0     0    -2.0   24.081  120.383      0.0    967.7    292.7    289.8      0.0    249.7     72.1    463.4     39.0
     7     1    25    11    20     0     0     0    -2.0   24.748  121.056      7.2   1016.4    289.7    291.1      0.0   1181.4     63.9     56.9     26.0
     8     1    25    11    20     0     0     0    -2.0   24.730  121.162     24.0   1019.8    289.4    291.0      0.0   1457.2     62.0     21.2     13.7
     9     1    25    11    20     0     0     0    -2.0   24.689  120.858      0.0   1003.7    290.3    290.6      0.0    839.2     66.9    158.2     36.3
    10     1    25    11    20     0     0     0    -2.0   24.471  120.731    246.6    983.8    291.3    289.9      0.0    727.4     69.1    338.6     37.1
    11     1    25    11    20     0     0     0    -2.0   24.552  120.981    272.0   1009.9    289.2    290.0      0.0   1154.7     67.4    114.5     20.5
    12     1    25    11    20     0     0     0    -2.0   24.323  120.529    253.6    989.8    290.6    289.7      0.0    430.7     69.5    262.5     38.0
    13     1    25    11    20     0     0     0    -2.0   24.154  120.452    242.0    931.5    294.7    288.6      0.0    342.5     75.4    802.4     39.4
    14     1    25    11    20     0     0     0    -2.0   24.310  120.663    254.8    978.7    290.4    288.6      0.0    684.4     71.7    392.6     36.6
    15     1    25    11    20     0     0     0    -2.0   24.081  120.383    245.4    967.7    292.7    289.8      0.0    249.7     72.1    463.4     39.0
    16     1    25    11    20     0     0     0    -2.0   24.746  121.053    256.4   1016.3    289.7    291.1      0.0   1178.9     63.9     57.3     26.1
    17     1    25    11    20     0     0     0    -2.0   24.728  121.159    267.1   1020.6    289.4    291.1      0.0   1455.1     62.1     21.2     13.9
    18     1    25    11    20     0     0     0    -2.0   24.679  120.849    248.5   1004.6    290.3    290.6      0.0    833.1     66.8    149.5     36.4
    19     1    25    11    20     0     0     0    -2.0   24.556  120.913    196.7    927.4    291.1    284.8      0.0    676.1     82.8    413.6     36.6
    20     1    25    11    20     0     0     0    -2.0   24.600  121.215    272.7    948.2    289.2    284.8      0.0    984.3     85.2    145.9     10.9
    21     1    25    11    20     0     0     0    -2.0   24.387  120.599    134.2    934.3    292.7    287.0      0.0    418.5     77.9    390.6     38.3
    22     1    25    11    20     0     0     0    -2.0   24.172  120.494      8.3    889.6    296.2    286.3      0.0    314.5     81.0    951.6     39.6
    23     1    25    11    20     0     0     0    -2.0   24.316  120.837    281.9    884.5    292.8    282.7      0.0    502.6     87.8    725.9     32.2
    24     1    25    11    20     0     0     0    -2.0   24.081  120.394      0.0    938.2    293.3    287.9      0.0    246.8     77.1    493.4     39.1
    25     1    25    11    20     0     0     0    -2.0   24.827  121.257    248.6    957.5    289.1    285.6      0.0   1186.5     80.7     92.4     18.7
    26     1    25    11    20     0     0     0    -2.0   24.784  121.327    162.3    974.7    289.1    287.0      0.0   1496.7     72.2     20.5     11.1
    27     1    25    11    20     0     0     0    -2.0   24.817  121.038    198.9    956.2    289.8    286.1      0.0    841.0     79.3    141.6     37.5
     1     1    25    11    19    23     0     1    -3.0   24.636  120.924     27.1    987.3    289.4    288.3      0.0    821.2     71.2    294.3     21.4
     2     1    25    11    19    23     0     1    -3.0   24.682  121.249     45.3   1004.2    288.8    289.1      0.0   1044.1     68.9    129.7      6.4
     3     1    25    11    19    23     0     1    -3.0   24.484  120.626     17.7    972.1    291.1    288.7      0.0    474.5     72.6    418.4     25.5
     4     1    25    11    19    23     0     1    -3.0   24.225  120.497      0.0    920.5    294.6    287.5      0.0    295.6     78.5    893.7     26.0
     5     1    25    11    19    23     0     1    -3.0   24.398  120.891    255.3    932.6    290.0    284.2      0.0    612.3     84.9    552.7     15.0
     6     1    25    11    19    23     0     1    -3.0   24.113  120.377      6.2    967.4    291.7    288.9      0.0    193.3     74.8    460.8     25.9
     7     1    25    11    19    23     0     1    -3.0   24.935  121.364     31.1   1012.6    288.9    289.9      0.0   1269.4     65.6     80.0      8.8
     8     1    25    11    19    23     0     1    -3.0   24.959  121.490     14.5   1019.1    289.0    290.6      0.0   1470.6     60.5     35.9      5.2
     9     1    25    11    19    23     0     1    -3.0   24.918  121.107      9.5   1004.9    289.3    289.7      0.0    970.8     67.0    155.3     20.7
    10     1    25    11    19    23     0     1    -3.0   24.636  120.924    274.2    987.3    289.4    288.3      0.0    821.2     71.2    294.3     21.4
    11     1    25    11    19    23     0     1    -3.0   24.682  121.249    294.0   1004.2    288.8    289.1      0.0   1044.2     68.9    129.7      6.4
    12     1    25    11    19    23     0     1    -3.0   24.484  120.626    263.6    972.1    291.1    288.7      0.0    474.5     72.6    418.3     25.5
    13     1    25    11    19    23     0     1    -3.0   24.225  120.497    241.1    920.5    294.6    287.5      0.0    295.6     78.5    893.7     26.0
    14     1    25    11    19    23     0     1    -3.0   24.398  120.891    499.7    932.6    290.0    284.2      0.0    612.3     84.9    552.7     15.0
    15     1    25    11    19    23     0     1    -3.0   24.113  120.377    251.6    967.4    291.7    288.9      0.0    193.3     74.8    460.9     25.9
    16     1    25    11    19    23     0     1    -3.0   24.934  121.361    280.4   1012.6    288.9    289.9      0.0   1271.1     65.6     79.7      8.8
    17     1    25    11    19    23     0     1    -3.0   24.955  121.482    257.4   1019.6    289.1    290.7      0.0   1470.0     60.6     35.7      5.2
    18     1    25    11    19    23     0     1    -3.0   24.911  121.098    257.1   1005.7    289.3    289.8      0.0    964.9     66.8    148.0     21.1
    19     1    25    11    19    23     0     1    -3.0   24.618  121.186    541.7    864.7    293.2    281.3      0.0    501.3     90.9    649.3     12.9
    20     1    25    11    19    23     0     1    -3.0   24.727  121.498    244.3    951.9    289.0    285.0      0.0   1076.6     82.3    142.3      4.5
    21     1    25    11    19    23     0     1    -3.0   24.535  120.731    234.4    885.1    296.3    286.0      0.0    361.5     76.0    753.2     25.5
    22     1    25    11    19    23     0     1    -3.0   24.217  120.541     53.7    870.6    297.6    285.9      0.0    230.5     80.3   1076.5     26.3
    23     1    25    11    19    23     0     1    -3.0   24.303  121.018    599.5    835.8    294.5    279.7      0.0    323.3     93.7    874.0      8.2
    24     1    25    11    19    23     0     1    -3.0   24.111  120.400     11.0    932.0    293.6    287.6      0.0    186.0     77.3    532.9     26.2
    25     1    25    11    19    23     0     1    -3.0   24.989  121.616    320.6    942.8    289.0    284.1      0.0   1033.6     84.7    137.7      5.4
    26     1    25    11    19    23     0     1    -3.0   24.994  121.657    146.9    975.6    288.8    286.8      0.0   1511.8     69.7     26.2      4.5
    27     1    25    11    19    23     0     1    -3.0   24.982  121.412    467.6    903.5    290.7    282.3      0.0    792.8     90.6    358.7     11.4
     1     1    25    11    19    22     0     2    -4.0   24.747  121.196    205.1    962.4    289.0    285.8      0.0    770.5     78.2    333.6      4.7
     2     1    25    11    19    22     0     2    -4.0   24.819  121.480     27.7   1015.5    289.0    290.2      0.0   1386.9     62.4     58.8      2.5
     3     1    25    11    19    22     0     2    -4.0   24.626  120.741     11.1    952.3    291.8    287.6      0.0    453.2     76.4    598.8     12.6
     4     1    25    11    19    22     0     2    -4.0   24.279  120.546     21.4    906.5    294.5    286.3      0.0    192.0     82.4    995.9     12.9
     5     1    25    11    19    22     0     2    -4.0   24.437  121.112    444.5    916.9    289.6    282.5      0.0    449.8     90.8    498.0      2.0
     6     1    25    11    19    22     0     2    -4.0   24.153  120.388     60.4    954.6    291.8    287.8      0.0    144.1     77.1    519.9     13.0
     7     1    25    11    19    22     0     2    -4.0   25.097  121.630     22.6   1011.9    288.8    289.8      0.0   1274.2     63.5     85.9      2.9
     8     1    25    11    19    22     0     2    -4.0   25.193  121.747     17.8   1023.2    288.7    290.6      0.0   1611.7     56.4      0.0      2.6
     9     1    25    11    19    22     0     2    -4.0   25.067  121.387     82.6    998.7    288.5    288.4      0.0   1031.6     69.8    142.9      5.0
    10     1    25    11    19    22     0     2    -4.0   24.747  121.196    451.8    962.4    289.0    285.8      0.0    770.4     78.2    333.6      4.7
    11     1    25    11    19    22     0     2    -4.0   24.819  121.480    277.1   1015.5    289.0    290.2      0.0   1387.0     62.4     58.7      2.5
    12     1    25    11    19    22     0     2    -4.0   24.626  120.741    255.1    952.3    291.8    287.6      0.0    453.2     76.4    598.9     12.6
    13     1    25    11    19    22     0     2    -4.0   24.279  120.546    261.4    906.6    294.5    286.3      0.0    192.0     82.4    995.9     12.9
    14     1    25    11    19    22     0     2    -4.0   24.437  121.112    689.5    916.9    289.6    282.5      0.0    449.9     90.8    498.1      2.0
    15     1    25    11    19    22     0     2    -4.0   24.153  120.388    305.2    954.6    291.8    287.8      0.0    144.1     77.1    520.0     13.0
    16     1    25    11    19    22     0     2    -4.0   25.096  121.628    272.1   1011.6    288.8    289.8      0.0   1268.1     63.6     87.4      2.9
    17     1    25    11    19    22     0     2    -4.0   25.185  121.737    261.4   1024.0    288.7    290.7      0.0   1615.0     56.5      0.0      2.6
    18     1    25    11    19    22     0     2    -4.0   25.063  121.377    330.7    997.9    288.5    288.3      0.0   1034.3     69.9    151.1      5.2
    19     1    25    11    19    22     0     2    -4.0   24.633  121.380    711.8    852.9    292.3    279.2      0.0    327.6     98.0    587.3      2.0
    20     1    25    11    19    22     0     2    -4.0   24.933  121.727    132.4    979.9    288.8    287.1      0.0   1582.6     69.2      4.8      2.0
    21     1    25    11    19    22     0     2    -4.0   24.600  120.806    301.7    864.9    297.8    285.6      0.0    262.4     74.5    870.2     12.6
    22     1    25    11    19    22     0     2    -4.0   24.224  120.564     99.3    857.2    298.6    285.7      0.0    140.3     79.8   1152.2     13.2
    23     1    25    11    19    22     0     2    -4.0   24.283  121.132    740.4    830.2    294.4    279.1      0.0    206.7     96.0    787.3      2.3
    24     1    25    11    19    22     0     2    -4.0   24.144  120.418     29.7    920.9    294.3    287.3      0.0    130.2     77.7    614.3     13.2
    25     1    25    11    19    22     0     2    -4.0   25.177  121.874    244.4    966.6    288.8    286.0      0.0   1581.4     73.0     10.5      2.0
    26     1    25    11    19    22     0     2    -4.0   25.240  121.918    145.2    978.6    288.3    286.6      0.0   1588.9     65.3      0.0      2.9
    27     1    25    11    19    22     0     2    -4.0   25.095  121.713    492.2    910.1    289.2    281.5      0.0    667.8     96.5    254.2      2.0
     1     1    25    11    19    21     0     3    -5.0   24.820  121.422    244.4    965.5    288.6    285.7      0.0    614.1     77.8    249.0      0.0
     2     1    25    11    19    21     0     3    -5.0   25.044  121.699      0.0   1024.0    288.7    290.7      0.0   1623.8     57.5      1.2      0.0
     3     1    25    11    19    21     0     3    -5.0   24.754  120.898     97.8    945.7    290.8    286.0      0.0    513.2     77.0    584.0      0.0
     4     1    25    11    19    21     0     3    -5.0   24.313  120.596    112.7    881.9    295.7    285.2      0.0     87.1     82.9   1130.4      0.0
     5     1    25    11    19    21     0     3    -5.0   24.543  121.289    354.1    944.9    288.7    284.1      0.0    434.2     85.1    323.5      0.0
     6     1    25    11    19    21     0     3    -5.0   24.206  120.422    141.7    928.2    293.3    287.0      0.0    100.1     78.3    676.8      0.0
     7     1    25    11    19    21     0     3    -5.0   25.315  121.862      0.0   1024.0    288.7    290.7      0.0   1648.3     57.3      0.4      0.0
     8     1    25    11    19    21     0     3    -5.0   25.472  121.982     17.5   1023.2    288.1    290.0      0.0   1596.0     55.4      0.0      0.0
     9     1    25    11    19    21     0     3    -5.0   25.169  121.630    113.7    989.8    288.5    287.6      0.0    897.3     70.1    172.3      0.0
    10     1    25    11    19    21     0     3    -5.0   24.820  121.422    491.9    965.5    288.6    285.7      0.0    614.1     77.8    249.1      0.0
    11     1    25    11    19    21     0     3    -5.0   25.044  121.699    250.0   1024.0    288.7    290.7      0.0   1623.8     57.5      1.2      0.0
    12     1    25    11    19    21     0     3    -5.0   24.754  120.898    342.0    945.7    290.8    286.0      0.0    513.2     77.0    584.0      0.0
    13     1    25    11    19    21     0     3    -5.0   24.313  120.596    351.4    882.0    295.7    285.2      0.0     87.1     82.9   1130.4      0.0
    14     1    25    11    19    21     0     3    -5.0   24.543  121.289    600.9    944.9    288.7    284.1      0.0    434.2     85.2    323.4      0.0
    15     1    25    11    19    21     0     3    -5.0   24.206  120.422    384.9    928.2    293.3    287.0      0.0    100.1     78.3    676.9      0.0
    16     1    25    11    19    21     0     3    -5.0   25.313  121.860    250.0   1024.0    288.7    290.7      0.0   1648.3     57.3      0.6      0.0
    17     1    25    11    19    21     0     3    -5.0   25.459  121.970    261.4   1023.9    288.1    290.1      0.0   1596.0     55.5      0.0      0.0
    18     1    25    11    19    21     0     3    -5.0   25.165  121.624    364.0    989.5    288.5    287.6      0.0    889.0     70.2    172.4      0.0
    19     1    25    11    19    21     0     3    -5.0   24.736  121.568    644.8    887.0    289.7    279.9      0.0    306.7     99.5    312.0      0.0
    20     1    25    11    19    21     0     3    -5.0   25.203  121.955    119.0    981.6    288.2    286.6      0.0   1596.0     65.1      0.0      0.0
    21     1    25    11    19    21     0     3    -5.0   24.622  120.860    351.5    849.2    298.5    284.7      0.0    219.4     74.7    982.3      0.0
    22     1    25    11    19    21     0     3    -5.0   24.210  120.568    137.0    849.1    299.1    285.4      0.0     67.9     80.4   1189.0      0.0
    23     1    25    11    19    21     0     3    -5.0   24.332  121.253    752.9    866.9    291.2    279.5      0.0    100.9     99.2    404.2      0.0
    24     1    25    11    19    21     0     3    -5.0   24.178  120.442     53.5    906.2    295.3    286.9      0.0     77.5     78.4    725.2      0.0
    25     1    25    11    19    21     0     3    -5.0   25.433  122.110    225.0    969.3    288.2    285.6      0.0   1596.0     68.4      0.0      0.0
    26     1    25    11    19    21     0     3    -5.0   25.532  122.162    163.8    976.3    287.6    285.7      0.0   1596.0     63.8      0.0      0.0
    27     1    25    11    19    21     0     3    -5.0   25.290  121.937    289.4    958.5    288.8    285.3      0.0   1518.4     76.4     34.3      0.0
     1     1    25    11    19    20     0     2    -6.0   24.965  121.603     85.7    998.8    288.7    288.5      0.0   1179.2     66.0    137.9      0.0
     2     1    25    11    19    20     0     2    -6.0   25.322  121.911      0.0   1024.1    288.4    290.4      0.0   1586.4     55.9      0.0      0.0
     3     1    25    11    19    20     0     2    -6.0   24.839  121.146    441.6    894.8    290.7    281.6      0.0    404.8     89.6    698.5      0.0
     4     1    25    11    19    20     0     2    -6.0   24.328  120.632    231.0    860.3    297.5    284.8      0.0    108.9     81.6   1231.5      0.0
     5     1    25    11    19    20     0     2    -6.0   24.735  121.462    138.2   1001.8    288.8    288.9      0.0   1419.9     63.8     61.6      0.0
     6     1    25    11    19    20     0     2    -6.0   24.253  120.461    215.3    899.9    295.4    286.5      0.0    104.7     80.3    869.5      0.0
     7     1    25    11    19    20     0     2    -6.0   25.591  122.083      0.0   1024.1    288.3    290.3      0.0   1589.0     55.8      0.0      0.0
     8     1    25    11    19    20     0     2    -6.0   25.776  122.201     17.5   1023.2    287.5    289.4      0.0   1555.6     54.9      0.0      0.0
     9     1    25    11    19    20     0     2    -6.0   25.337  121.840     21.5   1021.0    288.8    290.5      0.0   1602.2     58.8     20.0      0.0
    10     1    25    11    19    20     0     2    -6.0   24.965  121.603    334.3    998.7    288.7    288.5      0.0   1179.0     66.0    138.0      0.0
    11     1    25    11    19    20     0     2    -6.0   25.322  121.911    250.0   1024.1    288.4    290.4      0.0   1586.4     55.9      0.0      0.0
    12     1    25    11    19    20     0     2    -6.0   24.839  121.146    684.6    894.8    290.7    281.6      0.0    404.8     89.6    698.5      0.0
    13     1    25    11    19    20     0     2    -6.0   24.328  120.632    468.7    860.3    297.5    284.8      0.0    108.9     81.6   1231.5      0.0
    14     1    25    11    19    20     0     2    -6.0   24.735  121.462    387.6   1001.7    288.8    288.9      0.0   1419.6     63.8     61.6      0.0
    15     1    25    11    19    20     0     2    -6.0   24.253  120.461    456.6    899.9    295.4    286.5      0.0    104.7     80.3    869.5      0.0
    16     1    25    11    19    20     0     2    -6.0   25.588  122.080    250.0   1024.1    288.3    290.3      0.0   1589.2     55.9      0.0      0.0
    17     1    25    11    19    20     0     2    -6.0   25.760  122.189    261.4   1023.9    287.5    289.5      0.0   1557.3     55.1      0.0      0.0
    18     1    25    11    19    20     0     2    -6.0   25.331  121.834    274.0   1020.6    288.8    290.5      0.0   1601.8     58.8     21.1      0.0
    19     1    25    11    19    20     0     2    -6.0   24.940  121.762    429.2    940.5    288.9    283.8      0.0   1441.8     83.1     53.2      0.0
    20     1    25    11    19    20     0     2    -6.0   25.516  122.176    131.0    980.1    287.7    286.0      0.0   1561.1     62.9      0.0      0.0
    21     1    25    11    19    20     0     2    -6.0   24.630  120.904    414.9    831.6    299.5    283.9      0.0    225.1     75.2   1104.3      0.0
    22     1    25    11    19    20     0     2    -6.0   24.189  120.564    185.8    842.1    299.8    285.4      0.0     72.3     81.1   1211.3      0.0
    23     1    25    11    19    20     0     2    -6.0   24.488  121.416    604.0    904.3    289.3    281.1      0.0    791.6     96.3    197.7      0.0
    24     1    25    11    19    20     0     2    -6.0   24.205  120.467     89.6    890.2    296.5    286.6      0.0     83.0     79.7    843.3      0.0
    25     1    25    11    19    20     0     2    -6.0   25.736  122.339    244.2    967.0    287.7    284.9      0.0   1565.1     66.5      0.0      0.0
    26     1    25    11    19    20     0     2    -6.0   25.848  122.385    210.1    970.8    287.0    284.6      0.0   1552.3     64.5      0.0      0.0
    27     1    25    11    19    20     0     2    -6.0   25.545  122.158    243.5    967.2    288.3    285.6      0.0   1589.7     69.5      0.0      0.0
     1     1    25    11    19    19     0     1    -7.0   25.199  121.800     12.6   1023.7    288.7    290.6      0.0   1586.6     56.9      0.9      0.0
     2     1    25    11    19    19     0     1    -7.0   25.632  122.111      0.0   1024.1    287.7    289.7      0.0   1523.1     55.3      0.0      0.0
     3     1    25    11    19    19     0     1    -7.0   24.855  121.345    727.7    863.7    290.9    279.0      0.0    337.0     97.3    711.5      0.0
     4     1    25    11    19    19     0     1    -7.0   24.313  120.641    368.6    838.6    299.5    284.6      0.0     92.1     79.4   1307.9      0.0
     5     1    25    11    19    19     0     1    -7.0   25.003  121.667    107.8   1012.3    288.5    289.5      0.0   1580.4     57.7      0.0      0.0
     6     1    25    11    19    19     0     1    -7.0   24.275  120.492    297.6    875.2    297.4    286.1      0.0     95.4     82.1   1023.9      0.0
     7     1    25    11    19    19     0     1    -7.0   25.900  122.290      0.0   1024.1    287.6    289.6      0.0   1528.6     55.3      0.0      0.0
     8     1    25    11    19    19     0     1    -7.0   26.091  122.394     17.8   1023.2    286.7    288.6      0.0   1568.4     55.0      0.0      0.0
     9     1    25    11    19    19     0     1    -7.0   25.590  122.053      0.0   1024.1    288.5    290.4      0.0   1586.2     56.1      0.0      0.0
    10     1    25    11    19    19     0     1    -7.0   25.198  121.800    262.6   1023.7    288.7    290.6      0.0   1586.6     56.9      0.9      0.0
    11     1    25    11    19    19     0     1    -7.0   25.632  122.111    250.0   1024.1    287.7    289.7      0.0   1523.1     55.3      0.0      0.0
    12     1    25    11    19    19     0     1    -7.0   24.855  121.345    970.6    863.7    291.0    279.0      0.0    336.9     97.3    711.5      0.0
    13     1    25    11    19    19     0     1    -7.0   24.313  120.641    605.5    838.6    299.5    284.6      0.0     92.1     79.4   1307.9      0.0
    14     1    25    11    19    19     0     1    -7.0   25.003  121.667    357.8   1012.3    288.5    289.5      0.0   1580.4     57.7      0.0      0.0
    15     1    25    11    19    19     0     1    -7.0   24.274  120.492    537.3    875.2    297.4    286.1      0.0     95.4     82.1   1023.8      0.0
    16     1    25    11    19    19     0     1    -7.0   25.897  122.288    250.0   1024.1    287.6    289.6      0.0   1528.7     55.3      0.0      0.0
    17     1    25    11    19    19     0     1    -7.0   26.072  122.381    261.7   1023.9    286.8    288.8      0.0   1569.0     55.1      0.0      0.0
    18     1    25    11    19    19     0     1    -7.0   25.582  122.048    250.0   1024.1    288.5    290.5      0.0   1586.7     56.1      0.0      0.0
    19     1    25    11    19    19     0     1    -7.0   25.193  121.967    362.4    953.4    288.4    284.5      0.0   1572.1     74.3      0.0      0.0
    20     1    25    11    19    19     0     1    -7.0   25.853  122.379    164.4    976.1    287.0    285.1      0.0   1530.5     63.1      0.0      0.0
    21     1    25    11    19    19     0     1    -7.0   24.610  120.910    476.1    815.4    300.9    283.6      0.0    183.3     74.7   1207.9      0.0
    22     1    25    11    19    19     0     1    -7.0   24.157  120.555    255.2    834.2    300.4    285.2      0.0     81.2     81.7   1225.3      0.0
    23     1    25    11    19    19     0     1    -7.0   24.711  121.596    447.8    943.2    288.8    284.0      0.0   1582.4     80.5      9.2      0.0
    24     1    25    11    19    19     0     1    -7.0   24.215  120.489    142.5    875.2    297.6    286.3      0.0     80.4     80.8    935.6      0.0
    25     1    25    11    19    19     0     1    -7.0   26.065  122.551    290.6    961.5    287.0    283.8      0.0   1521.6     67.1      0.0      0.0
    26     1    25    11    19    19     0     1    -7.0   26.174  122.584    266.8    964.6    286.3    283.4      0.0   1562.7     66.4      0.0      0.0
    27     1    25    11    19    19     0     1    -7.0   25.843  122.381    245.4    966.9    287.7    285.0      0.0   1550.2     66.9      0.0      0.0
     1     1    25    11    19    18     0     0    -8.0   25.484  122.005     11.5   1023.9    288.2    290.2      0.0   1563.7     55.6      0.0      0.0
     2     1    25    11    19    18     0     0    -8.0   25.958  122.294      3.0   1024.1    286.9    288.9      0.0   1521.9     55.0      0.0      0.0
     3     1    25    11    19    18     0     0    -8.0   24.938  121.517    789.3    894.9    289.1    280.1      0.0    306.6     98.0    344.3      0.0
     4     1    25    11    19    18     0     0    -8.0   24.268  120.619    496.4    827.1    300.7    284.7      0.0     92.9     78.6   1292.5      0.0
     5     1    25    11    19    18     0     0    -8.0   25.317  121.884    109.4   1012.2    287.8    288.8      0.0   1531.3     56.2      0.0      0.0
     6     1    25    11    19    18     0     0    -8.0   24.268  120.510    392.4    858.5    298.8    285.9      0.0     85.6     82.8   1091.1      0.0
     7     1    25    11    19    18     0     0    -8.0   26.224  122.479      1.8   1024.1    286.9    288.8      0.0   1534.2     55.2      0.0      0.0
     8     1    25    11    19    18     0     0    -8.0   26.402  122.563     18.4   1025.0    285.9    287.9      0.0   1558.5     54.7      0.0      0.0
     9     1    25    11    19    18     0     0    -8.0   25.887  122.261      0.0   1024.1    288.0    289.9      0.0   1539.7     55.5      0.0      0.0
    10     1    25    11    19    18     0     0    -8.0   25.484  122.005    261.5   1023.9    288.2    290.2      0.0   1563.7     55.6      0.0      0.0
    11     1    25    11    19    18     0     0    -8.0   25.958  122.294    253.0   1024.1    286.9    288.9      0.0   1521.9     55.0      0.0      0.0
    12     1    25    11    19    18     0     0    -8.0   24.938  121.517   1036.0    894.9    289.1    280.1      0.0    306.6     98.0    344.3      0.0
    13     1    25    11    19    18     0     0    -8.0   24.268  120.619    733.5    827.1    300.7    284.7      0.0     92.9     78.6   1292.5      0.0
    14     1    25    11    19    18     0     0    -8.0   25.317  121.884    359.5   1012.1    287.8    288.8      0.0   1531.3     56.2      0.0      0.0
    15     1    25    11    19    18     0     0    -8.0   24.268  120.510    631.5    858.5    298.8    285.9      0.0     85.6     82.8   1091.0      0.0
    16     1    25    11    19    18     0     0    -8.0   26.221  122.477    251.8   1024.1    286.9    288.8      0.0   1533.8     55.2      0.0      0.0
    17     1    25    11    19    18     0     0    -8.0   26.381  122.550    262.5   1025.7    285.9    288.0      0.0   1564.3     54.9      0.0      0.0
    18     1    25    11    19    18     0     0    -8.0   25.878  122.256    250.0   1024.1    288.0    290.0      0.0   1542.6     55.5      0.0      0.0
    19     1    25    11    19    18     0     0    -8.0   25.486  122.183    355.5    954.2    287.8    284.0      0.0   1538.7     70.7      0.0      0.0
    20     1    25    11    19    18     0     0    -8.0   26.190  122.559    227.8    969.5    286.2    283.7      0.0   1578.5     64.6      0.0      0.0
    21     1    25    11    19    18     0     0    -8.0   24.551  120.853    492.2    815.0    301.8    284.6      0.0     99.5     75.0   1177.7      0.0
    22     1    25    11    19    18     0     0    -8.0   24.111  120.537    348.4    825.6    301.0    284.9      0.0     90.5     82.7   1222.7      0.0
    23     1    25    11    19    18     0     0    -8.0   24.976  121.799    416.1    947.4    288.2    283.8      0.0   1557.3     75.0      0.0      0.0
    24     1    25    11    19    18     0     0    -8.0   24.205  120.503    202.2    864.8    298.5    286.2      0.0     75.5     81.4    976.6      0.0
    25     1    25    11    19    18     0     0    -8.0   26.394  122.742    373.4    952.3    286.2    282.3      0.0   1572.2     69.8      0.0      0.0
    26     1    25    11    19    18     0     0    -8.0   26.492  122.755    336.7    957.7    285.5    282.0      0.0   1535.2     68.6      0.0      0.0
    27     1    25    11    19    18     0     0    -8.0   26.180  122.592    272.5    963.6    287.1    284.1      0.0   1484.5     66.3      0.0      0.0
     1     1    25    11    19    17     0     1    -9.0   25.808  122.200     11.5   1024.2    287.6    289.6      0.0   1505.0     55.6      0.0      0.0
     2     1    25    11    19    17     0     1    -9.0   26.282  122.454      7.4   1025.9    286.1    288.2      0.0   1572.5     54.6      0.0      0.0
     3     1    25    11    19    17     0     1    -9.0   25.138  121.703    588.5    942.3    288.6    283.7      0.0   1210.0     81.2    129.2      0.0
     4     1    25    11    19    17     0     1    -9.0   24.213  120.584    561.5    825.0    301.1    285.0      0.0     81.9     79.9   1246.2      0.0
     5     1    25    11    19    17     0     1    -9.0   25.673  122.088    115.6   1011.7    287.1    288.0      0.0   1503.6     55.5      0.0      0.0
     6     1    25    11    19    17     0     1    -9.0   24.243  120.515    456.8    853.6    299.3    286.0      0.0     77.0     82.3   1074.7      0.0
     7     1    25    11    19    17     0     1    -9.0   26.546  122.644      5.5   1026.0    286.1    288.2      0.0   1572.6     54.7      0.0      0.0
     8     1    25    11    19    17     0     1    -9.0   26.718  122.703     18.6   1025.1    285.4    287.5      0.0   1496.8     54.0      0.0      0.0
     9     1    25    11    19    17     0     1    -9.0   26.218  122.456      0.3   1024.6    287.3    289.3      0.0   1513.4     55.4      0.0      0.0
    10     1    25    11    19    17     0     1    -9.0   25.807  122.200    261.5   1024.2    287.6    289.6      0.0   1505.0     55.6      0.0      0.0
    11     1    25    11    19    17     0     1    -9.0   26.282  122.454    257.4   1025.9    286.1    288.2      0.0   1572.5     54.6      0.0      0.0
    12     1    25    11    19    17     0     1    -9.0   25.137  121.703    837.4    942.3    288.6    283.7      0.0   1209.8     81.2    129.3      0.0
    13     1    25    11    19    17     0     1    -9.0   24.213  120.584    799.1    825.0    301.1    285.0      0.0     81.9     79.9   1246.2      0.0
    14     1    25    11    19    17     0     1    -9.0   25.673  122.088    365.6   1011.7    287.1    288.0      0.0   1503.6     55.5      0.0      0.0
    15     1    25    11    19    17     0     1    -9.0   24.243  120.515    695.9    853.6    299.3    286.0      0.0     77.0     82.3   1074.7      0.0
    16     1    25    11    19    17     0     1    -9.0   26.543  122.643    255.4   1026.0    286.1    288.2      0.0   1572.4     54.7      0.0      0.0
    17     1    25    11    19    17     0     1    -9.0   26.694  122.691    262.7   1025.8    285.5    287.6      0.0   1499.4     54.2      0.0      0.0
    18     1    25    11    19    17     0     1    -9.0   26.208  122.451    250.3   1024.6    287.3    289.3      0.0   1513.1     55.4      0.0      0.0
    19     1    25    11    19    17     0     1    -9.0   25.819  122.391    366.9    952.8    287.2    283.3      0.0   1496.3     70.1      0.0      0.0
    20     1    25    11    19    17     0     1    -9.0   26.521  122.714    278.3    964.4    285.6    282.6      0.0   1555.9     66.0      0.0      0.0
    21     1    25    11    19    17     0     1    -9.0   24.481  120.795    495.2    825.5    301.0    284.9      0.0    131.6     78.4   1067.9      0.0
    22     1    25    11    19    17     0     1    -9.0   24.048  120.505    442.6    828.0    301.0    285.1      0.0     94.9     82.6   1108.7      0.0
    23     1    25    11    19    17     0     1    -9.0   25.282  122.009    413.3    947.7    287.7    283.3      0.0   1508.2     72.8      0.0      0.0
    24     1    25    11    19    17     0     1    -9.0   24.181  120.510    238.1    861.9    298.9    286.3      0.0     68.9     81.3    968.4      0.0
    25     1    25    11    19    17     0     1    -9.0   26.714  122.907    445.6    945.1    285.5    281.0      0.0   1554.1     72.0      0.0      0.0
    26     1    25    11    19    17     0     1    -9.0   26.819  122.899    383.3    952.2    284.9    281.0      0.0   1509.0     69.6      0.0      0.0
    27     1    25    11    19    17     0     1    -9.0   26.528  122.783    344.7    955.8    286.4    282.7      0.0   1562.1     68.7      0.0      0.0
     1     1    25    11    19    16     0     2   -10.0   26.152  122.377     12.9   1025.2    286.8    288.9      0.0   1543.0     55.1      0.0      0.0
     2     1    25    11    19    16     0     2   -10.0   26.615  122.587     10.0   1026.2    285.6    287.7      0.0   1523.6     54.2      0.0      0.0
     3     1    25    11    19    16     0     2   -10.0   25.409  121.901    485.1    968.3    288.2    285.6      0.0   1554.7     68.7      0.0      0.0
     4     1    25    11    19    16     0     2   -10.0   24.161  120.553    566.2    828.7    300.9    285.1      0.0     89.0     81.7   1209.7      0.0
     5     1    25    11    19    16     0     2   -10.0   26.044  122.266    130.1   1011.1    286.3    287.2      0.0   1562.6     55.4      0.0      0.0
     6     1    25    11    19    16     0     2   -10.0   24.213  120.515    470.6    856.5    299.3    286.2      0.0     72.8     81.9   1033.2      0.0
     7     1    25    11    19    16     0     2   -10.0   26.878  122.782      7.2   1026.2    285.5    287.7      0.0   1515.4     54.2      0.0      0.0
     8     1    25    11    19    16     0     2   -10.0   27.052  122.814     20.5   1024.9    284.9    286.9      0.0   1474.3     53.1      0.0      0.0
     9     1    25    11    19    16     0     2   -10.0   26.560  122.629      2.8   1025.5    286.5    288.5      0.0   1559.7     55.1      0.0      0.0
    10     1    25    11    19    16     0     2   -10.0   26.152  122.377    262.9   1025.2    286.8    288.9      0.0   1543.0     55.1      0.0      0.0
    11     1    25    11    19    16     0     2   -10.0   26.615  122.587    260.0   1026.2    285.6    287.7      0.0   1523.6     54.2      0.0      0.0
    12     1    25    11    19    16     0     2   -10.0   25.408  121.901    735.2    968.3    288.2    285.6      0.0   1554.7     68.7      0.0      0.0
    13     1    25    11    19    16     0     2   -10.0   24.161  120.553    804.1    828.7    300.9    285.1      0.0     89.0     81.7   1209.8      0.0
    14     1    25    11    19    16     0     2   -10.0   26.044  122.266    380.2   1011.0    286.3    287.2      0.0   1562.6     55.4      0.0      0.0
    15     1    25    11    19    16     0     2   -10.0   24.213  120.515    710.2    856.5    299.3    286.2      0.0     72.8     81.9   1033.1      0.0
    16     1    25    11    19    16     0     2   -10.0   26.876  122.780    257.1   1026.2    285.5    287.7      0.0   1515.6     54.2      0.0      0.0
    17     1    25    11    19    16     0     2   -10.0   27.026  122.803    265.0   1025.6    285.0    287.0      0.0   1476.3     53.3      0.0      0.0
    18     1    25    11    19    16     0     2   -10.0   26.551  122.624    252.7   1025.5    286.5    288.6      0.0   1558.5     55.2      0.0      0.0
    19     1    25    11    19    16     0     2   -10.0   26.170  122.578    416.7    948.2    286.4    282.1      0.0   1543.5     71.3      0.0      0.0
    20     1    25    11    19    16     0     2   -10.0   26.869  122.842    313.9    960.3    284.9    281.6      0.0   1551.0     66.1      0.0      0.0
    21     1    25    11    19    16     0     2   -10.0   24.438  120.768    490.2    830.6    300.6    284.9      0.0    156.1     79.9   1028.4      0.0
    22     1    25    11    19    16     0     2   -10.0   23.992  120.477    471.9    843.2    300.2    285.8      0.0    102.1     82.5    925.3      0.0
    23     1    25    11    19    16     0     2   -10.0   25.626  122.209    448.9    943.8    287.0    282.3      0.0   1509.7     73.5      0.0      0.0
    24     1    25    11    19    16     0     2   -10.0   24.153  120.516    240.1    863.6    298.9    286.6      0.0     64.8     81.3    949.1      0.0
    25     1    25    11    19    16     0     2   -10.0   27.055  123.047    494.1    939.6    284.9    279.9      0.0   1553.1     72.9      0.0      0.0
    26     1    25    11    19    16     0     2   -10.0   27.164  123.014    433.8    946.3    284.4    280.0      0.0   1495.4     70.2      0.0      0.0
    27     1    25    11    19    16     0     2   -10.0   26.872  122.949    410.6    949.1    285.6    281.4      0.0   1564.5     70.4      0.0      0.0
     1     1    25    11    19    15     0     3   -11.0   26.508  122.533     16.3   1025.5    286.0    288.1      0.0   1563.6     54.4      0.0      0.0
     2     1    25    11    19    15     0     3   -11.0   26.965  122.691     14.4   1025.7    284.9    287.0      0.0   1503.0     53.0      0.0      0.0
     3     1    25    11    19    15     0     3   -11.0   25.744  122.115    485.1    968.2    287.5    284.9      0.0   1516.0     67.1      0.0      0.0
     4     1    25    11    19    15     0     3   -11.0   24.125  120.533    519.9    836.6    300.4    285.3      0.0     97.1     82.2   1182.3      0.0
     5     1    25    11    19    15     0     3   -11.0   26.422  122.418    150.6   1009.3    285.5    286.2      0.0   1555.6     54.8      0.0      0.0
     6     1    25    11    19    15     0     3   -11.0   24.184  120.518    455.2    861.0    299.1    286.5      0.0     69.2     81.6   1003.4      0.0
     7     1    25    11    19    15     0     3   -11.0   27.227  122.889     11.9   1026.0    284.9    287.0      0.0   1491.6     53.3      0.0      0.0
     8     1    25    11    19    15     0     3   -11.0   27.395  122.890     22.6   1024.7    284.4    286.4      0.0   1467.6     51.7      0.0      0.0
     9     1    25    11    19    15     0     3   -11.0   26.912  122.778      6.5   1026.3    285.8    287.9      0.0   1549.8     54.2      0.0      0.0
    10     1    25    11    19    15     0     3   -11.0   26.508  122.533    266.3   1025.5    286.0    288.1      0.0   1563.6     54.4      0.0      0.0
    11     1    25    11    19    15     0     3   -11.0   26.965  122.691    264.4   1025.7    284.9    287.0      0.0   1503.0     53.0      0.0      0.0
    12     1    25    11    19    15     0     3   -11.0   25.744  122.115    735.2    968.2    287.5    284.9      0.0   1516.0     67.1      0.0      0.0
    13     1    25    11    19    15     0     3   -11.0   24.125  120.533    758.0    836.6    300.4    285.3      0.0     97.0     82.2   1182.3      0.0
    14     1    25    11    19    15     0     3   -11.0   26.422  122.418    400.6   1009.3    285.5    286.2      0.0   1555.7     54.8      0.0      0.0
    15     1    25    11    19    15     0     3   -11.0   24.184  120.518    695.1    861.0    299.1    286.5      0.0     69.1     81.6   1003.4      0.0
    16     1    25    11    19    15     0     3   -11.0   27.225  122.888    261.8   1026.0    284.9    287.0      0.0   1491.8     53.3      0.0      0.0
    17     1    25    11    19    15     0     3   -11.0   27.367  122.881    267.6   1025.3    284.5    286.5      0.0   1467.6     51.9      0.0      0.0
    18     1    25    11    19    15     0     3   -11.0   26.903  122.774    256.3   1026.3    285.8    287.9      0.0   1551.0     54.2      0.0      0.0
    19     1    25    11    19    15     0     3   -11.0   26.529  122.744    479.2    941.6    285.7    280.8      0.0   1563.6     73.0      0.0      0.0
    20     1    25    11    19    15     0     3   -11.0   27.228  122.936    358.3    955.1    284.3    280.6      0.0   1518.4     66.6      0.0      0.0
    21     1    25    11    19    15     0     3   -11.0   24.412  120.756    451.6    836.0    300.3    285.2      0.0    157.9     80.6   1017.5      0.0
    22     1    25    11    19    15     0     3   -11.0   23.953  120.462    449.9    855.5    299.5    286.3      0.0    101.2     82.6    823.5      0.0
    23     1    25    11    19    15     0     3   -11.0   25.982  122.388    495.4    939.7    286.2    281.1      0.0   1552.3     74.3      0.0      0.0
    24     1    25    11    19    15     0     3   -11.0   24.125  120.525    228.9    865.6    299.0    286.8      0.0     62.6     81.3    939.2      0.0
    25     1    25    11    19    15     0     3   -11.0   27.407  123.154    553.5    932.7    284.4    278.8      0.0   1513.7     74.1      0.0      0.0
    26     1    25    11    19    15     0     3   -11.0   27.517  123.093    485.4    940.3    283.9    279.0      0.0   1474.1     70.1      0.0      0.0
    27     1    25    11    19    15     0     3   -11.0   27.230  123.087    475.6    941.7    284.9    280.0      0.0   1567.3     71.5      0.0      0.0
     1     1    25    11    19    14     0     2   -12.0   26.874  122.662     19.5   1025.3    285.4    287.5      0.0   1517.5     54.2      0.0     34.0
     2     1    25    11    19    14     0     2   -12.0   27.319  122.758     19.6   1025.2    284.5    286.5      0.0   1499.3     52.4      0.0     38.9
     3     1    25    11    19    14     0     2   -12.0   26.112  122.320    515.6    965.0    286.8    283.9      0.0   1486.0     67.3      0.0      8.3
     4     1    25    11    19    14     0     2   -12.0   24.102  120.525    464.6    842.6    300.2    285.7      0.3     98.6     81.2   1181.8     37.0
     5     1    25    11    19    14     0     2   -12.0   26.812  122.537    173.7   1006.6    284.9    285.4      0.0   1528.5     55.2      0.0     36.0
     6     1    25    11    19    14     0     2   -12.0   24.156  120.527    433.3    864.4    299.3    287.0      0.4     69.3     80.3    990.8     39.9
     7     1    25    11    19    14     0     2   -12.0   27.580  122.958     16.8   1025.6    284.5    286.5      0.0   1496.8     52.4      0.0     38.8
     8     1    25    11    19    14     0     2   -12.0   27.740  122.929     24.1   1024.7    284.0    286.0      0.0   1478.1     50.2      0.0     35.3
     9     1    25    11    19    14     0     2   -12.0   27.275  122.897      9.1   1026.4    285.2    287.4      0.0   1507.1     54.3      0.0     35.8
    10     1    25    11    19    14     0     2   -12.0   26.874  122.662    269.5   1025.3    285.4    287.5      0.0   1517.5     54.2      0.0     34.0
    11     1    25    11    19    14     0     2   -12.0   27.319  122.758    269.6   1025.2    284.5    286.5      0.0   1499.3     52.4      0.0     38.9
    12     1    25    11    19    14     0     2   -12.0   26.111  122.320    765.7    965.0    286.8    283.9      0.0   1486.0     67.3      0.0      8.3
    13     1    25    11    19    14     0     2   -12.0   24.102  120.525    702.8    842.6    300.2    285.7      0.3     98.6     81.2   1181.9     37.0
    14     1    25    11    19    14     0     2   -12.0   26.812  122.537    423.8   1006.6    284.9    285.4      0.0   1528.5     55.2      0.0     36.0
    15     1    25    11    19    14     0     2   -12.0   24.156  120.527    673.3    864.4    299.3    287.0      0.4     69.3     80.3    990.8     39.9
    16     1    25    11    19    14     0     2   -12.0   27.577  122.957    266.8   1025.6    284.5    286.5      0.0   1496.8     52.4      0.0     38.9
    17     1    25    11    19    14     0     2   -12.0   27.710  122.922    269.3   1025.3    284.1    286.1      0.0   1479.0     50.5      0.0     35.4
    18     1    25    11    19    14     0     2   -12.0   27.266  122.894    258.9   1026.4    285.2    287.4      0.0   1507.2     54.4      0.0     35.8
    19     1    25    11    19    14     0     2   -12.0   26.891  122.881    549.3    933.6    285.1    279.6      0.0   1546.7     75.6      0.0     28.1
    20     1    25    11    19    14     0     2   -12.0   27.589  122.993    407.8    949.4    284.0    279.8      0.0   1528.0     68.5      0.0     36.3
    21     1    25    11    19    14     0     2   -12.0   24.398  120.755    403.4    839.7    300.2    285.4      0.2    156.9     79.7   1030.8     37.4
    22     1    25    11    19    14     0     2   -12.0   23.924  120.459    416.1    863.4    299.2    286.8      0.3    103.6     81.2    778.6     39.9
    23     1    25    11    19    14     0     2   -12.0   26.342  122.546    553.2    933.3    285.5    279.9      0.0   1525.0     76.6      0.0     19.8
    24     1    25    11    19    14     0     2   -12.0   24.097  120.539    212.8    867.1    299.3    287.3      0.5     64.4     80.2    939.7     41.1
    25     1    25    11    19    14     0     2   -12.0   27.764  123.225    604.8    926.9    284.0    277.9      0.0   1528.2     76.1      0.0     36.5
    26     1    25    11    19    14     0     2   -12.0   27.866  123.136    577.5    929.8    283.6    277.7      0.0   1499.0     72.8      0.0     35.8
    27     1    25    11    19    14     0     2   -12.0   27.593  123.188    539.3    934.5    284.5    279.0      0.0   1523.0     74.6      0.0     35.4
