    10     1
    GFSQ    25    11    19     0     0
    GFSQ    25    11    20     0     0
    GFSQ    25    11    21     0     0
    GFSQ    25    11    22     0     0
    GFSQ    25    11    23     0     0
    GFSQ    25    11    24     0     0
    GFSQ    25    11    25     0     0
    GFSQ    25    11    26     0     0
    GFSQ    25    11    27     0     0
    GFSQ    25    11    28     0     0
    27 BACKWARD OMEGA   
    25    11    27     2   24.217  120.620    10.0
    25    11    27     2   24.217  120.620    10.0
    25    11    27     2   24.217  120.620    10.0
    25    11    27     2   24.217  120.620    10.0
    25    11    27     2   24.217  120.620    10.0
    25    11    27     2   24.217  120.620    10.0
    25    11    27     2   24.217  120.620    10.0
    25    11    27     2   24.217  120.620    10.0
    25    11    27     2   24.217  120.620    10.0
    25    11    27     2   24.217  120.620    10.0
    25    11    27     2   24.217  120.620    10.0
    25    11    27     2   24.217  120.620    10.0
    25    11    27     2   24.217  120.620    10.0
    25    11    27     2   24.217  120.620    10.0
    25    11    27     2   24.217  120.620    10.0
    25    11    27     2   24.217  120.620    10.0
    25    11    27     2   24.217  120.620    10.0
    25    11    27     2   24.217  120.620    10.0
    25    11    27     2   24.217  120.620    10.0
    25    11    27     2   24.217  120.620    10.0
    25    11    27     2   24.217  120.620    10.0
    25    11    27     2   24.217  120.620    10.0
    25    11    27     2   24.217  120.620    10.0
    25    11    27     2   24.217  120.620    10.0
    25    11    27     2   24.217  120.620    10.0
    25    11    27     2   24.217  120.620    10.0
    25    11    27     2   24.217  120.620    10.0
     8 PRESSURE THETA    AIR_TEMP RAINFALL MIXDEPTH RELHUMID TERR_MSL SUN_FLUX
     1     1    25    11    27     2     0     2     0.0   24.217  120.620     10.0    998.3    293.1    292.9      0.0    785.5     65.2    159.6    226.2
     2     1    25    11    27     2     0     2     0.0   24.217  120.620     10.0   1008.0    292.3    292.9      0.0   1026.5     68.1     84.4    252.2
     3     1    25    11    27     2     0     2     0.0   24.217  120.620     10.0    996.3    293.5    293.2      0.0    623.5     61.7    168.8    170.8
     4     1    25    11    27     2     0     2     0.0   24.217  120.620     10.0    926.7    296.6    290.0      0.0    431.7     61.6    818.4    169.5
     5     1    25    11    27     2     0     2     0.0   24.217  120.620     10.0    949.6    295.5    291.0      0.0    759.2     62.9    603.5    242.2
     6     1    25    11    27     2     0     2     0.0   24.217  120.620     10.0    940.7    295.5    290.3      0.0    263.3     63.4    671.8     92.6
     7     1    25    11    27     2     0     2     0.0   24.217  120.620     10.0   1016.4    291.9    293.2      0.0   1004.0     71.4     11.2    268.2
     8     1    25    11    27     2     0     2     0.0   24.217  120.620     10.0   1018.0    291.6    293.0      0.0   1130.3     72.3      1.5    256.8
     9     1    25    11    27     2     0     2     0.0   24.217  120.620     10.0   1015.0    292.5    293.7      0.0    904.3     66.5     13.3    243.9
    10     1    25    11    27     2     0     2     0.0   24.217  120.620     10.0    998.3    293.1    292.9      0.0    785.5     65.2    159.6    226.2
    11     1    25    11    27     2     0     2     0.0   24.217  120.620     10.0   1008.0    292.3    292.9      0.0   1026.5     68.1     84.4    252.2
    12     1    25    11    27     2     0     2     0.0   24.217  120.620     10.0    996.3    293.5    293.2      0.0    623.5     61.7    168.8    170.8
    13     1    25    11    27     2     0     2     0.0   24.217  120.620     10.0    926.7    296.6    290.0      0.0    431.7     61.6    818.4    169.5
    14     1    25    11    27     2     0     2     0.0   24.217  120.620     10.0    949.6    295.5    291.0      0.0    759.2     62.8    603.5    242.2
    15     1    25    11    27     2     0     2     0.0   24.217  120.620     10.0    940.7    295.5    290.3      0.0    263.3     63.4    671.8     92.6
    16     1    25    11    27     2     0     2     0.0   24.217  120.620     10.0   1016.4    291.9    293.2      0.0   1004.0     71.4     11.2    268.2
    17     1    25    11    27     2     0     2     0.0   24.217  120.620     10.0   1018.0    291.6    293.0      0.0   1130.3     72.3      1.5    256.8
    18     1    25    11    27     2     0     2     0.0   24.217  120.620     10.0   1015.0    292.5    293.7      0.0    904.3     66.5     13.3    243.9
    19     1    25    11    27     2     0     2     0.0   24.217  120.620     10.0    969.8    292.8    290.2      0.0    785.5     71.6    159.6    226.2
    20     1    25    11    27     2     0     2     0.0   24.217  120.620     10.0    979.2    291.9    290.1      0.0   1026.5     73.2     84.4    252.2
    21     1    25    11    27     2     0     2     0.0   24.217  120.620     10.0    967.9    293.4    290.6      0.0    623.5     69.1    168.8    170.8
    22     1    25    11    27     2     0     2     0.0   24.217  120.620     10.0    900.6    296.9    288.0      0.0    431.7     64.8    818.4    169.5
    23     1    25    11    27     2     0     2     0.0   24.217  120.620     10.0    922.8    295.2    288.4      0.0    759.2     69.5    603.5    242.2
    24     1    25    11    27     2     0     2     0.0   24.217  120.620     10.0    914.2    296.5    288.9      0.0    263.3     63.5    671.8     92.6
    25     1    25    11    27     2     0     2     0.0   24.217  120.620     10.0    987.3    291.5    290.4      0.0   1004.0     75.2     11.2    268.2
    26     1    25    11    27     2     0     2     0.0   24.217  120.620     10.0    988.8    291.2    290.3      0.0   1130.3     74.7      1.5    256.8
    27     1    25    11    27     2     0     2     0.0   24.217  120.620     10.0    986.0    292.0    290.8      0.0    904.3     73.2     13.3    243.9
     1     1    25    11    27     1     0     1    -1.0   24.395  120.653      0.0    999.6    291.8    291.8      0.0    943.9     69.1    164.7    133.1
     2     1    25    11    27     1     0     1    -1.0   24.467  120.786      0.0   1012.5    291.4    292.5      0.0   1125.8     67.9     63.8    146.8
     3     1    25    11    27     1     0     1    -1.0   24.285  120.564      0.0    993.4    292.6    292.0      0.0    622.8     66.2    202.2    102.9
     4     1    25    11    27     1     0     1    -1.0   24.195  120.534      0.0    922.9    295.8    288.9      0.0    416.3     64.0    858.8     99.4
     5     1    25    11    27     1     0     1    -1.0   24.291  120.631      0.0    963.7    293.6    290.4      0.0    801.5     67.5    491.7    139.3
     6     1    25    11    27     1     0     1    -1.0   24.136  120.537    142.4    924.0    295.8    289.1      0.0    193.8     61.7    689.7     46.5
     7     1    25    11    27     1     0     1    -1.0   24.570  120.786      5.6   1016.0    291.5    292.8      0.0   1158.3     70.1     26.3    146.8
     8     1    25    11    27     1     0     1    -1.0   24.549  120.831      5.7   1019.6    291.3    292.9      0.0   1161.3     67.3      0.0    152.1
     9     1    25    11    27     1     0     1    -1.0   24.541  120.705     21.5   1009.9    291.7    292.5      0.0   1031.8     70.9     57.0    131.6
    10     1    25    11    27     1     0     1    -1.0   24.395  120.653    248.4    999.6    291.8    291.8      0.0    943.9     69.1    164.7    133.1
    11     1    25    11    27     1     0     1    -1.0   24.467  120.786    249.4   1012.5    291.4    292.5      0.0   1125.8     67.9     63.8    146.8
    12     1    25    11    27     1     0     1    -1.0   24.285  120.564    248.0    993.4    292.6    292.0      0.0    622.7     66.2    202.2    102.9
    13     1    25    11    27     1     0     1    -1.0   24.195  120.534    241.4    922.9    295.8    288.9      0.0    416.3     64.0    858.8     99.4
    14     1    25    11    27     1     0     1    -1.0   24.291  120.630    245.1    963.6    293.6    290.4      0.0    801.4     67.5    491.8    139.3
    15     1    25    11    27     1     0     1    -1.0   24.135  120.536    376.1    925.2    295.7    289.1      0.0    194.5     61.8    688.0     46.6
    16     1    25    11    27     1     0     1    -1.0   24.565  120.782    249.7   1015.9    291.5    292.8      0.0   1156.5     70.2     27.2    146.4
    17     1    25    11    27     1     0     1    -1.0   24.549  120.831    250.0   1019.6    291.3    292.9      0.0   1161.3     67.3      0.0    152.1
    18     1    25    11    27     1     0     1    -1.0   24.533  120.701    261.0   1011.3    291.7    292.7      0.0   1029.7     71.1     54.8    131.5
    19     1    25    11    27     1     0     1    -1.0   24.519  120.770     32.9    950.8    292.8    288.5      0.0    911.3     74.7    331.7    140.0
    20     1    25    11    27     1     0     1    -1.0   24.555  120.909     74.2    974.3    291.2    289.0      0.0   1146.2     75.0     82.1    134.5
    21     1    25    11    27     1     0     1    -1.0   24.377  120.614     29.6    955.9    292.8    289.0      0.0    626.6     73.9    267.2    109.5
    22     1    25    11    27     1     0     1    -1.0   24.235  120.575      0.0    885.7    297.1    286.8      0.0    397.9     66.1    980.7    101.7
    23     1    25    11    27     1     0     1    -1.0   24.363  120.747     28.6    933.1    292.7    286.9      0.0    740.1     81.9    515.3    112.7
    24     1    25    11    27     1     0     1    -1.0   24.138  120.545     37.3    907.2    296.6    288.4      0.0    187.0     61.9    707.7     45.3
    25     1    25    11    27     1     0     1    -1.0   24.679  120.902     66.2    983.3    291.0    289.7      0.0   1203.9     73.8      1.0    152.0
    26     1    25    11    27     1     0     1    -1.0   24.626  120.933     48.0    985.5    291.0    289.8      0.0   1164.6     71.1      4.7    147.7
    27     1    25    11    27     1     0     1    -1.0   24.673  120.809     65.4    973.0    291.4    289.1      0.0   1056.6     77.8     87.6    136.3
     1     1    25    11    27     0     0     0    -2.0   24.662  120.859      0.0   1006.9    290.7    291.2      0.0   1036.1     73.9    121.4     17.6
     2     1    25    11    27     0     0     0    -2.0   24.696  121.048     12.8   1013.3    290.6    291.7      0.2   1099.4     69.8     65.7      5.4
     3     1    25    11    27     0     0     0    -2.0   24.498  120.641     13.0    990.2    291.3    290.5      0.0    709.1     72.0    240.3      6.9
     4     1    25    11    27     0     0     0    -2.0   24.291  120.580      0.0    915.9    295.1    287.6      0.0    369.6     67.2    921.9      8.4
     5     1    25    11    27     0     0     0    -2.0   24.443  120.783      8.2    978.0    291.1    289.3      0.0    747.5     80.7    376.8     12.8
     6     1    25    11    27     0     0     0    -2.0   24.171  120.568    239.6    904.2    296.5    288.0      0.0    122.5     60.2    777.3      3.1
     7     1    25    11    27     0     0     0    -2.0   24.923  121.110      6.6   1018.4    291.0    292.5      0.0   1206.2     66.2     17.9      8.2
     8     1    25    11    27     0     0     0    -2.0   24.888  121.151     11.4   1021.3    290.8    292.6      0.0   1083.3     64.7      1.1     14.3
     9     1    25    11    27     0     0     0    -2.0   24.925  120.979      0.0   1015.1    290.9    292.2      0.0   1175.6     72.1     43.8     15.3
    10     1    25    11    27     0     0     0    -2.0   24.662  120.859    248.8   1006.9    290.7    291.2      0.0   1036.1     73.9    121.4     17.6
    11     1    25    11    27     0     0     0    -2.0   24.696  121.048    262.1   1013.3    290.6    291.7      0.2   1099.4     69.8     65.7      5.4
    12     1    25    11    27     0     0     0    -2.0   24.498  120.641    260.6    990.2    291.3    290.5      0.0    709.1     72.0    240.3      6.9
    13     1    25    11    27     0     0     0    -2.0   24.291  120.580    240.8    915.9    295.1    287.6      0.0    369.6     67.2    921.9      8.4
    14     1    25    11    27     0     0     0    -2.0   24.443  120.783    254.5    978.1    291.1    289.3      0.0    747.5     80.7    376.8     12.8
    15     1    25    11    27     0     0     0    -2.0   24.171  120.567    477.6    905.0    296.5    288.1      0.0    123.4     60.3    774.2      3.1
    16     1    25    11    27     0     0     0    -2.0   24.919  121.106    256.0   1018.3    291.0    292.5      0.0   1206.8     66.2     17.8      8.1
    17     1    25    11    27     0     0     0    -2.0   24.888  121.150    256.2   1021.5    290.9    292.6      0.0   1083.3     64.8      1.1     14.3
    18     1    25    11    27     0     0     0    -2.0   24.913  120.968    249.6   1015.6    290.9    292.2      0.0   1187.8     72.2     39.4     15.5
    19     1    25    11    27     0     0     0    -2.0   24.809  121.109    160.4    943.3    291.4    286.5      0.2    832.3     86.5    285.5      6.5
    20     1    25    11    27     0     0     0    -2.0   24.816  121.243     85.2    974.4    290.9    288.7      0.1   1077.8     74.6     77.6      4.4
    21     1    25    11    27     0     0     0    -2.0   24.688  120.811    113.5    911.0    294.0    286.2      0.0    634.7     77.3    616.6     10.5
    22     1    25    11    27     0     0     0    -2.0   24.348  120.671      7.8    862.3    297.3    284.9      0.0    276.4     68.8   1185.0     10.8
    23     1    25    11    27     0     0     0    -2.0   24.501  121.003    207.9    913.5    292.3    284.8      0.1    539.1     92.0    512.0      5.5
    24     1    25    11    27     0     0     0    -2.0   24.169  120.579     66.9    893.4    297.1    287.6      0.0    111.9     59.8    809.0      3.0
    25     1    25    11    27     0     0     0    -2.0   25.050  121.309    152.7    971.9    290.8    288.4      0.1   1135.5     76.2     33.7      7.5
    26     1    25    11    27     0     0     0    -2.0   24.991  121.309     45.0    988.3    290.8    289.8      0.0   1084.8     69.2      0.0     15.0
    27     1    25    11    27     0     0     0    -2.0   25.104  121.218    167.2    962.8    290.9    287.7      0.1   1102.8     81.5     95.5      7.7
     1     1    25    11    26    23     0     1    -3.0   24.851  121.066     14.8   1000.6    290.7    290.7      0.0    933.9     73.8    171.3      3.9
     2     1    25    11    26    23     0     1    -3.0   24.908  121.288      0.0   1012.8    291.1    292.2      0.0   1167.3     64.8     63.9      3.3
     3     1    25    11    26    23     0     1    -3.0   24.709  120.770      0.0    967.6    292.4    289.5      0.0    700.2     71.1    449.4      7.0
     4     1    25    11    26    23     0     1    -3.0   24.373  120.637     21.8    902.8    295.2    286.6      0.0    262.5     68.7   1011.9      6.7
     5     1    25    11    26    23     0     1    -3.0   24.547  120.954     80.6    969.5    291.2    288.6      0.0    626.3     80.3    378.9      3.5
     6     1    25    11    26    23     0     1    -3.0   24.207  120.597    270.0    886.4    297.3    287.2      0.0     77.9     61.6    918.2      2.4
     7     1    25    11    26    23     0     1    -3.0   25.210  121.400      5.4   1021.0    291.1    292.9      0.0   1221.5     62.5      0.0      7.0
     8     1    25    11    26    23     0     1    -3.0   25.238  121.409      7.2   1021.2    290.7    292.4      0.0   1051.0     63.3      0.0     16.0
     9     1    25    11    26    23     0     1    -3.0   25.194  121.255     10.0   1014.5    290.8    292.0      0.0   1128.7     68.8     52.3      4.1
    10     1    25    11    26    23     0     1    -3.0   24.851  121.066    263.1   1000.6    290.7    290.7      0.0    933.9     73.8    171.3      3.9
    11     1    25    11    26    23     0     1    -3.0   24.908  121.288    249.4   1012.8    291.1    292.2      0.0   1167.3     64.8     63.9      3.3
    12     1    25    11    26    23     0     1    -3.0   24.709  120.770    245.5    967.6    292.4    289.5      0.0    700.2     71.1    449.4      7.0
    13     1    25    11    26    23     0     1    -3.0   24.373  120.637    261.7    902.8    295.2    286.6      0.0    262.6     68.7   1011.9      6.7
    14     1    25    11    26    23     0     1    -3.0   24.547  120.954    326.8    969.5    291.2    288.6      0.0    626.3     80.3    378.9      3.5
    15     1    25    11    26    23     0     1    -3.0   24.208  120.596    508.5    886.9    297.3    287.2      0.0     78.9     61.7    915.3      2.4
    16     1    25    11    26    23     0     1    -3.0   25.206  121.396    255.6   1021.0    291.1    292.9      0.0   1223.5     62.5      0.0      7.0
    17     1    25    11    26    23     0     1    -3.0   25.237  121.408    252.1   1021.2    290.7    292.4      0.0   1050.8     63.3      0.0     16.0
    18     1    25    11    26    23     0     1    -3.0   25.187  121.246    259.7   1014.5    290.8    292.0      0.0   1134.1     68.8     51.2      4.1
    19     1    25    11    26    23     0     1    -3.0   24.997  121.368    106.5    963.2    290.9    287.8      0.0    844.3     80.2    147.7      2.0
    20     1    25    11    26    23     0     1    -3.0   25.115  121.518      0.0    994.7    291.0    290.6      0.0   1019.1     64.3     10.5      8.0
    21     1    25    11    26    23     0     1    -3.0   24.913  121.095    258.9    903.0    293.2    284.8      0.0    477.1     87.3    551.4      8.0
    22     1    25    11    26    23     0     1    -3.0   24.426  120.793     96.0    827.2    298.5    282.5      0.0    252.8     75.6   1464.7     11.5
    23     1    25    11    26    23     0     1    -3.0   24.638  121.199    113.2    952.2    291.1    287.0      0.1    619.9     84.6    240.2      1.8
    24     1    25    11    26    23     0     1    -3.0   24.196  120.612     76.0    878.3    297.8    286.9      0.0     65.0     61.1    947.0      2.3
    25     1    25    11    26    23     0     1    -3.0   25.383  121.624     54.6    985.6    290.9    289.7      0.0   1029.4     67.0      7.4      9.8
    26     1    25    11    26    23     0     1    -3.0   25.372  121.586     25.2    990.4    290.5    289.7      0.0   1116.4     66.7      0.0     17.1
    27     1    25    11    26    23     0     1    -3.0   25.377  121.546    123.2    969.2    291.0    288.5      0.0   1129.0     75.6     77.5      2.8
     1     1    25    11    26    22     0     2    -4.0   24.995  121.250      0.0   1007.9    290.8    291.5      0.0    935.6     70.7    108.2      1.2
     2     1    25    11    26    22     0     2    -4.0   25.188  121.512      0.0   1020.5    291.3    293.0      0.0   1099.8     60.3      0.0      4.9
     3     1    25    11    26    22     0     2    -4.0   24.893  120.931     39.3    988.0    290.9    289.9      0.0    754.3     72.5    247.2      5.9
     4     1    25    11    26    22     0     2    -4.0   24.459  120.728    112.0    887.5    295.6    285.4      0.0    267.6     72.3   1085.6      5.0
     5     1    25    11    26    22     0     2    -4.0   24.645  121.133     84.4    988.7    291.0    290.1      0.0    564.2     75.2    192.8      0.9
     6     1    25    11    26    22     0     2    -4.0   24.245  120.610    242.5    879.5    297.4    286.6      0.0     50.3     64.8   1014.8      1.4
     7     1    25    11    26    22     0     2    -4.0   25.544  121.632      0.0   1021.0    291.0    292.7      0.0   1124.9     61.2      0.0      7.3
     8     1    25    11    26    22     0     2    -4.0   25.584  121.594      8.1   1021.6    290.3    292.1      0.0   1128.0     63.1      0.0      9.1
     9     1    25    11    26    22     0     2    -4.0   25.441  121.504      0.0   1015.2    291.2    292.4      0.0   1211.2     64.5     41.4      2.5
    10     1    25    11    26    22     0     2    -4.0   24.995  121.250    248.9   1007.9    290.8    291.5      0.0    935.6     70.7    108.2      1.2
    11     1    25    11    26    22     0     2    -4.0   25.188  121.512    250.0   1020.5    291.3    293.0      0.0   1099.8     60.3      0.0      4.9
    12     1    25    11    26    22     0     2    -4.0   24.893  120.931    286.9    988.0    290.9    289.9      0.0    754.3     72.5    247.2      5.9
    13     1    25    11    26    22     0     2    -4.0   24.459  120.728    351.1    887.5    295.6    285.4      0.0    267.6     72.3   1085.5      5.0
    14     1    25    11    26    22     0     2    -4.0   24.645  121.133    332.5    988.7    291.0    290.1      0.0    564.3     75.2    192.9      0.9
    15     1    25    11    26    22     0     2    -4.0   24.246  120.609    481.6    879.8    297.4    286.6      0.0     51.2     64.8   1013.1      1.4
    16     1    25    11    26    22     0     2    -4.0   25.540  121.629    250.0   1021.0    291.0    292.7      0.0   1124.5     61.2      0.0      7.3
    17     1    25    11    26    22     0     2    -4.0   25.583  121.593    253.0   1021.6    290.3    292.1      0.0   1127.6     63.1      0.0      9.1
    18     1    25    11    26    22     0     2    -4.0   25.434  121.496    249.6   1015.4    291.2    292.5      0.0   1220.3     64.5     39.5      2.4
    19     1    25    11    26    22     0     2    -4.0   25.250  121.610      0.0    997.2    291.2    291.0      0.0   1117.5     66.2     23.2      3.4
    20     1    25    11    26    22     0     2    -4.0   25.464  121.740     17.6    991.0    290.8    290.1      0.0   1203.8     63.1      0.0      7.9
    21     1    25    11    26    22     0     2    -4.0   25.012  121.341    374.8    893.3    292.9    283.5      0.0    342.7     94.0    525.4      1.3
    22     1    25    11    26    22     0     2    -4.0   24.457  120.898    209.7    793.5    300.3    280.9      0.0    130.0     73.8   1701.6      6.6
    23     1    25    11    26    22     0     2    -4.0   24.861  121.406      0.0    995.1    291.4    291.0      0.0   1080.9     69.0     71.3      3.2
    24     1    25    11    26    22     0     2    -4.0   24.224  120.624     29.5    874.8    297.7    286.5      0.0     38.6     64.0   1029.9      1.3
    25     1    25    11    26    22     0     2    -4.0   25.741  121.852     68.4    985.4    290.6    289.4      0.0   1191.6     66.1      0.0      8.2
    26     1    25    11    26    22     0     2    -4.0   25.715  121.780     81.9    983.8    290.1    288.7      0.0   1179.0     68.9      0.0      9.3
    27     1    25    11    26    22     0     2    -4.0   25.694  121.809      0.0    992.6    291.0    290.4      0.0   1089.9     64.3      0.0      4.8
     1     1    25    11    26    21     0     3    -5.0   25.168  121.442      0.0   1008.4    291.3    292.0      0.0   1123.4     67.9     95.9      0.0
     2     1    25    11    26    21     0     3    -5.0   25.518  121.689      0.0   1021.4    290.9    292.6      0.0   1109.2     61.2      0.0      0.0
     3     1    25    11    26    21     0     3    -5.0   25.067  121.163    142.0    969.2    291.7    289.0      0.0    600.0     74.5    316.2      0.0
     4     1    25    11    26    21     0     3    -5.0   24.535  120.861    252.2    864.0    296.4    284.0      0.0    142.4     75.7   1181.1      0.0
     5     1    25    11    26    21     0     3    -5.0   24.763  121.289     11.4    998.5    291.1    291.0      0.1    771.0     73.5    179.2      0.0
     6     1    25    11    26    21     0     3    -5.0   24.290  120.609    186.2    879.3    297.2    286.3      0.0     34.1     68.4   1078.8      0.0
     7     1    25    11    26    21     0     3    -5.0   25.884  121.796      0.0   1021.5    290.5    292.3      0.0   1073.1     62.2      0.0      0.0
     8     1    25    11    26    21     0     3    -5.0   25.908  121.723      8.2   1021.5    289.8    291.5      0.0   1073.9     66.0      0.0      0.0
     9     1    25    11    26    21     0     3    -5.0   25.744  121.724      0.0   1020.3    291.3    292.9      0.0   1168.9     60.6      0.0      0.0
    10     1    25    11    26    21     0     3    -5.0   25.168  121.442    249.0   1008.4    291.3    292.0      0.0   1123.4     67.9     95.9      0.0
    11     1    25    11    26    21     0     3    -5.0   25.518  121.689    250.0   1021.4    290.9    292.6      0.0   1109.2     61.2      0.0      0.0
    12     1    25    11    26    21     0     3    -5.0   25.067  121.163    388.8    969.1    291.7    289.0      0.0    600.0     74.5    316.3      0.0
    13     1    25    11    26    21     0     3    -5.0   24.535  120.861    490.4    864.0    296.4    284.0      0.0    142.5     75.7   1181.0      0.0
    14     1    25    11    26    21     0     3    -5.0   24.763  121.289    259.7    998.5    291.1    291.0      0.1    770.9     73.5    179.2      0.0
    15     1    25    11    26    21     0     3    -5.0   24.292  120.608    425.5    879.3    297.1    286.3      0.0     34.9     68.5   1078.3      0.0
    16     1    25    11    26    21     0     3    -5.0   25.881  121.793    250.0   1021.5    290.5    292.3      0.0   1074.6     62.2      0.0      0.0
    17     1    25    11    26    21     0     3    -5.0   25.908  121.722    253.1   1021.5    289.8    291.5      0.0   1074.0     66.0      0.0      0.0
    18     1    25    11    26    21     0     3    -5.0   25.736  121.718    250.0   1020.2    291.3    292.9      0.0   1173.1     60.6      0.0      0.0
    19     1    25    11    26    21     0     3    -5.0   25.593  121.830      2.1    991.6    291.0    290.3      0.0   1155.0     64.7      0.0      0.0
    20     1    25    11    26    21     0     3    -5.0   25.798  121.899     59.0    986.4    290.1    289.0      0.0   1079.7     67.5      0.0      0.0
    21     1    25    11    26    21     0     3    -5.0   25.134  121.547    214.2    934.4    291.7    286.1      0.2    437.0     90.5    291.5      0.0
    22     1    25    11    26    21     0     3    -5.0   24.464  120.963    311.1    794.2    299.7    280.4      0.0     35.5     76.5   1585.0      0.0
    23     1    25    11    26    21     0     3    -5.0   25.182  121.631      0.0    993.3    291.2    290.7      0.0   1114.0     65.8      0.0      0.0
    24     1    25    11    26    21     0     3    -5.0   24.262  120.619      0.0    878.2    297.3    286.4      0.0     24.4     67.3   1073.5      0.0
    25     1    25    11    26    21     0     3    -5.0   26.075  122.008    108.5    980.7    290.1    288.4      0.0   1111.9     69.6      0.0      0.0
    26     1    25    11    26    21     0     3    -5.0   26.028  121.921    110.4    980.4    289.7    288.0      0.0   1137.2     72.9      0.0      0.0
    27     1    25    11    26    21     0     3    -5.0   26.048  122.008     13.4    991.4    290.6    289.9      0.0   1093.7     65.6      0.0      0.0
     1     1    25    11    26    20     0     2    -6.0   25.414  121.660      0.0   1019.5    291.8    293.4      0.0   1188.4     58.7      0.0      0.0
     2     1    25    11    26    20     0     2    -6.0   25.817  121.825      0.0   1021.4    290.7    292.5      0.0   1165.9     58.8      0.0      0.0
     3     1    25    11    26    20     0     2    -6.0   25.199  121.406    144.6    983.1    291.6    290.2      0.0    537.4     72.9    173.6      0.0
     4     1    25    11    26    20     0     2    -6.0   24.553  120.984    426.1    846.9    296.6    282.7      0.0     62.5     79.6   1171.0      0.0
     5     1    25    11    26    20     0     2    -6.0   24.949  121.478      0.0   1018.6    291.9    293.4      0.0   1189.9     63.4     12.9      0.0
     6     1    25    11    26    20     0     2    -6.0   24.341  120.605    148.1    877.1    297.4    286.3      0.0     33.5     69.1   1142.8      0.0
     7     1    25    11    26    20     0     2    -6.0   26.180  121.917      0.0   1021.4    290.4    292.2      0.0   1135.2     60.1      0.0      0.0
     8     1    25    11    26    20     0     2    -6.0   26.196  121.820      7.8   1021.4    289.6    291.3      0.0   1044.9     64.3      0.0      0.0
     9     1    25    11    26    20     0     2    -6.0   26.064  121.897      0.0   1021.4    290.9    292.7      0.0   1073.5     60.5      0.0      0.0
    10     1    25    11    26    20     0     2    -6.0   25.414  121.660    250.0   1019.5    291.8    293.4      0.0   1188.3     58.7      0.0      0.0
    11     1    25    11    26    20     0     2    -6.0   25.817  121.825    250.0   1021.4    290.7    292.5      0.0   1165.8     58.8      0.0      0.0
    12     1    25    11    26    20     0     2    -6.0   25.199  121.406    392.9    983.1    291.6    290.2      0.0    537.3     72.9    173.6      0.0
    13     1    25    11    26    20     0     2    -6.0   24.553  120.984    664.4    847.0    296.6    282.7      0.0     62.5     79.6   1171.0      0.0
    14     1    25    11    26    20     0     2    -6.0   24.949  121.478    249.9   1018.6    291.9    293.4      0.0   1189.9     63.4     12.9      0.0
    15     1    25    11    26    20     0     2    -6.0   24.343  120.605    387.0    877.0    297.4    286.3      0.0     34.1     69.2   1143.3      0.0
    16     1    25    11    26    20     0     2    -6.0   26.177  121.915    250.0   1021.4    290.5    292.2      0.0   1134.5     60.1      0.0      0.0
    17     1    25    11    26    20     0     2    -6.0   26.195  121.820    252.8   1021.4    289.6    291.3      0.0   1044.8     64.3      0.0      0.0
    18     1    25    11    26    20     0     2    -6.0   26.056  121.891    250.0   1021.4    290.9    292.7      0.0   1075.9     60.6      0.0      0.0
    19     1    25    11    26    20     0     2    -6.0   25.915  121.998     27.4    990.0    290.6    289.8      0.0   1067.0     65.2      0.0      0.0
    20     1    25    11    26    20     0     2    -6.0   26.073  122.021    101.2    981.4    290.2    288.6      0.0   1218.3     66.6      0.0      0.0
    21     1    25    11    26    20     0     2    -6.0   25.325  121.762      0.0    991.1    291.9    291.1      0.0   1072.4     69.5     69.1      0.0
    22     1    25    11    26    20     0     2    -6.0   24.470  121.017    371.8    797.5    299.4    280.4      0.0     30.2     77.3   1489.4      0.0
    23     1    25    11    26    20     0     2    -6.0   25.499  121.815      0.7    992.3    291.0    290.3      0.0   1094.4     64.9      0.0      0.0
    24     1    25    11    26    20     0     2    -6.0   24.308  120.608      0.0    875.4    297.5    286.3      0.0     28.3     69.5   1104.8      0.0
    25     1    25    11    26    20     0     2    -6.0   26.356  122.132    131.4    977.9    290.1    288.2      0.0   1181.7     69.0      0.0      0.0
    26     1    25    11    26    20     0     2    -6.0   26.310  122.030    109.7    980.3    289.5    287.9      0.0   1142.6     72.2      0.0      0.0
    27     1    25    11    26    20     0     2    -6.0   26.358  122.157     53.3    986.9    290.4    289.3      0.0   1223.0     64.4      0.0      0.0
     1     1    25    11    26    19     0     1    -7.0   25.673  121.857      0.0   1020.7    291.3    293.0      0.0   1056.6     61.2      0.0      0.0
     2     1    25    11    26    19     0     1    -7.0   26.050  121.945      0.0   1021.2    290.7    292.5      0.0   1269.6     56.1      0.0      0.0
     3     1    25    11    26    19     0     1    -7.0   25.306  121.632     68.6    996.8    291.8    291.5      0.0    819.9     68.5    144.1      0.0
     4     1    25    11    26    19     0     1    -7.0   24.544  121.086    544.3    835.9    296.4    281.5      0.0     47.0     83.3   1157.5      0.0
     5     1    25    11    26    19     0     1    -7.0   25.174  121.696      0.0   1019.3    292.2    293.8      0.0   1186.4     57.4      0.0      0.0
     6     1    25    11    26    19     0     1    -7.0   24.388  120.600    123.1    875.4    297.6    286.4      0.0     26.4     69.8   1187.6      0.0
     7     1    25    11    26    19     0     1    -7.0   26.424  122.023      0.0   1021.2    290.3    292.0      0.0   1154.8     58.7      0.0      0.0
     8     1    25    11    26    19     0     1    -7.0   26.446  121.892      5.9   1021.5    289.6    291.4      0.0   1154.6     60.8      0.0      0.0
     9     1    25    11    26    19     0     1    -7.0   26.324  122.037      0.0   1021.2    290.9    292.7      0.0   1205.3     57.0      0.0      0.0
    10     1    25    11    26    19     0     1    -7.0   25.673  121.857    250.0   1020.7    291.3    293.0      0.0   1056.7     61.2      0.0      0.0
    11     1    25    11    26    19     0     1    -7.0   26.050  121.945    250.0   1021.2    290.7    292.5      0.0   1269.6     56.1      0.0      0.0
    12     1    25    11    26    19     0     1    -7.0   25.306  121.632    317.3    996.8    291.8    291.5      0.0    819.6     68.5    144.1      0.0
    13     1    25    11    26    19     0     1    -7.0   24.544  121.086    782.8    835.9    296.4    281.5      0.0     47.0     83.3   1157.4      0.0
    14     1    25    11    26    19     0     1    -7.0   25.173  121.696    250.0   1019.3    292.2    293.8      0.0   1186.4     57.4      0.0      0.0
    15     1    25    11    26    19     0     1    -7.0   24.390  120.599    361.4    875.4    297.6    286.4      0.0     26.8     69.9   1188.2      0.0
    16     1    25    11    26    19     0     1    -7.0   26.422  122.021    250.0   1021.2    290.3    292.0      0.0   1152.9     58.7      0.0      0.0
    17     1    25    11    26    19     0     1    -7.0   26.445  121.892    250.9   1021.5    289.6    291.4      0.0   1155.0     60.8      0.0      0.0
    18     1    25    11    26    19     0     1    -7.0   26.317  122.032    250.0   1021.2    290.9    292.7      0.0   1195.6     57.1      0.0      0.0
    19     1    25    11    26    19     0     1    -7.0   26.168  122.139     77.4    984.0    290.7    289.4      0.0   1213.6     63.2      0.0      0.0
    20     1    25    11    26    19     0     1    -7.0   26.303  122.126    107.5    980.5    290.2    288.5      0.0   1188.8     65.9      0.0      0.0
    21     1    25    11    26    19     0     1    -7.0   25.537  121.999      0.0    991.9    292.2    291.5      0.0   1216.2     63.3      0.0      0.0
    22     1    25    11    26    19     0     1    -7.0   24.465  121.064    410.0    797.8    299.3    280.4      0.0     27.2     76.6   1445.1      0.0
    23     1    25    11    26    19     0     1    -7.0   25.770  121.973     36.8    988.7    290.8    289.9      0.0   1118.5     63.9      0.0      0.0
    24     1    25    11    26    19     0     1    -7.0   24.351  120.594      0.0    875.1    297.7    286.4      0.0     25.3     71.1   1112.8      0.0
    25     1    25    11    26    19     0     1    -7.0   26.591  122.237    132.2    977.6    290.1    288.2      0.0   1238.5     67.2      0.0      0.0
    26     1    25    11    26    19     0     1    -7.0   26.545  122.113     97.9    982.2    289.6    288.1      0.0   1335.9     67.4      0.0      0.0
    27     1    25    11    26    19     0     1    -7.0   26.594  122.285     76.0    984.1    290.4    289.1      0.0   1263.9     64.0      0.0      0.0
     1     1    25    11    26    18     0     0    -8.0   25.891  122.031      0.0   1021.0    291.3    293.0      0.0   1077.5     58.6      0.0      0.0
     2     1    25    11    26    18     0     0    -8.0   26.249  122.057      0.0   1021.0    290.7    292.4      0.0   1224.0     55.3      0.0      0.0
     3     1    25    11    26    18     0     0    -8.0   25.420  121.865      0.0   1019.0    292.5    294.1      0.0   1234.4     59.7      3.0      0.0
     4     1    25    11    26    18     0     0    -8.0   24.519  121.177    662.2    828.4    296.6    281.0      0.0     43.3     82.3   1110.7      0.0
     5     1    25    11    26    18     0     0    -8.0   25.383  121.886      0.0   1020.9    291.5    293.3      0.0   1058.8     61.3      0.0      0.0
     6     1    25    11    26    18     0     0    -8.0   24.428  120.589     97.6    885.3    297.4    287.1      0.0     15.2     68.2   1117.7      0.0
     7     1    25    11    26    18     0     0    -8.0   26.622  122.121      0.0   1021.0    290.6    292.4      0.0   1397.4     53.7      0.0      0.0
     8     1    25    11    26    18     0     0    -8.0   26.690  121.919      2.1   1023.0    289.1    291.0      0.0    990.2     62.9      0.0      0.0
     9     1    25    11    26    18     0     0    -8.0   26.529  122.165      0.0   1021.0    291.0    292.8      0.0   1360.5     53.3      0.0      0.0
    10     1    25    11    26    18     0     0    -8.0   25.891  122.031    250.0   1021.0    291.3    293.0      0.0   1077.6     58.6      0.0      0.0
    11     1    25    11    26    18     0     0    -8.0   26.249  122.057    250.0   1021.0    290.7    292.4      0.0   1224.0     55.3      0.0      0.0
    12     1    25    11    26    18     0     0    -8.0   25.420  121.865    250.0   1019.0    292.5    294.1      0.0   1234.4     59.7      3.0      0.0
    13     1    25    11    26    18     0     0    -8.0   24.519  121.177    901.1    828.4    296.6    281.0      0.0     43.3     82.3   1110.6      0.0
    14     1    25    11    26    18     0     0    -8.0   25.383  121.886    250.0   1020.9    291.5    293.3      0.0   1058.9     61.3      0.0      0.0
    15     1    25    11    26    18     0     0    -8.0   24.431  120.588    336.6    885.9    297.4    287.1      0.0     15.8     68.2   1112.3      0.0
    16     1    25    11    26    18     0     0    -8.0   26.620  122.119    250.0   1021.0    290.6    292.4      0.0   1394.5     53.7      0.0      0.0
    17     1    25    11    26    18     0     0    -8.0   26.689  121.919    250.0   1023.0    289.1    291.0      0.0    990.3     62.9      0.0      0.0
    18     1    25    11    26    18     0     0    -8.0   26.522  122.161    250.0   1021.0    291.0    292.8      0.0   1371.4     53.2      0.0      0.0
    19     1    25    11    26    18     0     0    -8.0   26.365  122.267    113.1    979.7    290.7    289.0      0.0   1419.6     62.5      0.0      0.0
    20     1    25    11    26    18     0     0    -8.0   26.500  122.217    124.1    978.4    290.2    288.4      0.0   1255.9     64.6      0.0      0.0
    21     1    25    11    26    18     0     0    -8.0   25.728  122.216      0.0    991.7    292.2    291.5      0.0   1198.0     60.6      0.0      0.0
    22     1    25    11    26    18     0     0    -8.0   24.447  121.099    444.2    793.4    299.8    280.5      0.0     24.5     73.7   1452.5      0.0
    23     1    25    11    26    18     0     0    -8.0   25.980  122.113     83.1    983.2    290.9    289.5      0.0   1259.8     62.7      0.0      0.0
    24     1    25    11    26    18     0     0    -8.0   24.385  120.574      0.0    880.1    297.8    286.9      0.0      9.6     71.6   1073.5      0.0
    25     1    25    11    26    18     0     0    -8.0   26.787  122.324    138.1    977.1    290.1    288.2      0.0   1352.0     64.3      0.0      0.0
    26     1    25    11    26    18     0     0    -8.0   26.745  122.171     36.8    990.3    289.7    288.9      0.0   1415.9     62.1      0.0      0.0
    27     1    25    11    26    18     0     0    -8.0   26.792  122.398     82.1    983.3    290.3    288.9      0.0   1115.8     64.5      0.0      0.0
     1     1    25    11    26    17     0     1    -9.0   26.070  122.200      0.0   1021.0    291.4    293.2      0.0   1322.3     54.8      0.0      0.0
     2     1    25    11    26    17     0     1    -9.0   26.417  122.165      0.0   1021.0    290.6    292.4      0.0   1207.3     55.6      0.0      0.0
     3     1    25    11    26    17     0     1    -9.0   25.535  122.096      0.0   1019.3    292.8    294.4      0.0   1296.0     55.3      0.0      0.0
     4     1    25    11    26    17     0     1    -9.0   24.490  121.261    764.2    838.0    296.4    281.7      0.0     33.5     82.5    912.5      0.0
     5     1    25    11    26    17     0     1    -9.0   25.568  122.065      0.4   1021.0    291.7    293.5      0.0   1262.1     57.5      0.0      0.0
     6     1    25    11    26    17     0     1    -9.0   24.458  120.584     99.1    891.5    297.7    288.0      0.0     26.4     64.0   1055.6      0.0
     7     1    25    11    26    17     0     1    -9.0   26.783  122.217      0.0   1022.1    290.5    292.3      0.0   1511.7     53.0      0.0      0.0
     8     1    25    11    26    17     0     1    -9.0   26.930  121.924      0.0   1023.0    288.5    290.4      0.0    976.0     63.6      0.0      0.0
     9     1    25    11    26    17     0     1    -9.0   26.705  122.297      0.0   1021.0    290.9    292.6      0.0   1384.8     54.2      0.0      0.0
    10     1    25    11    26    17     0     1    -9.0   26.070  122.200    250.0   1021.0    291.4    293.2      0.0   1322.3     54.8      0.0      0.0
    11     1    25    11    26    17     0     1    -9.0   26.417  122.165    250.0   1021.0    290.6    292.4      0.0   1207.2     55.6      0.0      0.0
    12     1    25    11    26    17     0     1    -9.0   25.535  122.096    250.0   1019.3    292.8    294.4      0.0   1296.1     55.3      0.0      0.0
    13     1    25    11    26    17     0     1    -9.0   24.490  121.261   1005.1    838.0    296.4    281.7      0.0     33.5     82.5    912.4      0.0
    14     1    25    11    26    17     0     1    -9.0   25.567  122.065    250.4   1021.0    291.7    293.5      0.0   1262.1     57.5      0.0      0.0
    15     1    25    11    26    17     0     1    -9.0   24.461  120.584    338.6    891.9    297.7    288.0      0.0     26.9     64.0   1051.5      0.0
    16     1    25    11    26    17     0     1    -9.0   26.780  122.215    250.0   1022.1    290.5    292.3      0.0   1511.0     53.0      0.0      0.0
    17     1    25    11    26    17     0     1    -9.0   26.929  121.924    250.0   1023.0    288.5    290.4      0.0    976.2     63.6      0.0      0.0
    18     1    25    11    26    17     0     1    -9.0   26.698  122.293    250.0   1021.0    290.9    292.7      0.0   1386.9     54.2      0.0      0.0
    19     1    25    11    26    17     0     1    -9.0   26.527  122.394    137.1    976.9    290.7    288.7      0.0   1490.5     62.8      0.0      0.0
    20     1    25    11    26    17     0     1    -9.0   26.661  122.309    116.5    979.9    290.3    288.6      0.0   1564.7     62.4      0.0      0.0
    21     1    25    11    26    17     0     1    -9.0   25.894  122.419      0.3    992.7    291.9    291.2      0.0   1317.9     62.5      0.0      0.0
    22     1    25    11    26    17     0     1    -9.0   24.417  121.122    473.1    785.2    300.6    280.5      0.0     27.0     71.4   1505.7      0.0
    23     1    25    11    26    17     0     1    -9.0   26.151  122.251    121.6    978.7    290.9    289.1      0.0   1561.7     62.1      0.0      0.0
    24     1    25    11    26    17     0     1    -9.0   24.406  120.551      0.0    889.9    297.9    288.0      0.0     19.1     67.4    978.3      0.0
    25     1    25    11    26    17     0     1    -9.0   26.952  122.402    125.3    979.1    290.1    288.4      0.0   1524.7     63.0      0.0      0.0
    26     1    25    11    26    17     0     1    -9.0   26.936  122.210      0.0    997.1    289.3    289.0      0.0   1236.6     62.9      0.0      0.0
    27     1    25    11    26    17     0     1    -9.0   26.962  122.510     96.7    981.7    290.3    288.8      0.0   1355.5     63.0      0.0      0.0
     1     1    25    11    26    16     0     2   -10.0   26.232  122.374      0.4   1020.9    291.5    293.2      0.0   1483.7     54.5      0.0      0.0
     2     1    25    11    26    16     0     2   -10.0   26.563  122.284      0.0   1021.8    290.6    292.4      0.0   1511.8     53.7      0.0      0.0
     3     1    25    11    26    16     0     2   -10.0   25.660  122.323      0.0   1020.3    292.8    294.5      0.0   1284.8     54.1      0.0      0.0
     4     1    25    11    26    16     0     2   -10.0   24.464  121.360    798.9    861.6    294.4    282.1      0.0     26.7     88.5    640.4      0.0
     5     1    25    11    26    16     0     2   -10.0   25.725  122.251      0.0   1020.9    291.9    293.6      0.0   1466.2     55.2      0.0      0.0
     6     1    25    11    26    16     0     2   -10.0   24.478  120.583    105.8    894.1    298.2    288.7      0.0     33.6     60.4   1023.1      0.0
     7     1    25    11    26    16     0     2   -10.0   26.930  122.317      0.0   1022.5    290.4    292.2      0.0   1546.1     52.8      0.0      0.0
     8     1    25    11    26    16     0     2   -10.0   27.129  121.937      0.0   1022.9    288.3    290.2      0.0   1018.9     61.8      0.0      0.0
     9     1    25    11    26    16     0     2   -10.0   26.855  122.437      0.0   1020.9    290.9    292.6      0.0   1451.0     53.8      0.0      0.0
    10     1    25    11    26    16     0     2   -10.0   26.232  122.374    250.4   1020.9    291.5    293.2      0.0   1483.7     54.5      0.0      0.0
    11     1    25    11    26    16     0     2   -10.0   26.562  122.284    250.0   1021.8    290.6    292.4      0.0   1511.8     53.7      0.0      0.0
    12     1    25    11    26    16     0     2   -10.0   25.659  122.323    250.0   1020.3    292.8    294.5      0.0   1284.6     54.1      0.0      0.0
    13     1    25    11    26    16     0     2   -10.0   24.464  121.360   1042.5    861.6    294.4    282.1      0.0     26.7     88.5    640.3      0.0
    14     1    25    11    26    16     0     2   -10.0   25.725  122.251    250.0   1020.9    291.9    293.6      0.0   1466.2     55.2      0.0      0.0
    15     1    25    11    26    16     0     2   -10.0   24.481  120.584    345.7    894.4    298.2    288.7      0.0     33.9     60.4   1020.3      0.0
    16     1    25    11    26    16     0     2   -10.0   26.928  122.316    250.0   1022.5    290.4    292.2      0.0   1547.9     52.8      0.0      0.0
    17     1    25    11    26    16     0     2   -10.0   27.128  121.937    250.0   1022.9    288.3    290.2      0.0   1019.3     61.8      0.0      0.0
    18     1    25    11    26    16     0     2   -10.0   26.849  122.434    250.0   1020.9    290.9    292.7      0.0   1454.1     53.8      0.0      0.0
    19     1    25    11    26    16     0     2   -10.0   26.669  122.534    157.1    974.6    290.5    288.4      0.0   1523.9     64.5      0.0      0.0
    20     1    25    11    26    16     0     2   -10.0   26.803  122.409     89.9    983.5    290.1    288.8      0.0   1457.4     62.5      0.0      0.0
    21     1    25    11    26    16     0     2   -10.0   26.039  122.631      0.0    993.0    292.0    291.5      0.0   1500.3     59.3      0.0      0.0
    22     1    25    11    26    16     0     2   -10.0   24.376  121.134    482.3    779.4    301.5    280.8      0.0     36.6     68.7   1555.4      0.0
    23     1    25    11    26    16     0     2   -10.0   26.301  122.399    150.3    975.4    290.7    288.6      0.0   1536.6     64.3      0.0      0.0
    24     1    25    11    26    16     0     2   -10.0   24.412  120.530      0.0    900.1    298.1    289.1      0.0     30.2     63.2    878.3      0.0
    25     1    25    11    26    16     0     2   -10.0   27.098  122.487    107.6    981.8    290.0    288.5      0.0   1446.1     63.1      0.0      0.0
    26     1    25    11    26    16     0     2   -10.0   27.105  122.251      0.0    996.0    289.2    288.8      0.0   1283.4     63.4      0.0      0.0
    27     1    25    11    26    16     0     2   -10.0   27.107  122.632     89.3    983.4    290.4    289.0      0.0   1531.7     62.3      0.0      0.0
     1     1    25    11    26    15     0     3   -11.0   26.382  122.555      4.3   1020.9    291.3    293.1      0.0   1512.9     54.8      0.0      0.0
     2     1    25    11    26    15     0     3   -11.0   26.697  122.412      0.0   1022.9    290.3    292.2      0.0   1458.7     55.2      0.0      0.0
     3     1    25    11    26    15     0     3   -11.0   25.779  122.562      0.6   1020.9    292.7    294.5      0.0   1605.4     52.5      0.0      0.0
     4     1    25    11    26    15     0     3   -11.0   24.442  121.481    744.2    896.3    293.0    284.0      0.0    442.6     86.0    364.0      0.0
     5     1    25    11    26    15     0     3   -11.0   25.874  122.449      0.0   1020.9    291.9    293.6      0.0   1638.2     54.9      0.0      0.0
     6     1    25    11    26    15     0     3   -11.0   24.488  120.585    117.2    893.6    298.9    289.3      0.0     37.5     56.9   1015.5      0.0
     7     1    25    11    26    15     0     3   -11.0   27.064  122.426      2.0   1022.9    290.2    292.1      0.0   1453.7     54.0      0.0      0.0
     8     1    25    11    26    15     0     3   -11.0   27.308  121.946      0.0   1022.9    288.1    289.9      0.0    957.6     61.7      0.0      0.0
     9     1    25    11    26    15     0     3   -11.0   26.984  122.589      0.1   1021.6    290.8    292.6      0.0   1569.0     54.1      0.0      0.0
    10     1    25    11    26    15     0     3   -11.0   26.382  122.555    254.3   1020.9    291.3    293.1      0.0   1512.9     54.8      0.0      0.0
    11     1    25    11    26    15     0     3   -11.0   26.697  122.412    250.0   1022.9    290.3    292.2      0.0   1458.7     55.2      0.0      0.0
    12     1    25    11    26    15     0     3   -11.0   25.779  122.562    250.6   1020.9    292.7    294.5      0.0   1605.3     52.5      0.0      0.0
    13     1    25    11    26    15     0     3   -11.0   24.442  121.481    990.6    896.3    293.0    284.0      0.0    442.7     86.0    363.9      0.0
    14     1    25    11    26    15     0     3   -11.0   25.874  122.449    250.0   1020.9    291.9    293.6      0.0   1638.2     54.9      0.0      0.0
    15     1    25    11    26    15     0     3   -11.0   24.491  120.585    357.3    893.8    298.8    289.3      0.0     37.7     56.9   1013.6      0.0
    16     1    25    11    26    15     0     3   -11.0   27.061  122.425    252.0   1022.9    290.2    292.1      0.0   1454.9     54.0      0.0      0.0
    17     1    25    11    26    15     0     3   -11.0   27.308  121.946    250.0   1022.9    288.1    289.9      0.0    958.3     61.7      0.0      0.0
    18     1    25    11    26    15     0     3   -11.0   26.977  122.587    250.1   1021.5    290.9    292.6      0.0   1572.2     54.0      0.0      0.0
    19     1    25    11    26    15     0     3   -11.0   26.799  122.690    162.4    974.8    290.4    288.3      0.0   1431.1     66.3      0.0      0.0
    20     1    25    11    26    15     0     3   -11.0   26.930  122.519     61.9    987.3    290.0    288.9      0.0   1345.7     62.8      0.0      0.0
    21     1    25    11    26    15     0     3   -11.0   26.166  122.860      0.0    995.4    292.2    291.8      0.0   1683.7     58.1      0.0      0.0
    22     1    25    11    26    15     0     3   -11.0   24.332  121.139    482.0    775.3    302.3    281.1      0.0     50.8     65.9   1598.2      0.0
    23     1    25    11    26    15     0     3   -11.0   26.437  122.565    158.2    974.5    290.6    288.4      0.0   1442.3     65.7      0.0      0.0
    24     1    25    11    26    15     0     3   -11.0   24.399  120.508      0.0    908.8    298.2    290.0      0.0     38.4     59.6    796.8      0.0
    25     1    25    11    26    15     0     3   -11.0   27.226  122.583     86.5    984.5    289.9    288.6      0.0   1347.6     63.2      0.0      0.0
    26     1    25    11    26    15     0     3   -11.0   27.247  122.301      0.0    996.2    289.2    288.9      0.0   1262.4     62.4      0.0      0.0
    27     1    25    11    26    15     0     3   -11.0   27.239  122.766     68.0    986.7    290.1    289.0      0.0   1412.1     63.0      0.0      0.0
     1     1    25    11    26    14     0     2   -12.0   26.520  122.747     10.1   1021.1    291.0    292.8      0.0   1483.5     55.0      0.0     39.3
     2     1    25    11    26    14     0     2   -12.0   26.819  122.553      0.0   1022.8    290.2    292.1      0.0   1399.0     55.0      0.0     39.3
     3     1    25    11    26    14     0     2   -12.0   25.891  122.810      4.6   1020.8    292.5    294.3      0.0   1690.8     52.9      0.0     39.3
     4     1    25    11    26    14     0     2   -12.0   24.440  121.609    664.1    934.9    292.8    287.2      0.0   1099.3     74.4     88.6     15.0
     5     1    25    11    26    14     0     2   -12.0   26.018  122.659      0.5   1020.8    291.5    293.3      0.0   1571.0     54.5      0.0     39.3
     6     1    25    11    26    14     0     2   -12.0   24.491  120.587    130.6    891.2    299.2    289.4      0.0     37.9     57.7   1022.7     40.4
     7     1    25    11    26    14     0     2   -12.0   27.186  122.543      5.3   1022.8    290.0    291.9      0.0   1385.3     54.7      0.0     39.3
     8     1    25    11    26    14     0     2   -12.0   27.484  121.951      3.1   1023.3    287.5    289.4      0.0    861.8     61.9      0.0     39.3
     9     1    25    11    26    14     0     2   -12.0   27.105  122.752      0.2   1022.5    290.5    292.3      0.0   1465.2     54.9      0.0     39.3
    10     1    25    11    26    14     0     2   -12.0   26.520  122.747    260.1   1021.1    291.0    292.8      0.0   1483.5     55.0      0.0     39.3
    11     1    25    11    26    14     0     2   -12.0   26.819  122.553    250.0   1022.8    290.2    292.1      0.0   1399.0     55.0      0.0     39.3
    12     1    25    11    26    14     0     2   -12.0   25.891  122.810    254.6   1020.8    292.5    294.3      0.0   1690.8     52.9      0.0     39.3
    13     1    25    11    26    14     0     2   -12.0   24.440  121.609    913.2    934.9    292.8    287.2      0.0   1099.5     74.4     88.5     15.0
    14     1    25    11    26    14     0     2   -12.0   26.018  122.659    250.5   1020.8    291.5    293.3      0.0   1571.1     54.5      0.0     39.3
    15     1    25    11    26    14     0     2   -12.0   24.494  120.588    370.6    891.4    299.2    289.4      0.0     38.0     57.7   1021.3     40.4
    16     1    25    11    26    14     0     2   -12.0   27.184  122.543    255.2   1022.8    290.0    291.9      0.0   1385.9     54.7      0.0     39.3
    17     1    25    11    26    14     0     2   -12.0   27.484  121.951    253.1   1023.3    287.5    289.4      0.0    862.4     61.9      0.0     39.3
    18     1    25    11    26    14     0     2   -12.0   27.098  122.750    250.3   1022.5    290.5    292.3      0.0   1467.8     54.9      0.0     39.3
    19     1    25    11    26    14     0     2   -12.0   26.917  122.861    172.7    973.5    290.2    287.9      0.0   1413.7     66.3      0.0     39.3
    20     1    25    11    26    14     0     2   -12.0   27.043  122.649     38.4    990.0    289.8    288.9      0.0   1367.2     61.5      0.0     39.3
    21     1    25    11    26    14     0     2   -12.0   26.287  123.104      0.0    993.7    291.8    291.3      0.0   1637.8     58.5      0.0     39.3
    22     1    25    11    26    14     0     2   -12.0   24.290  121.132    479.8    769.7    302.8    280.9      0.0     75.7     66.5   1659.5     13.2
    23     1    25    11    26    14     0     2   -12.0   26.560  122.745    170.2    973.5    290.3    288.1      0.0   1413.3     66.0      0.0     39.3
    24     1    25    11    26    14     0     2   -12.0   24.370  120.489      0.0    917.9    298.0    290.7      0.0     40.1     58.8    690.2     39.9
    25     1    25    11    26    14     0     2   -12.0   27.341  122.693     59.6    987.5    289.7    288.7      0.0   1358.9     62.2      0.0     39.3
    26     1    25    11    26    14     0     2   -12.0   27.373  122.364      0.0    995.1    289.0    288.6      0.0   1225.0     62.9      0.0     39.3
    27     1    25    11    26    14     0     2   -12.0   27.355  122.917     50.4    988.6    290.0    289.0      0.0   1389.4     62.4      0.0     39.3
