    10     1
    GFSQ    26     1     2     0     0
    GFSQ    26     1     3     0     0
    GFSQ    26     1     4     0     0
    GFSQ    26     1     5     0     0
    GFSQ    26     1     6     0     0
    GFSQ    26     1     7     0     0
    GFSQ    26     1     8     0     0
    GFSQ    26     1     9     0     0
    GFSQ    26     1    10     0     0
    GFSQ    26     1    11     0     0
    27 BACKWARD OMEGA   
    26     1    10     9   22.711  120.310    10.0
    26     1    10     9   22.711  120.310    10.0
    26     1    10     9   22.711  120.310    10.0
    26     1    10     9   22.711  120.310    10.0
    26     1    10     9   22.711  120.310    10.0
    26     1    10     9   22.711  120.310    10.0
    26     1    10     9   22.711  120.310    10.0
    26     1    10     9   22.711  120.310    10.0
    26     1    10     9   22.711  120.310    10.0
    26     1    10     9   22.711  120.310    10.0
    26     1    10     9   22.711  120.310    10.0
    26     1    10     9   22.711  120.310    10.0
    26     1    10     9   22.711  120.310    10.0
    26     1    10     9   22.711  120.310    10.0
    26     1    10     9   22.711  120.310    10.0
    26     1    10     9   22.711  120.310    10.0
    26     1    10     9   22.711  120.310    10.0
    26     1    10     9   22.711  120.310    10.0
    26     1    10     9   22.711  120.310    10.0
    26     1    10     9   22.711  120.310    10.0
    26     1    10     9   22.711  120.310    10.0
    26     1    10     9   22.711  120.310    10.0
    26     1    10     9   22.711  120.310    10.0
    26     1    10     9   22.711  120.310    10.0
    26     1    10     9   22.711  120.310    10.0
    26     1    10     9   22.711  120.310    10.0
    26     1    10     9   22.711  120.310    10.0
     8 PRESSURE THETA    AIR_TEMP RAINFALL MIXDEPTH RELHUMID TERR_MSL SUN_FLUX
     1     1    26     1    10     9     0     3     0.0   22.711  120.310     10.0   1013.9    292.0    293.1      0.0    718.4     49.8     34.8     79.5
     2     1    26     1    10     9     0     3     0.0   22.711  120.310     10.0   1011.2    291.6    292.5      0.0    625.1     51.2     51.7    109.0
     3     1    26     1    10     9     0     3     0.0   22.711  120.310     10.0   1015.4    291.9    293.2      0.0    746.0     56.9     11.2     66.7
     4     1    26     1    10     9     0     3     0.0   22.711  120.310     10.0    982.4    292.7    291.1      0.0    517.1     55.4    288.6     90.2
     5     1    26     1    10     9     0     3     0.0   22.711  120.310     10.0    972.8    292.2    289.8      0.0    211.1     59.4    381.9    122.2
     6     1    26     1    10     9     0     3     0.0   22.711  120.310     10.0    994.4    292.4    291.9      0.0    580.1     59.3    194.3     67.7
     7     1    26     1    10     9     0     3     0.0   22.711  120.310     10.0   1017.8    290.8    292.3      0.0    805.0     61.2      4.7     99.3
     8     1    26     1    10     9     0     3     0.0   22.711  120.310     10.0   1017.7    290.4    291.9      0.0    779.9     60.7      5.6    126.0
     9     1    26     1    10     9     0     3     0.0   22.711  120.310     10.0   1016.6    291.0    292.4      0.0    834.2     64.5      0.0     73.5
    10     1    26     1    10     9     0     3     0.0   22.711  120.310     10.0   1013.9    292.0    293.1      0.0    718.4     49.8     34.8     79.5
    11     1    26     1    10     9     0     3     0.0   22.711  120.310     10.0   1011.2    291.6    292.5      0.0    625.1     51.2     51.7    109.0
    12     1    26     1    10     9     0     3     0.0   22.711  120.310     10.0   1015.4    291.9    293.2      0.0    746.0     56.9     11.2     66.7
    13     1    26     1    10     9     0     3     0.0   22.711  120.310     10.0    982.4    292.7    291.1      0.0    517.1     55.4    288.6     90.2
    14     1    26     1    10     9     0     3     0.0   22.711  120.310     10.0    972.8    292.2    289.8      0.0    211.1     59.4    381.9    122.2
    15     1    26     1    10     9     0     3     0.0   22.711  120.310     10.0    994.4    292.4    291.9      0.0    580.1     59.3    194.3     67.7
    16     1    26     1    10     9     0     3     0.0   22.711  120.310     10.0   1017.8    290.8    292.3      0.0    805.0     61.2      4.7     99.3
    17     1    26     1    10     9     0     3     0.0   22.711  120.310     10.0   1017.7    290.4    291.9      0.0    779.9     60.7      5.6    126.0
    18     1    26     1    10     9     0     3     0.0   22.711  120.310     10.0   1016.6    291.0    292.4      0.0    834.2     64.5      0.0     73.5
    19     1    26     1    10     9     0     3     0.0   22.711  120.310     10.0    984.8    291.9    290.6      0.0    718.4     55.3     34.8     79.5
    20     1    26     1    10     9     0     3     0.0   22.711  120.310     10.0    982.2    291.6    290.1      0.0    625.1     56.1     51.7    109.0
    21     1    26     1    10     9     0     3     0.0   22.711  120.310     10.0    986.2    291.7    290.5      0.0    746.0     63.4     11.2     66.7
    22     1    26     1    10     9     0     3     0.0   22.711  120.310     10.0    954.3    292.8    288.9      0.0    517.1     60.7    288.6     90.2
    23     1    26     1    10     9     0     3     0.0   22.711  120.310     10.0    945.0    292.8    288.0      0.0    211.1     61.7    381.9    122.2
    24     1    26     1    10     9     0     3     0.0   22.711  120.310     10.0    966.0    292.4    289.5      0.0    580.1     66.5    194.3     67.7
    25     1    26     1    10     9     0     3     0.0   22.711  120.310     10.0    988.5    290.6    289.6      0.0    805.0     67.5      4.7     99.3
    26     1    26     1    10     9     0     3     0.0   22.711  120.310     10.0    988.3    290.2    289.2      0.0    779.9     66.7      5.6    126.0
    27     1    26     1    10     9     0     3     0.0   22.711  120.310     10.0    987.3    290.8    289.7      0.0    834.2     71.4      0.0     73.5
     1     1    26     1    10     8     0     2    -1.0   22.855  120.281      7.0   1013.7    291.7    292.8      0.0    762.6     50.6     34.6    176.3
     2     1    26     1    10     8     0     2    -1.0   22.861  120.284      0.0   1012.1    291.5    292.5      0.0    824.4     49.9     50.6    236.0
     3     1    26     1    10     8     0     2    -1.0   22.837  120.283      7.4   1015.3    291.5    292.8      0.0    716.6     56.2     15.9    149.5
     4     1    26     1    10     8     0     2    -1.0   22.797  120.294      0.0    985.4    292.6    291.4      0.0    634.4     54.0    260.8    193.2
     5     1    26     1    10     8     0     2    -1.0   22.780  120.274      0.0    985.2    292.2    290.9      0.0    461.3     55.1    269.4    243.5
     6     1    26     1    10     8     0     2    -1.0   22.770  120.280      0.0   1000.5    292.4    292.4      0.0    710.4     56.6    141.8    143.6
     7     1    26     1    10     8     0     2    -1.0   22.974  120.313      7.9   1017.1    290.3    291.7      0.0    789.2     61.2      5.9    221.8
     8     1    26     1    10     8     0     2    -1.0   22.979  120.334      6.5   1017.4    290.0    291.4      0.0    818.5     59.0      7.9    298.9
     9     1    26     1    10     8     0     2    -1.0   22.950  120.298      9.7   1017.4    290.5    291.9      0.0    790.6     63.4      3.6    165.2
    10     1    26     1    10     8     0     2    -1.0   22.854  120.281    249.7   1013.7    291.7    292.8      0.0    762.4     50.6     34.6    176.1
    11     1    26     1    10     8     0     2    -1.0   22.861  120.284    249.5   1012.1    291.5    292.5      0.0    824.4     49.9     50.6    236.0
    12     1    26     1    10     8     0     2    -1.0   22.837  120.283    249.8   1015.3    291.5    292.8      0.0    716.6     56.2     15.9    149.5
    13     1    26     1    10     8     0     2    -1.0   22.796  120.294    247.4    985.4    292.7    291.4      0.0    635.1     54.0    260.8    193.0
    14     1    26     1    10     8     0     2    -1.0   22.780  120.274    247.3    985.2    292.2    290.9      0.0    461.3     55.1    269.4    243.5
    15     1    26     1    10     8     0     2    -1.0   22.770  120.280    248.6   1000.5    292.4    292.4      0.0    710.4     56.6    141.8    143.6
    16     1    26     1    10     8     0     2    -1.0   22.974  120.313    249.9   1017.1    290.3    291.7      0.0    789.2     61.2      5.9    221.8
    17     1    26     1    10     8     0     2    -1.0   22.979  120.334    249.9   1017.4    290.0    291.4      0.0    818.5     59.0      7.9    298.9
    18     1    26     1    10     8     0     2    -1.0   22.950  120.298    250.0   1017.4    290.5    291.9      0.0    790.6     63.4      3.6    165.2
    19     1    26     1    10     8     0     2    -1.0   22.901  120.298      0.0    985.1    291.6    290.3      0.0    764.8     55.9     43.0    187.1
    20     1    26     1    10     8     0     2    -1.0   22.937  120.298     14.5    980.8    291.2    289.6      0.0    809.4     57.4     70.9    257.2
    21     1    26     1    10     8     0     2    -1.0   22.850  120.295      9.4    985.8    291.4    290.2      0.0    718.2     62.2     20.0    149.6
    22     1    26     1    10     8     0     2    -1.0   22.831  120.298      0.0    956.6    292.7    289.0      0.0    599.7     59.5    289.6    204.2
    23     1    26     1    10     8     0     2    -1.0   22.830  120.262      0.0    962.1    292.2    288.9      0.0    471.7     58.1    249.6    251.6
    24     1    26     1    10     8     0     2    -1.0   22.787  120.299      0.0    968.3    292.4    289.7      0.0    690.0     64.5    198.8    149.1
    25     1    26     1    10     8     0     2    -1.0   22.996  120.333     19.2    986.5    290.1    289.0      0.0    798.0     66.2      7.8    224.7
    26     1    26     1    10     8     0     2    -1.0   23.011  120.357     69.8    981.1    289.8    288.2      0.0    829.3     66.3      9.6    304.5
    27     1    26     1    10     8     0     2    -1.0   22.961  120.313      9.5    988.1    290.3    289.3      0.0    785.1     69.3      5.0    164.6
     1     1    26     1    10     7     0     1    -2.0   22.987  120.233      0.0   1014.9    291.7    293.0      0.0    957.4     49.0     21.9    292.1
     2     1    26     1    10     7     0     1    -2.0   23.012  120.242      0.0   1016.7    291.3    292.7      0.0    991.2     49.2     21.6    402.1
     3     1    26     1    10     7     0     1    -2.0   22.972  120.228      0.7   1015.6    291.1    292.4      0.0    692.8     56.6     18.9    224.7
     4     1    26     1    10     7     0     1    -2.0   22.870  120.250      0.0   1001.2    292.3    292.4      0.0    829.5     50.9    117.9    295.6
     5     1    26     1    10     7     0     1    -2.0   22.843  120.226      0.0    993.7    292.3    291.8      0.0    783.5     50.9    192.9    363.7
     6     1    26     1    10     7     0     1    -2.0   22.843  120.215      0.0   1009.5    292.0    292.8      0.0    834.6     55.5     59.2    226.2
     7     1    26     1    10     7     0     1    -2.0   23.233  120.318      3.7   1017.1    289.8    291.2      0.0    862.5     60.3      6.4    430.0
     8     1    26     1    10     7     0     1    -2.0   23.236  120.360      4.5   1017.0    289.8    291.2      0.0    889.0     58.4      0.6    493.8
     9     1    26     1    10     7     0     1    -2.0   23.208  120.285      7.9   1017.0    289.9    291.3      0.0    777.1     64.0      3.3    316.5
    10     1    26     1    10     7     0     1    -2.0   22.987  120.233    249.8   1014.9    291.7    293.0      0.0    956.7     49.0     21.9    291.9
    11     1    26     1    10     7     0     1    -2.0   23.012  120.242    249.8   1016.7    291.3    292.7      0.0    991.2     49.2     21.6    402.1
    12     1    26     1    10     7     0     1    -2.0   22.972  120.228    249.8   1015.6    291.1    292.4      0.0    692.8     56.6     18.9    224.7
    13     1    26     1    10     7     0     1    -2.0   22.869  120.250    248.8   1001.2    292.3    292.4      0.0    829.8     50.9    117.7    295.2
    14     1    26     1    10     7     0     1    -2.0   22.843  120.226    248.1    993.7    292.3    291.8      0.0    783.5     50.9    192.9    363.7
    15     1    26     1    10     7     0     1    -2.0   22.843  120.215    249.4   1009.5    292.0    292.8      0.0    834.6     55.5     59.2    226.2
    16     1    26     1    10     7     0     1    -2.0   23.233  120.318    249.9   1017.1    289.8    291.2      0.0    862.5     60.3      6.4    430.0
    17     1    26     1    10     7     0     1    -2.0   23.236  120.360    250.0   1017.0    289.8    291.2      0.0    889.0     58.4      0.6    493.8
    18     1    26     1    10     7     0     1    -2.0   23.208  120.285    250.0   1017.0    289.9    291.3      0.0    777.1     64.0      3.3    316.5
    19     1    26     1    10     7     0     1    -2.0   23.082  120.261      0.0    988.1    291.4    290.4      0.0    981.3     54.1     31.3    328.4
    20     1    26     1    10     7     0     1    -2.0   23.145  120.283     25.7    982.3    290.8    289.3      0.0    969.4     58.2     39.5    440.8
    21     1    26     1    10     7     0     1    -2.0   23.000  120.253     14.9    985.5    291.0    289.8      0.0    691.1     62.1     24.1    223.5
    22     1    26     1    10     7     0     1    -2.0   22.931  120.249      0.0    974.9    292.1    290.0      0.0    808.9     55.4    133.3    321.8
    23     1    26     1    10     7     0     1    -2.0   22.932  120.212      0.0    967.9    292.1    289.4      0.0    778.0     55.9    230.1    380.1
    24     1    26     1    10     7     0     1    -2.0   22.875  120.249      0.0    984.0    292.0    290.6      0.0    863.9     60.2     71.1    229.9
    25     1    26     1    10     7     0     1    -2.0   23.269  120.354     71.5    980.6    289.8    288.1      0.0    892.2     66.8      9.0    434.6
    26     1    26     1    10     7     0     1    -2.0   23.285  120.404    160.4    970.2    289.5    287.0      0.0    905.1     69.1      0.0    493.7
    27     1    26     1    10     7     0     1    -2.0   23.225  120.313     24.3    985.7    289.8    288.6      0.0    800.3     68.7      5.9    318.7
     1     1    26     1    10     6     0     0    -3.0   23.133  120.178      0.0   1016.1    291.1    292.4      0.0   1015.1     52.4     16.7    474.3
     2     1    26     1    10     6     0     0    -3.0   23.193  120.202      0.0   1016.7    290.8    292.2      0.0   1056.6     53.1      4.3    588.9
     3     1    26     1    10     6     0     0    -3.0   23.119  120.162      0.0   1015.4    290.8    292.1      0.0    830.1     57.7     15.2    345.2
     4     1    26     1    10     6     0     0    -3.0   22.935  120.182      0.0   1003.2    292.4    292.7      0.0   1055.4     48.9    104.3    416.9
     5     1    26     1    10     6     0     0    -3.0   22.903  120.167      0.0    996.6    292.6    292.3      0.0   1040.5     47.8    174.0    480.6
     6     1    26     1    10     6     0     0    -3.0   22.929  120.128      0.0   1010.8    291.5    292.4      0.0    819.8     57.0     48.3    309.6
     7     1    26     1    10     6     0     0    -3.0   23.491  120.327      1.2   1016.7    289.5    290.9      0.0    928.6     60.9      0.3    603.3
     8     1    26     1    10     6     0     0    -3.0   23.490  120.389      4.4   1017.6    289.1    290.6      0.0    920.2     60.7      0.0    604.7
     9     1    26     1    10     6     0     0    -3.0   23.479  120.277      5.4   1016.7    289.3    290.7      0.0    867.5     63.7      2.5    563.0
    10     1    26     1    10     6     0     0    -3.0   23.132  120.178    249.8   1016.1    291.1    292.4      0.0   1014.9     52.4     16.7    474.0
    11     1    26     1    10     6     0     0    -3.0   23.193  120.202    250.0   1016.7    290.8    292.2      0.0   1056.6     53.1      4.3    588.9
    12     1    26     1    10     6     0     0    -3.0   23.119  120.162    249.8   1015.4    290.8    292.1      0.0    830.1     57.7     15.2    345.2
    13     1    26     1    10     6     0     0    -3.0   22.934  120.182    249.0   1003.2    292.4    292.7      0.0   1054.8     48.9    104.2    416.4
    14     1    26     1    10     6     0     0    -3.0   22.903  120.167    248.3    996.6    292.6    292.3      0.0   1040.5     47.8    174.0    480.6
    15     1    26     1    10     6     0     0    -3.0   22.929  120.128    249.5   1010.8    291.5    292.4      0.0    819.8     57.0     48.3    309.6
    16     1    26     1    10     6     0     0    -3.0   23.491  120.327    250.0   1016.7    289.5    290.9      0.0    928.6     60.9      0.3    603.3
    17     1    26     1    10     6     0     0    -3.0   23.490  120.389    250.0   1017.6    289.1    290.6      0.0    920.2     60.7      0.0    604.7
    18     1    26     1    10     6     0     0    -3.0   23.479  120.277    250.0   1016.7    289.3    290.7      0.0    867.5     63.7      2.5    563.0
    19     1    26     1    10     6     0     0    -3.0   23.260  120.212      0.0    990.5    290.8    290.0      0.0   1066.6     57.0     19.1    536.0
    20     1    26     1    10     6     0     0    -3.0   23.363  120.276     57.5    980.4    290.1    288.4      0.0   1052.6     63.4     13.2    604.3
    21     1    26     1    10     6     0     0    -3.0   23.149  120.194     28.6    983.8    290.7    289.4      0.0    885.5     62.4     18.2    353.9
    22     1    26     1    10     6     0     0    -3.0   23.013  120.180      0.0    976.8    292.2    290.2      0.0   1099.6     53.4    121.9    452.7
    23     1    26     1    10     6     0     0    -3.0   23.016  120.160      0.0    974.1    292.2    290.0      0.0   1014.1     53.5    201.5    510.5
    24     1    26     1    10     6     0     0    -3.0   22.968  120.169      0.0    982.9    291.5    290.0      0.0    888.9     62.1     62.9    317.0
    25     1    26     1    10     6     0     0    -3.0   23.528  120.380    150.1    971.2    289.4    287.0      0.0    975.0     70.8      0.0    604.7
    26     1    26     1    10     6     0     0    -3.0   23.551  120.459    220.9    963.2    288.8    285.8      0.0    894.9     74.9      0.0    603.4
    27     1    26     1    10     6     0     0    -3.0   23.489  120.315     80.2    979.1    289.4    287.6      0.0    912.2     70.1      6.1    560.1
     1     1    26     1    10     5     0     1    -4.0   23.305  120.139      0.0   1017.2    290.0    291.4      0.0    902.4     55.4     10.1    541.2
     2     1    26     1    10     5     0     1    -4.0   23.398  120.194      0.0   1017.6    289.6    291.1      0.0    921.5     56.9      0.0    568.3
     3     1    26     1    10     5     0     1    -4.0   23.281  120.115      0.0   1016.6    290.1    291.5      0.0    812.4     56.4     10.7    442.0
     4     1    26     1    10     5     0     1    -4.0   22.991  120.109      0.0   1007.7    291.8    292.4      0.0    955.6     47.3     78.4    427.8
     5     1    26     1    10     5     0     1    -4.0   22.963  120.104      0.0   1002.9    291.8    292.0      0.0    925.1     47.9    133.9    497.5
     6     1    26     1    10     5     0     1    -4.0   23.012  120.040      0.0   1013.8    290.7    291.9      0.0    652.7     55.0     34.1    288.5
     7     1    26     1    10     5     0     1    -4.0   23.746  120.356      0.8   1018.2    288.7    290.2      0.0    879.5     61.5      0.0    567.4
     8     1    26     1    10     5     0     1    -4.0   23.763  120.438      3.4   1017.8    288.2    289.6      0.0    751.1     63.8      0.0    563.4
     9     1    26     1    10     5     0     1    -4.0   23.739  120.291      4.2   1017.4    289.0    290.4      0.0    855.8     62.7      0.2    567.0
    10     1    26     1    10     5     0     1    -4.0   23.305  120.139    249.9   1017.2    290.0    291.4      0.0    902.3     55.4     10.1    541.2
    11     1    26     1    10     5     0     1    -4.0   23.398  120.194    250.0   1017.6    289.6    291.1      0.0    921.5     56.9      0.0    568.3
    12     1    26     1    10     5     0     1    -4.0   23.281  120.115    249.9   1016.6    290.1    291.5      0.0    812.4     56.4     10.7    442.0
    13     1    26     1    10     5     0     1    -4.0   22.990  120.109    249.2   1007.7    291.8    292.4      0.0    954.8     47.3     78.4    427.4
    14     1    26     1    10     5     0     1    -4.0   22.963  120.104    248.7   1002.9    291.8    292.0      0.0    925.1     47.9    133.9    497.5
    15     1    26     1    10     5     0     1    -4.0   23.012  120.040    249.7   1013.8    290.7    291.9      0.0    652.7     55.0     34.1    288.5
    16     1    26     1    10     5     0     1    -4.0   23.746  120.356    250.0   1018.2    288.7    290.2      0.0    879.5     61.5      0.0    567.4
    17     1    26     1    10     5     0     1    -4.0   23.763  120.438    250.0   1017.8    288.2    289.6      0.0    751.1     63.8      0.0    563.4
    18     1    26     1    10     5     0     1    -4.0   23.739  120.291    250.0   1017.4    289.0    290.4      0.0    855.8     62.7      0.2    567.0
    19     1    26     1    10     5     0     1    -4.0   23.453  120.188      3.8    988.7    289.8    288.8      0.0    951.9     61.3      3.3    561.3
    20     1    26     1    10     5     0     1    -4.0   23.594  120.297     78.9    978.8    289.0    287.2      0.0    873.6     67.7      8.2    566.1
    21     1    26     1    10     5     0     1    -4.0   23.302  120.149     27.9    985.0    290.0    288.8      0.0    850.1     61.3     13.9    443.4
    22     1    26     1    10     5     0     1    -4.0   23.080  120.114      0.0    980.9    291.4    289.8      0.0    948.6     53.5    104.9    457.9
    23     1    26     1    10     5     0     1    -4.0   23.105  120.107      0.0    982.6    291.2    289.7      0.0    957.6     54.1    117.9    533.5
    24     1    26     1    10     5     0     1    -4.0   23.048  120.088      0.0    983.7    290.8    289.4      0.0    752.6     60.7     50.3    318.1
    25     1    26     1    10     5     0     1    -4.0   23.785  120.426    192.2    967.2    288.5    285.8      0.0    872.3     74.0      0.0    566.9
    26     1    26     1    10     5     0     1    -4.0   23.847  120.534    203.1    965.5    288.3    285.4      0.0    740.6     75.2      3.2    562.5
    27     1    26     1    10     5     0     1    -4.0   23.735  120.337    151.9    971.5    288.9    286.6      0.0    886.8     72.3      0.5    566.8
     1     1    26     1    10     4     0     2    -5.0   23.483  120.135      0.0   1018.1    289.4    290.9      0.0    850.7     56.6      0.9    531.9
     2     1    26     1    10     4     0     2    -5.0   23.627  120.219      0.0   1018.3    288.6    290.1      0.0    804.0     60.8      0.0    528.9
     3     1    26     1    10     4     0     2    -5.0   23.438  120.096      0.0   1017.6    289.4    290.9      0.0    767.7     57.2      9.0    502.0
     4     1    26     1    10     4     0     2    -5.0   23.038  120.049      0.0   1012.3    290.8    291.8      0.0    794.5     46.4     53.3    436.0
     5     1    26     1    10     4     0     2    -5.0   23.023  120.055      0.0   1009.7    290.9    291.7      0.0    820.1     47.4     82.2    510.1
     6     1    26     1    10     4     0     2    -5.0   23.085  119.969      0.0   1016.4    290.0    291.4      0.0    601.3     52.7     20.5    310.4
     7     1    26     1    10     4     0     2    -5.0   24.021  120.415      0.0   1018.5    288.0    289.5      0.0    761.3     63.3      0.0    528.3
     8     1    26     1    10     4     0     2    -5.0   24.080  120.527      2.4   1018.6    287.8    289.3      0.0    749.1     63.3      1.7    528.2
     9     1    26     1    10     4     0     2    -5.0   23.988  120.333      3.6   1018.6    288.4    289.9      0.0    846.9     62.0      0.0    530.2
    10     1    26     1    10     4     0     2    -5.0   23.482  120.135    250.0   1018.1    289.4    290.9      0.0    850.6     56.6      0.9    531.8
    11     1    26     1    10     4     0     2    -5.0   23.627  120.219    250.0   1018.3    288.6    290.1      0.0    804.0     60.8      0.0    528.9
    12     1    26     1    10     4     0     2    -5.0   23.438  120.096    249.9   1017.6    289.4    290.9      0.0    767.7     57.2      9.0    502.0
    13     1    26     1    10     4     0     2    -5.0   23.037  120.049    249.5   1012.3    290.8    291.8      0.0    794.4     46.4     53.2    435.7
    14     1    26     1    10     4     0     2    -5.0   23.023  120.055    249.2   1009.7    290.9    291.7      0.0    820.1     47.4     82.2    510.1
    15     1    26     1    10     4     0     2    -5.0   23.085  119.969    249.8   1016.4    290.0    291.4      0.0    601.3     52.7     20.5    310.4
    16     1    26     1    10     4     0     2    -5.0   24.021  120.415    250.0   1018.5    288.0    289.5      0.0    761.3     63.3      0.0    528.3
    17     1    26     1    10     4     0     2    -5.0   24.080  120.527    250.0   1018.6    287.8    289.3      0.0    749.1     63.3      1.7    528.2
    18     1    26     1    10     4     0     2    -5.0   23.988  120.333    250.0   1018.6    288.4    289.9      0.0    846.9     62.0      0.0    530.2
    19     1    26     1    10     4     0     2    -5.0   23.653  120.201      4.7    989.4    288.8    288.0      0.0    865.0     64.5      0.0    531.7
    20     1    26     1    10     4     0     2    -5.0   23.873  120.353     61.4    981.6    288.4    286.8      0.0    743.2     67.7      9.6    528.0
    21     1    26     1    10     4     0     2    -5.0   23.449  120.132     47.5    983.6    289.4    288.0      0.0    782.4     63.1     12.3    501.4
    22     1    26     1    10     4     0     2    -5.0   23.139  120.061      0.0    984.0    290.5    289.2      0.0    805.0     53.4     76.2    471.6
    23     1    26     1    10     4     0     2    -5.0   23.196  120.069      0.0    987.1    290.3    289.2      0.0    868.6     55.1     61.6    528.8
    24     1    26     1    10     4     0     2    -5.0   23.111  120.021      0.0    987.1    290.0    289.0      0.0    643.6     57.6     31.1    329.1
    25     1    26     1    10     4     0     2    -5.0   24.080  120.504    168.3    970.3    287.9    285.5      0.0    738.3     75.1      0.4    527.4
    26     1    26     1    10     4     0     2    -5.0   24.177  120.652    221.0    964.0    287.9    284.9      0.0    745.9     75.3      4.2    528.2
    27     1    26     1    10     4     0     2    -5.0   23.973  120.385    171.6    970.1    288.3    285.8      0.0    852.2     73.3      0.0    530.4
     1     1    26     1    10     3     0     3    -6.0   23.664  120.155      0.0   1018.9    288.8    290.3      0.0    808.7     58.2      0.0    494.5
     2     1    26     1    10     3     0     3    -6.0   23.916  120.290      0.0   1018.5    288.0    289.5      0.0    729.3     62.0      3.8    492.8
     3     1    26     1    10     3     0     3    -6.0   23.583  120.102      0.0   1018.4    289.0    290.6      0.0    736.3     57.2      6.4    499.2
     4     1    26     1    10     3     0     3    -6.0   23.074  120.005      0.0   1016.5    289.8    291.2      0.0    626.6     45.4     26.8    445.5
     5     1    26     1    10     3     0     3    -6.0   23.075  120.025      0.0   1014.6    290.0    291.2      0.0    715.5     47.2     41.9    501.3
     6     1    26     1    10     3     0     3    -6.0   23.150  119.924      0.0   1017.5    289.4    290.8      0.0    549.0     51.7     16.3    359.5
     7     1    26     1    10     3     0     3    -6.0   24.334  120.512      0.0   1018.9    287.6    289.2      0.0    752.4     63.4      0.8    492.8
     8     1    26     1    10     3     0     3    -6.0   24.390  120.654      1.7   1019.4    287.4    289.0      0.0    807.6     62.3      0.0    492.8
     9     1    26     1    10     3     0     3    -6.0   24.261  120.398      1.8   1018.9    287.8    289.4      0.0    767.9     62.9      0.0    492.8
    10     1    26     1    10     3     0     3    -6.0   23.663  120.155    250.0   1018.9    288.8    290.3      0.0    808.6     58.2      0.0    494.5
    11     1    26     1    10     3     0     3    -6.0   23.916  120.290    250.0   1018.5    288.0    289.5      0.0    729.3     62.0      3.8    492.8
    12     1    26     1    10     3     0     3    -6.0   23.583  120.102    249.9   1018.4    289.0    290.6      0.0    736.3     57.2      6.4    499.2
    13     1    26     1    10     3     0     3    -6.0   23.073  120.005    249.7   1016.5    289.8    291.2      0.0    626.2     45.4     26.7    445.2
    14     1    26     1    10     3     0     3    -6.0   23.075  120.025    249.6   1014.6    290.0    291.2      0.0    715.5     47.2     41.9    501.3
    15     1    26     1    10     3     0     3    -6.0   23.150  119.924    249.8   1017.5    289.4    290.8      0.0    549.0     51.7     16.3    359.5
    16     1    26     1    10     3     0     3    -6.0   24.334  120.512    250.0   1018.9    287.6    289.2      0.0    752.4     63.4      0.8    492.8
    17     1    26     1    10     3     0     3    -6.0   24.390  120.654    250.0   1019.4    287.4    289.0      0.0    807.6     62.3      0.0    492.8
    18     1    26     1    10     3     0     3    -6.0   24.261  120.398    250.0   1018.9    287.8    289.4      0.0    767.9     62.9      0.0    492.8
    19     1    26     1    10     3     0     3    -6.0   23.901  120.244      0.0    992.0    288.0    287.3      0.0    781.6     67.1      0.0    492.8
    20     1    26     1    10     3     0     3    -6.0   24.195  120.470     76.9    981.1    287.7    286.1      0.0    720.1     70.3      4.6    492.8
    21     1    26     1    10     3     0     3    -6.0   23.579  120.137     72.7    981.4    288.9    287.4      0.0    731.8     64.3      8.8    499.6
    22     1    26     1    10     3     0     3    -6.0   23.183  120.025      3.5    985.4    289.7    288.5      0.0    668.9     53.3     47.9    481.9
    23     1    26     1    10     3     0     3    -6.0   23.276  120.044      0.0    990.9    289.6    288.8      0.0    775.2     56.1     30.1    500.1
    24     1    26     1    10     3     0     3    -6.0   23.157  119.970      0.8    988.8    289.3    288.4      0.0    543.1     56.3     20.6    357.7
    25     1    26     1    10     3     0     3    -6.0   24.414  120.629    180.0    969.1    287.6    285.0      0.0    742.7     74.2      4.2    492.8
    26     1    26     1    10     3     0     3    -6.0   24.485  120.829    259.3    960.0    287.6    284.3      0.0    805.1     76.5      2.8    492.8
    27     1    26     1    10     3     0     3    -6.0   24.252  120.458    147.0    973.3    287.7    285.5      0.0    760.9     73.8      0.0    492.8
     1     1    26     1    10     2     0     2    -7.0   23.890  120.202      0.0   1018.9    288.0    289.6      0.0    757.0     61.8      0.0    335.1
     2     1    26     1    10     2     0     2    -7.0   24.214  120.406      0.1   1018.9    287.4    289.0      0.0    774.9     62.7      2.1    335.1
     3     1    26     1    10     2     0     2    -7.0   23.731  120.127      0.0   1018.7    288.5    290.0      0.0    693.0     58.2      0.9    338.0
     4     1    26     1    10     2     0     2    -7.0   23.115  119.982      0.0   1017.2    288.6    290.0      0.0    499.5     50.0     21.7    313.3
     5     1    26     1    10     2     0     2    -7.0   23.132  120.014      0.0   1016.3    288.8    290.1      0.0    585.8     51.3     24.2    340.6
     6     1    26     1    10     2     0     2    -7.0   23.210  119.905      0.0   1017.7    288.7    290.1      0.0    485.9     53.4     14.5    281.5
     7     1    26     1    10     2     0     2    -7.0   24.636  120.649      0.0   1019.4    287.1    288.7      0.0    825.1     61.8      0.0    335.1
     8     1    26     1    10     2     0     2    -7.0   24.669  120.812      1.3   1020.0    287.0    288.6      0.0    870.7     60.3      0.0    335.1
     9     1    26     1    10     2     0     2    -7.0   24.569  120.505      0.5   1019.1    287.4    289.0      0.0    772.7     63.5      0.3    335.1
    10     1    26     1    10     2     0     2    -7.0   23.889  120.202    250.0   1018.9    288.0    289.6      0.0    757.0     61.7      0.0    335.1
    11     1    26     1    10     2     0     2    -7.0   24.214  120.406    250.1   1018.9    287.4    289.0      0.0    774.9     62.7      2.1    335.1
    12     1    26     1    10     2     0     2    -7.0   23.731  120.127    250.0   1018.7    288.5    290.0      0.0    693.0     58.2      0.9    338.0
    13     1    26     1    10     2     0     2    -7.0   23.114  119.981    249.8   1017.2    288.6    290.0      0.0    499.2     50.0     21.7    313.1
    14     1    26     1    10     2     0     2    -7.0   23.132  120.014    249.8   1016.3    288.8    290.1      0.0    585.8     51.3     24.2    340.6
    15     1    26     1    10     2     0     2    -7.0   23.210  119.905    249.9   1017.7    288.7    290.1      0.0    485.9     53.4     14.5    281.5
    16     1    26     1    10     2     0     2    -7.0   24.636  120.649    250.0   1019.4    287.1    288.7      0.0    825.1     61.8      0.0    335.1
    17     1    26     1    10     2     0     2    -7.0   24.669  120.812    250.0   1020.0    287.0    288.6      0.0    870.7     60.3      0.0    335.1
    18     1    26     1    10     2     0     2    -7.0   24.569  120.505    250.0   1019.1    287.4    289.0      0.0    772.7     63.5      0.3    335.1
    19     1    26     1    10     2     0     2    -7.0   24.212  120.341      2.7    989.3    287.5    286.6      0.0    719.5     68.1      8.5    335.1
    20     1    26     1    10     2     0     2    -7.0   24.493  120.648     97.3    978.9    287.4    285.7      0.0    815.1     69.8      2.6    335.1
    21     1    26     1    10     2     0     2    -7.0   23.715  120.160     64.1    982.7    288.5    287.1      0.0    670.2     64.9      2.1    338.8
    22     1    26     1    10     2     0     2    -7.0   23.236  120.009     30.8    984.1    289.0    287.7      0.0    533.1     55.2     33.0    337.8
    23     1    26     1    10     2     0     2    -7.0   23.397  120.045      0.0    991.1    288.4    287.7      0.0    676.9     61.6     19.5    337.9
    24     1    26     1    10     2     0     2    -7.0   23.202  119.943      5.4    988.5    288.9    287.9      0.0    460.4     57.5     18.0    271.7
    25     1    26     1    10     2     0     2    -7.0   24.720  120.814    218.5    964.6    287.3    284.3      0.0    825.2     74.7      4.6    335.1
    26     1    26     1    10     2     0     2    -7.0   24.743  121.047    274.0    959.2    287.3    283.9      0.0    921.0     76.2      5.0    334.1
    27     1    26     1    10     2     0     2    -7.0   24.580  120.583    150.6    972.5    287.3    285.0      0.0    749.3     73.7      5.3    335.1
     1     1    26     1    10     1     0     1    -8.0   24.176  120.303      0.0   1018.5    287.4    288.9      0.0    742.7     63.5      4.9    177.5
     2     1    26     1    10     1     0     1    -8.0   24.490  120.564      0.0   1019.2    287.1    288.7      0.0    856.4     61.3      1.6    177.5
     3     1    26     1    10     1     0     1    -8.0   23.906  120.171      0.0   1018.4    287.9    289.4      0.0    649.7     60.5      0.0    178.2
     4     1    26     1    10     1     0     1    -8.0   23.175  119.980      0.0   1017.4    287.5    288.9      0.0    382.2     53.7     21.5    172.7
     5     1    26     1    10     1     0     1    -8.0   23.213  120.023      0.0   1015.9    287.7    289.0      0.0    458.9     55.6     21.6    180.2
     6     1    26     1    10     1     0     1    -8.0   23.280  119.910      0.0   1017.6    287.9    289.3      0.0    400.8     55.0     15.0    163.4
     7     1    26     1    10     1     0     1    -8.0   24.905  120.813      0.0   1019.8    286.8    288.4      0.0    874.6     60.1      0.0    177.5
     8     1    26     1    10     1     0     1    -8.0   24.903  120.988      0.9   1020.0    286.8    288.4      0.0    937.2     58.4      0.0    177.5
     9     1    26     1    10     1     0     1    -8.0   24.862  120.651      0.6   1019.5    286.9    288.5      0.0    838.2     61.6      0.0    177.5
    10     1    26     1    10     1     0     1    -8.0   24.175  120.302    250.0   1018.5    287.4    288.9      0.0    742.7     63.5      4.9    177.5
    11     1    26     1    10     1     0     1    -8.0   24.490  120.564    250.0   1019.2    287.1    288.7      0.0    856.4     61.3      1.6    177.5
    12     1    26     1    10     1     0     1    -8.0   23.906  120.171    250.0   1018.4    287.9    289.4      0.0    649.7     60.5      0.0    178.2
    13     1    26     1    10     1     0     1    -8.0   23.174  119.980    249.8   1017.4    287.5    288.9      0.0    381.9     53.7     21.5    172.6
    14     1    26     1    10     1     0     1    -8.0   23.213  120.023    249.8   1015.9    287.7    289.0      0.0    458.9     55.6     21.6    180.2
    15     1    26     1    10     1     0     1    -8.0   23.280  119.910    249.9   1017.6    287.9    289.3      0.0    400.8     55.0     15.0    163.4
    16     1    26     1    10     1     0     1    -8.0   24.905  120.813    250.0   1019.8    286.8    288.4      0.0    874.6     60.1      0.0    177.5
    17     1    26     1    10     1     0     1    -8.0   24.903  120.988    250.0   1020.0    286.8    288.4      0.0    937.2     58.4      0.0    177.5
    18     1    26     1    10     1     0     1    -8.0   24.862  120.651    250.1   1019.5    286.9    288.5      0.0    838.2     61.6      0.0    177.5
    19     1    26     1    10     1     0     1    -8.0   24.532  120.502     13.3    989.1    287.1    286.2      0.0    813.5     68.8      0.8    177.5
    20     1    26     1    10     1     0     1    -8.0   24.741  120.861    109.8    976.7    287.2    285.2      0.0    884.1     70.2     12.5    176.3
    21     1    26     1    10     1     0     1    -8.0   23.911  120.205     28.8    986.4    287.8    286.6      0.0    630.9     67.7      0.0    178.2
    22     1    26     1    10     1     0     1    -8.0   23.332  120.014     46.4    982.0    288.4    286.9      0.0    413.8     58.8     30.3    180.2
    23     1    26     1    10     1     0     1    -8.0   23.608  120.088      0.0    990.7    287.5    286.8      0.0    628.1     65.8     14.6    178.0
    24     1    26     1    10     1     0     1    -8.0   23.263  119.936     10.6    987.9    288.4    287.4      0.0    366.4     57.9     17.4    160.0
    25     1    26     1    10     1     0     1    -8.0   24.976  121.031    245.4    962.2    287.1    283.9      0.0    920.8     75.3      4.4    177.2
    26     1    26     1    10     1     0     1    -8.0   24.932  121.283    320.1    953.0    287.2    283.3      0.0    965.5     76.7      9.7    176.6
    27     1    26     1    10     1     0     1    -8.0   24.890  120.767    189.9    968.1    287.0    284.4      0.0    838.4     74.0      4.4    177.5
     1     1    26     1    10     0     0     0    -9.0   24.455  120.446      1.1   1019.0    286.9    288.4      0.0    818.1     63.3      3.3     19.8
     2     1    26     1    10     0     0     0    -9.0   24.725  120.740      0.0   1019.6    286.9    288.5      0.0    954.3     60.7      0.0     19.8
     3     1    26     1    10     0     0     0    -9.0   24.122  120.246      0.0   1018.6    287.4    288.9      0.0    669.8     63.1      0.0     19.8
     4     1    26     1    10     0     0     0    -9.0   23.253  119.994      0.0   1017.6    286.2    287.6      0.0    248.7     57.2     22.5     19.8
     5     1    26     1    10     0     0     0    -9.0   23.321  120.054      0.0   1014.1    286.9    288.0      0.0    362.2     59.7     31.8     19.8
     6     1    26     1    10     0     0     0    -9.0   23.361  119.932      0.0   1017.6    286.9    288.3      0.0    288.7     57.3     17.1     19.8
     7     1    26     1    10     0     0     0    -9.0   25.132  120.988      0.0   1019.6    286.6    288.2      0.0    935.2     58.5      0.0     19.8
     8     1    26     1    10     0     0     0    -9.0   25.089  121.162      0.9   1019.6    286.5    288.1      0.0    955.7     57.4      0.0     19.8
     9     1    26     1    10     0     0     0    -9.0   25.123  120.821      0.0   1019.6    286.6    288.2      0.0    882.6     60.1      0.0     19.8
    10     1    26     1    10     0     0     0    -9.0   24.454  120.445    251.1   1019.0    286.9    288.4      0.0    817.5     63.3      3.3     19.8
    11     1    26     1    10     0     0     0    -9.0   24.725  120.740    250.0   1019.6    286.9    288.5      0.0    954.3     60.7      0.0     19.8
    12     1    26     1    10     0     0     0    -9.0   24.122  120.246    250.0   1018.6    287.4    288.9      0.0    669.8     63.1      0.0     19.8
    13     1    26     1    10     0     0     0    -9.0   23.252  119.994    249.8   1017.6    286.2    287.6      0.0    248.6     57.2     22.6     19.8
    14     1    26     1    10     0     0     0    -9.0   23.321  120.054    249.7   1014.1    286.9    288.0      0.0    362.2     59.7     31.8     19.8
    15     1    26     1    10     0     0     0    -9.0   23.361  119.932    249.8   1017.6    286.9    288.3      0.0    288.7     57.3     17.1     19.8
    16     1    26     1    10     0     0     0    -9.0   25.132  120.988    250.0   1019.6    286.6    288.2      0.0    935.2     58.5      0.0     19.8
    17     1    26     1    10     0     0     0    -9.0   25.089  121.162    250.0   1019.6    286.5    288.1      0.0    955.7     57.4      0.0     19.8
    18     1    26     1    10     0     0     0    -9.0   25.123  120.821    250.0   1019.6    286.6    288.2      0.0    882.6     60.1      0.0     19.8
    19     1    26     1    10     0     0     0    -9.0   24.807  120.701     13.5    989.4    286.8    285.9      0.0    859.3     67.9      0.0     19.8
    20     1    26     1    10     0     0     0    -9.0   24.922  121.084    115.5    975.4    287.0    284.9      0.0    913.5     70.6     17.3     19.8
    21     1    26     1    10     0     0     0    -9.0   24.189  120.296      0.0    990.6    287.0    286.3      0.0    652.1     69.4      5.8     19.8
    22     1    26     1    10     0     0     0    -9.0   23.487  120.044     34.4    981.5    287.6    286.1      0.0    301.2     64.3     34.1     19.8
    23     1    26     1    10     0     0     0    -9.0   23.888  120.188      6.1    986.7    286.8    285.7      0.0    611.7     70.0     17.6     19.8
    24     1    26     1    10     0     0     0    -9.0   23.350  119.948     10.2    987.9    287.8    286.8      0.0    260.1     59.0     18.6     19.8
    25     1    26     1    10     0     0     0    -9.0   25.164  121.258    295.5    955.2    286.9    283.2      0.0    935.8     77.0      9.0     19.8
    26     1    26     1    10     0     0     0    -9.0   25.056  121.506    317.9    953.9    287.2    283.4      0.0   1104.0     76.6      2.2     19.7
    27     1    26     1    10     0     0     0    -9.0   25.154  120.983    224.8    964.7    286.8    283.9      0.0    909.8     74.6      0.0     19.8
     1     1    26     1     9    23     0     1   -10.0   24.695  120.606      0.0   1017.3    286.8    288.2      0.0    786.0     62.0     14.1     13.2
     2     1    26     1     9    23     0     1   -10.0   24.913  120.904      4.0   1018.2    286.7    288.2      0.0    892.9     59.9      5.1     13.2
     3     1    26     1     9    23     0     1   -10.0   24.363  120.354      0.0   1017.1    286.9    288.3      0.0    610.5     63.3      9.8     13.2
     4     1    26     1     9    23     0     1   -10.0   23.342  120.021      0.6   1014.5    286.2    287.4      0.0    235.8     58.8     35.4     13.2
     5     1    26     1     9    23     0     1   -10.0   23.448  120.101      0.0   1013.4    286.7    287.8      0.0    362.0     60.4     33.2     13.2
     6     1    26     1     9    23     0     1   -10.0   23.454  119.963      0.0   1017.0    286.3    287.7      0.0    260.9     58.3     19.9     13.2
     7     1    26     1     9    23     0     1   -10.0   25.312  121.147      0.4   1019.1    286.5    288.1      0.0    931.8     57.9      0.0     13.2
     8     1    26     1     9    23     0     1   -10.0   25.245  121.313      0.9   1019.4    286.4    287.9      0.0    918.9     56.2      0.0     13.2
     9     1    26     1     9    23     0     1   -10.0   25.341  120.987      0.0   1018.9    286.7    288.2      0.0    925.3     59.2      0.0     13.2
    10     1    26     1     9    23     0     1   -10.0   24.694  120.606    249.9   1017.2    286.8    288.2      0.0    785.7     62.0     14.2     13.2
    11     1    26     1     9    23     0     1   -10.0   24.913  120.904    253.9   1018.2    286.7    288.2      0.0    892.9     59.9      5.1     13.2
    12     1    26     1     9    23     0     1   -10.0   24.363  120.354    249.9   1017.1    286.9    288.3      0.0    610.5     63.3      9.8     13.2
    13     1    26     1     9    23     0     1   -10.0   23.341  120.020    250.3   1014.5    286.2    287.4      0.0    235.5     58.7     35.2     13.2
    14     1    26     1     9    23     0     1   -10.0   23.448  120.101    249.7   1013.4    286.7    287.8      0.0    362.0     60.4     33.2     13.2
    15     1    26     1     9    23     0     1   -10.0   23.454  119.963    249.8   1017.0    286.3    287.7      0.0    260.9     58.3     19.9     13.2
    16     1    26     1     9    23     0     1   -10.0   25.312  121.147    250.4   1019.1    286.5    288.1      0.0    931.8     57.9      0.0     13.2
    17     1    26     1     9    23     0     1   -10.0   25.245  121.313    250.0   1019.4    286.4    287.9      0.0    918.9     56.2      0.0     13.2
    18     1    26     1     9    23     0     1   -10.0   25.341  120.987    250.0   1018.9    286.7    288.2      0.0    925.3     59.2      0.0     13.2
    19     1    26     1     9    23     0     1   -10.0   25.020  120.899     14.3    986.9    286.9    285.9      0.0    795.8     67.7     12.9     13.2
    20     1    26     1     9    23     0     1   -10.0   25.050  121.279     57.9    982.4    287.3    285.8      0.0   1027.5     67.2     11.1     12.7
    21     1    26     1     9    23     0     1   -10.0   24.479  120.428     19.2    985.7    287.0    285.8      0.0    612.3     69.4     16.7     13.2
    22     1    26     1     9    23     0     1   -10.0   23.685  120.100     20.1    982.4    287.6    286.1      0.0    354.7     64.5     35.6     13.2
    23     1    26     1     9    23     0     1   -10.0   24.174  120.337     40.8    976.9    287.2    285.3      0.0    590.4     68.5     74.0     13.2
    24     1    26     1     9    23     0     1   -10.0   23.480  119.982      9.1    987.4    287.7    286.6      0.0    240.0     58.2     21.7     13.2
    25     1    26     1     9    23     0     1   -10.0   25.292  121.461    297.6    955.8    287.2    283.5      0.0   1061.2     76.0      0.0     13.2
    26     1    26     1     9    23     0     1   -10.0   25.138  121.684    309.7    950.1    287.2    283.0      0.0    900.7     76.4     39.5     11.5
    27     1    26     1     9    23     0     1   -10.0   25.351  121.191    274.2    957.0    286.9    283.3      0.0    829.9     76.1     10.7     13.2
     1     1    26     1     9    22     0     2   -11.0   24.885  120.754      0.0   1018.2    286.8    288.3      0.0    823.1     61.4      1.4      6.6
     2     1    26     1     9    22     0     2   -11.0   25.073  121.041      5.1   1018.6    286.7    288.3      0.0    945.6     58.5      0.0      6.6
     3     1    26     1     9    22     0     2   -11.0   24.568  120.470      1.5   1016.6    286.8    288.1      0.0    577.8     63.2     15.0      6.6
     4     1    26     1     9    22     0     2   -11.0   23.430  120.059      9.0   1010.8    286.2    287.1      0.0    209.8     60.0     57.1      6.6
     5     1    26     1     9    22     0     2   -11.0   23.570  120.155      2.8   1013.4    286.3    287.4      0.0    305.5     61.0     28.8      6.6
     6     1    26     1     9    22     0     2   -11.0   23.548  119.996      0.0   1016.3    285.8    287.1      0.0    217.7     59.0     18.6      6.6
     7     1    26     1     9    22     0     2   -11.0   25.468  121.276      0.3   1019.3    286.3    287.9      0.0    889.6     57.0      0.0      6.6
     8     1    26     1     9    22     0     2   -11.0   25.381  121.428      0.9   1019.2    286.3    287.8      0.0    905.7     55.6      0.0      6.6
     9     1    26     1     9    22     0     2   -11.0   25.517  121.123      0.6   1018.4    286.5    288.0      0.0    907.6     58.4      0.0      6.6
    10     1    26     1     9    22     0     2   -11.0   24.884  120.754    250.0   1018.2    286.8    288.3      0.0    823.2     61.4      1.2      6.6
    11     1    26     1     9    22     0     2   -11.0   25.073  121.041    255.1   1018.6    286.7    288.3      0.0    945.6     58.5      0.0      6.6
    12     1    26     1     9    22     0     2   -11.0   24.568  120.470    251.3   1016.6    286.8    288.1      0.0    577.8     63.2     15.0      6.6
    13     1    26     1     9    22     0     2   -11.0   23.429  120.059    258.4   1010.8    286.2    287.1      0.0    209.7     60.0     57.0      6.6
    14     1    26     1     9    22     0     2   -11.0   23.570  120.155    252.6   1013.4    286.3    287.4      0.0    305.5     61.0     28.8      6.6
    15     1    26     1     9    22     0     2   -11.0   23.548  119.996    249.8   1016.3    285.8    287.1      0.0    217.7     59.0     18.6      6.6
    16     1    26     1     9    22     0     2   -11.0   25.468  121.276    250.3   1019.3    286.3    287.9      0.0    889.6     57.0      0.0      6.6
    17     1    26     1     9    22     0     2   -11.0   25.381  121.428    250.0   1019.2    286.3    287.8      0.0    905.7     55.6      0.0      6.6
    18     1    26     1     9    22     0     2   -11.0   25.517  121.123    250.6   1018.4    286.5    288.0      0.0    907.6     58.4      0.0      6.6
    19     1    26     1     9    22     0     2   -11.0   25.181  121.066     10.1    987.2    286.9    285.9      0.0    837.9     66.8     13.4      6.6
    20     1    26     1     9    22     0     2   -11.0   25.142  121.426     39.0    981.1    287.2    285.6      0.0    864.8     66.9     36.4      5.8
    21     1    26     1     9    22     0     2   -11.0   24.729  120.576     36.8    979.5    287.2    285.5      0.0    586.7     68.5     51.1      6.6
    22     1    26     1     9    22     0     2   -11.0   23.881  120.173     25.7    982.2    287.5    286.0      0.0    310.3     63.3     26.8      6.6
    23     1    26     1     9    22     0     2   -11.0   24.394  120.486     47.0    977.3    287.0    285.2      0.0    548.6     69.1     60.5      6.6
    24     1    26     1     9    22     0     2   -11.0   23.646  120.037     26.6    981.1    288.1    286.5      0.0    215.9     59.6     43.2      6.6
    25     1    26     1     9    22     0     2   -11.0   25.385  121.617    265.0    956.1    287.1    283.4      0.0    903.1     74.9     25.9      6.0
    26     1    26     1     9    22     0     2   -11.0   25.190  121.820    321.8    950.2    287.2    283.0      0.0    976.2     75.9     22.1      6.1
    27     1    26     1     9    22     0     2   -11.0   25.493  121.366    299.2    954.8    287.0    283.2      0.0    980.9     76.7      2.0      6.6
     1     1    26     1     9    21     0     3   -12.0   25.042  120.871      0.7   1016.9    286.5    287.9      0.0    741.2     61.1      9.4      0.0
     2     1    26     1     9    21     0     3   -12.0   25.212  121.147      4.1   1018.4    286.6    288.1      0.0    899.8     57.5      0.0      0.0
     3     1    26     1     9    21     0     3   -12.0   24.730  120.587      9.2   1010.8    286.5    287.3      0.0    492.3     63.6     58.2      0.0
     4     1    26     1     9    21     0     3   -12.0   23.518  120.110     33.2   1005.4    286.2    286.7      0.0    164.0     60.3     76.8      0.0
     5     1    26     1     9    21     0     3   -12.0   23.666  120.210     14.9   1012.5    285.7    286.7      0.0    196.8     61.5     28.6      0.0
     6     1    26     1     9    21     0     3   -12.0   23.637  120.040      8.2   1011.7    285.8    286.7      0.0    184.4     60.4     47.2      0.0
     7     1    26     1     9    21     0     3   -12.0   25.606  121.369      0.3   1019.1    286.2    287.7      0.0    866.6     56.4      0.0      0.0
     8     1    26     1     9    21     0     3   -12.0   25.504  121.506      0.9   1019.7    286.1    287.7      0.0    882.7     55.3      0.0      0.0
     9     1    26     1     9    21     0     3   -12.0   25.673  121.229      0.6   1019.1    286.3    287.8      0.0    865.8     57.8      0.0      0.0
    10     1    26     1     9    21     0     3   -12.0   25.041  120.870    250.6   1016.9    286.5    287.9      0.0    741.2     61.2      9.4      0.0
    11     1    26     1     9    21     0     3   -12.0   25.212  121.147    254.1   1018.4    286.6    288.1      0.0    899.8     57.5      0.0      0.0
    12     1    26     1     9    21     0     3   -12.0   24.730  120.587    258.6   1010.8    286.5    287.3      0.0    492.3     63.6     58.2      0.0
    13     1    26     1     9    21     0     3   -12.0   23.516  120.110    282.3   1005.4    286.2    286.7      0.0    163.9     60.3     76.8      0.0
    14     1    26     1     9    21     0     3   -12.0   23.666  120.210    264.6   1012.5    285.7    286.7      0.0    196.8     61.5     28.6      0.0
    15     1    26     1     9    21     0     3   -12.0   23.637  120.040    257.7   1011.7    285.8    286.7      0.0    184.4     60.4     47.2      0.0
    16     1    26     1     9    21     0     3   -12.0   25.606  121.369    250.3   1019.1    286.2    287.7      0.0    866.6     56.4      0.0      0.0
    17     1    26     1     9    21     0     3   -12.0   25.504  121.506    250.0   1019.7    286.1    287.7      0.0    882.7     55.3      0.0      0.0
    18     1    26     1     9    21     0     3   -12.0   25.673  121.229    250.6   1019.1    286.3    287.8      0.0    865.8     57.8      0.0      0.0
    19     1    26     1     9    21     0     3   -12.0   25.309  121.199      0.0    991.8    287.1    286.4      0.0    968.8     64.4      0.0      0.0
    20     1    26     1     9    21     0     3   -12.0   25.211  121.535     41.1    982.5    287.2    285.8      0.0    951.5     65.9     16.5      0.0
    21     1    26     1     9    21     0     3   -12.0   24.920  120.709     31.5    980.7    287.0    285.4      0.0    548.0     68.6     40.7      0.0
    22     1    26     1     9    21     0     3   -12.0   24.048  120.250     68.0    977.6    287.7    285.8      0.0    194.7     61.1     23.6      0.0
    23     1    26     1     9    21     0     3   -12.0   24.563  120.616     40.8    978.7    287.0    285.2      0.0    473.9     68.0     55.2      0.0
    24     1    26     1     9    21     0     3   -12.0   23.812  120.107     65.6    973.4    288.5    286.3      0.0    184.9     59.4     64.6      0.0
    25     1    26     1     9    21     0     3   -12.0   25.452  121.735    259.7    956.5    287.1    283.5      0.0    900.2     74.7     21.7      0.0
    26     1    26     1     9    21     0     3   -12.0   25.227  121.918    304.0    953.5    287.3    283.5      0.0   1099.7     73.9      5.0      0.0
    27     1    26     1     9    21     0     3   -12.0   25.602  121.501    251.1    959.9    287.1    283.7      0.0    969.4     73.8      0.3      0.0