    10     1
    GFSQ    26     1     1     0     0
    GFSQ    26     1     2     0     0
    GFSQ    26     1     3     0     0
    GFSQ    26     1     4     0     0
    GFSQ    26     1     5     0     0
    GFSQ    26     1     6     0     0
    GFSQ    26     1     7     0     0
    GFSQ    26     1     8     0     0
    GFSQ    26     1     9     0     0
    GFSQ    26     1    10     0     0
    27 BACKWARD OMEGA   
    26     1     9    17   22.711  120.310    10.0
    26     1     9    17   22.711  120.310    10.0
    26     1     9    17   22.711  120.310    10.0
    26     1     9    17   22.711  120.310    10.0
    26     1     9    17   22.711  120.310    10.0
    26     1     9    17   22.711  120.310    10.0
    26     1     9    17   22.711  120.310    10.0
    26     1     9    17   22.711  120.310    10.0
    26     1     9    17   22.711  120.310    10.0
    26     1     9    17   22.711  120.310    10.0
    26     1     9    17   22.711  120.310    10.0
    26     1     9    17   22.711  120.310    10.0
    26     1     9    17   22.711  120.310    10.0
    26     1     9    17   22.711  120.310    10.0
    26     1     9    17   22.711  120.310    10.0
    26     1     9    17   22.711  120.310    10.0
    26     1     9    17   22.711  120.310    10.0
    26     1     9    17   22.711  120.310    10.0
    26     1     9    17   22.711  120.310    10.0
    26     1     9    17   22.711  120.310    10.0
    26     1     9    17   22.711  120.310    10.0
    26     1     9    17   22.711  120.310    10.0
    26     1     9    17   22.711  120.310    10.0
    26     1     9    17   22.711  120.310    10.0
    26     1     9    17   22.711  120.310    10.0
    26     1     9    17   22.711  120.310    10.0
    26     1     9    17   22.711  120.310    10.0
     8 PRESSURE THETA    AIR_TEMP RAINFALL MIXDEPTH RELHUMID TERR_MSL SUN_FLUX
     1     1    26     1     9    17     0     1     0.0   22.711  120.310     10.0   1015.1    287.8    289.1      0.0    240.2     55.8     34.8      0.0
     2     1    26     1     9    17     0     1     0.0   22.711  120.310     10.0   1012.6    286.5    287.6      0.0    164.1     58.5     51.7      0.0
     3     1    26     1     9    17     0     1     0.0   22.711  120.310     10.0   1016.5    289.7    291.1      0.0    478.8     58.7     11.2      0.0
     4     1    26     1     9    17     0     1     0.0   22.711  120.310     10.0    983.6    288.9    287.5      0.0     89.4     60.5    288.6      0.0
     5     1    26     1     9    17     0     1     0.0   22.711  120.310     10.0    973.1    288.0    285.7      0.0     26.9     64.5    381.9      0.0
     6     1    26     1     9    17     0     1     0.0   22.711  120.310     10.0    995.5    289.5    289.0      0.0    224.8     64.2    194.3      0.0
     7     1    26     1     9    17     0     1     0.0   22.711  120.310     10.0   1018.2    288.6    290.1      0.0    563.8     57.9      4.7      0.0
     8     1    26     1     9    17     0     1     0.0   22.711  120.310     10.0   1018.0    288.0    289.5      0.0    521.6     59.0      5.6      0.0
     9     1    26     1     9    17     0     1     0.0   22.711  120.310     10.0   1017.8    289.7    291.1      0.0    657.4     58.9      0.0      0.0
    10     1    26     1     9    17     0     1     0.0   22.711  120.310     10.0   1015.1    287.8    289.1      0.0    240.2     55.8     34.8      0.0
    11     1    26     1     9    17     0     1     0.0   22.711  120.310     10.0   1012.6    286.5    287.6      0.0    164.1     58.5     51.7      0.0
    12     1    26     1     9    17     0     1     0.0   22.711  120.310     10.0   1016.5    289.7    291.1      0.0    478.8     58.7     11.2      0.0
    13     1    26     1     9    17     0     1     0.0   22.711  120.310     10.0    983.6    288.9    287.5      0.0     89.4     60.5    288.6      0.0
    14     1    26     1     9    17     0     1     0.0   22.711  120.310     10.0    973.2    288.0    285.7      0.0     26.9     64.5    381.9      0.0
    15     1    26     1     9    17     0     1     0.0   22.711  120.310     10.0    995.5    289.5    289.0      0.0    224.8     64.2    194.3      0.0
    16     1    26     1     9    17     0     1     0.0   22.711  120.310     10.0   1018.2    288.6    290.1      0.0    563.8     57.9      4.7      0.0
    17     1    26     1     9    17     0     1     0.0   22.711  120.310     10.0   1018.0    288.0    289.5      0.0    521.6     59.0      5.6      0.0
    18     1    26     1     9    17     0     1     0.0   22.711  120.310     10.0   1017.8    289.7    291.1      0.0    657.4     58.9      0.0      0.0
    19     1    26     1     9    17     0     1     0.0   22.711  120.310     10.0    985.7    288.8    287.6      0.0    240.2     59.4     34.8      0.0
    20     1    26     1     9    17     0     1     0.0   22.711  120.310     10.0    983.1    288.4    287.0      0.0    164.1     57.8     51.7      0.0
    21     1    26     1     9    17     0     1     0.0   22.711  120.310     10.0    987.2    289.8    288.7      0.0    478.8     66.0     11.2      0.0
    22     1    26     1     9    17     0     1     0.0   22.711  120.310     10.0    955.2    290.6    286.8      0.0     89.4     61.8    288.6      0.0
    23     1    26     1     9    17     0     1     0.0   22.711  120.310     10.0    945.1    291.0    286.2      0.0     26.9     60.2    381.9      0.0
    24     1    26     1     9    17     0     1     0.0   22.711  120.310     10.0    966.8    290.4    287.6      0.0    224.8     68.5    194.3      0.0
    25     1    26     1     9    17     0     1     0.0   22.711  120.310     10.0    988.7    288.7    287.8      0.0    563.8     63.9      4.7      0.0
    26     1    26     1     9    17     0     1     0.0   22.711  120.310     10.0    988.4    288.3    287.3      0.0    521.6     64.0      5.6      0.0
    27     1    26     1     9    17     0     1     0.0   22.711  120.310     10.0    988.4    289.6    288.6      0.0    657.4     66.2      0.0      0.0
     1     1    26     1     9    16     0     2    -1.0   22.808  120.313     27.8   1012.2    287.5    288.5      0.0    217.3     55.3     43.2      0.0
     2     1    26     1     9    16     0     2    -1.0   22.793  120.328     29.4   1008.5    286.7    287.4      0.0    166.7     58.5     71.9      0.0
     3     1    26     1     9    16     0     2    -1.0   22.783  120.299     18.0   1015.6    289.5    290.8      0.0    455.6     56.1     14.3      0.0
     4     1    26     1     9    16     0     2    -1.0   22.747  120.311     88.0    972.7    289.7    287.3      0.0     84.5     59.0    303.8      0.0
     5     1    26     1     9    16     0     2    -1.0   22.740  120.321     87.3    958.8    289.7    286.1      0.0     20.8     61.2    436.2      0.0
     6     1    26     1     9    16     0     2    -1.0   22.753  120.318     85.9    981.9    290.0    288.5      0.0    209.5     65.0    237.9      0.0
     7     1    26     1     9    16     0     2    -1.0   22.860  120.350     11.0   1018.4    288.0    289.5      0.0    493.9     57.9      9.3      0.0
     8     1    26     1     9    16     0     2    -1.0   22.873  120.368     10.0   1018.4    287.5    289.0      0.0    463.4     59.2     11.1      0.0
     9     1    26     1     9    16     0     2    -1.0   22.828  120.327      9.5   1018.1    289.3    290.8      0.0    634.8     57.1      2.2      0.0
    10     1    26     1     9    16     0     2    -1.0   22.805  120.313    265.3   1013.6    287.5    288.6      0.0    217.6     55.3     43.2      0.0
    11     1    26     1     9    16     0     2    -1.0   22.789  120.327    269.7   1009.7    286.7    287.5      0.0    166.3     58.6     70.7      0.0
    12     1    26     1     9    16     0     2    -1.0   22.783  120.300    258.8   1016.5    289.6    290.9      0.0    455.4     56.0     14.3      0.0
    13     1    26     1     9    16     0     2    -1.0   22.747  120.311    330.7    973.0    289.6    287.3      0.0     84.4     59.0    305.9      0.0
    14     1    26     1     9    16     0     2    -1.0   22.740  120.322    329.7    958.6    289.7    286.1      0.0     20.9     61.2    441.6      0.0
    15     1    26     1     9    16     0     2    -1.0   22.752  120.318    327.3    982.3    290.0    288.5      0.0    208.9     65.1    240.0      0.0
    16     1    26     1     9    16     0     2    -1.0   22.860  120.350    250.9   1018.5    288.0    289.6      0.0    493.8     57.9      9.3      0.0
    17     1    26     1     9    16     0     2    -1.0   22.873  120.368    249.9   1018.4    287.5    289.0      0.0    463.4     59.2     11.1      0.0
    18     1    26     1     9    16     0     2    -1.0   22.828  120.327    250.0   1018.1    289.3    290.8      0.0    634.8     57.1      2.2      0.0
    19     1    26     1     9    16     0     2    -1.0   22.794  120.316     29.4    982.5    288.7    287.2      0.0    218.7     57.9     43.2      0.0
    20     1    26     1     9    16     0     2    -1.0   22.814  120.340     32.6    977.4    288.6    286.7      0.0    160.7     58.1     84.0      0.0
    21     1    26     1     9    16     0     2    -1.0   22.757  120.297      0.0    990.2    289.8    289.0      0.0    483.8     62.1     11.1      0.0
    22     1    26     1     9    16     0     2    -1.0   22.726  120.297      9.6    959.5    290.5    287.0      0.0    101.3     60.3    249.7      0.0
    23     1    26     1     9    16     0     2    -1.0   22.726  120.303      7.0    948.3    290.8    286.3      0.0     24.8     59.6    359.7      0.0
    24     1    26     1     9    16     0     2    -1.0   22.736  120.302      0.0    969.4    290.5    287.9      0.0    244.3     67.8    186.8      0.0
    25     1    26     1     9    16     0     2    -1.0   22.860  120.347     21.7    987.6    288.3    287.3      0.0    497.9     63.0      9.1      0.0
    26     1    26     1     9    16     0     2    -1.0   22.894  120.374     31.2    986.2    287.9    286.7      0.0    458.0     63.5     11.6      0.0
    27     1    26     1     9    16     0     2    -1.0   22.811  120.328      0.0    990.2    289.3    288.5      0.0    642.2     63.2      1.8      0.0
     1     1    26     1     9    15     0     3    -2.0   22.909  120.320     48.2   1008.9    287.4    288.1      0.0    206.2     56.2     52.9      0.0
     2     1    26     1     9    15     0     3    -2.0   22.881  120.356     58.0   1001.1    287.3    287.3      0.0    177.0     58.3    112.9      0.0
     3     1    26     1     9    15     0     3    -2.0   22.859  120.295     24.0   1014.7    289.2    290.4      0.0    427.4     54.3     21.0      0.0
     4     1    26     1     9    15     0     3    -2.0   22.773  120.301    118.0    972.0    289.8    287.3      0.0     87.9     58.3    280.2      0.0
     5     1    26     1     9    15     0     3    -2.0   22.758  120.320    111.0    956.0    290.0    286.1      0.0     18.6     60.7    442.6      0.0
     6     1    26     1     9    15     0     3    -2.0   22.779  120.309    119.6    979.6    290.3    288.5      0.0    250.3     65.2    223.3      0.0
     7     1    26     1     9    15     0     3    -2.0   23.011  120.396     11.8   1018.5    287.5    289.0      0.0    417.4     58.0     13.7      0.0
     8     1    26     1     9    15     0     3    -2.0   23.023  120.427     10.0   1018.5    287.2    288.7      0.0    433.7     58.0     15.1      0.0
     9     1    26     1     9    15     0     3    -2.0   22.964  120.363     10.4   1018.8    288.6    290.2      0.0    543.9     56.4      9.0      0.0
    10     1    26     1     9    15     0     3    -2.0   22.900  120.321    284.3   1010.5    287.4    288.2      0.0    208.2     55.9     52.5      0.0
    11     1    26     1     9    15     0     3    -2.0   22.872  120.353    298.0   1002.6    287.2    287.4      0.0    177.7     58.3    108.6      0.0
    12     1    26     1     9    15     0     3    -2.0   22.857  120.296    265.6   1015.6    289.2    290.5      0.0    428.6     54.2     21.0      0.0
    13     1    26     1     9    15     0     3    -2.0   22.773  120.302    362.9    971.9    289.8    287.3      0.0     87.6     58.3    283.3      0.0
    14     1    26     1     9    15     0     3    -2.0   22.758  120.321    355.0    955.6    290.0    286.1      0.0     18.6     60.7    448.3      0.0
    15     1    26     1     9    15     0     3    -2.0   22.779  120.310    365.2    979.3    290.3    288.5      0.0    248.7     65.3    227.7      0.0
    16     1    26     1     9    15     0     3    -2.0   23.010  120.396    251.5   1018.7    287.5    289.0      0.0    417.4     57.9     13.7      0.0
    17     1    26     1     9    15     0     3    -2.0   23.023  120.427    249.9   1018.5    287.2    288.7      0.0    433.7     58.0     15.1      0.0
    18     1    26     1     9    15     0     3    -2.0   22.964  120.363    250.8   1018.9    288.6    290.2      0.0    543.9     56.4      9.0      0.0
    19     1    26     1     9    15     0     3    -2.0   22.881  120.335     64.1    977.0    288.9    287.0      0.0    202.1     57.5     56.6      0.0
    20     1    26     1     9    15     0     3    -2.0   22.904  120.385     69.4    966.9    289.2    286.5      0.0    149.3     58.3    145.7      0.0
    21     1    26     1     9    15     0     3    -2.0   22.804  120.292      0.0    991.1    289.7    289.0      0.0    492.4     59.6     14.5      0.0
    22     1    26     1     9    15     0     3    -2.0   22.733  120.281      6.2    965.6    290.2    287.3      0.0    115.8     58.5    196.2      0.0
    23     1    26     1     9    15     0     3    -2.0   22.733  120.300     11.2    949.3    290.6    286.2      0.0     23.9     59.0    350.9      0.0
    24     1    26     1     9    15     0     3    -2.0   22.745  120.276      0.0    979.2    290.5    288.8      0.0    314.9     66.3    122.4      0.0
    25     1    26     1     9    15     0     3    -2.0   23.030  120.408     62.3    982.9    288.2    286.7      0.0    403.6     61.6     14.8      0.0
    26     1    26     1     9    15     0     3    -2.0   23.096  120.459     45.1    984.4    287.5    286.2      0.0    401.5     62.5     12.1      0.0
    27     1    26     1     9    15     0     3    -2.0   22.931  120.364      1.9    990.1    288.8    288.0      0.0    566.3     61.8      7.7      0.0
     1     1    26     1     9    14     0     2    -3.0   23.010  120.334     62.6   1005.5    287.6    288.1      0.0    207.6     56.2     68.7     19.6
     2     1    26     1     9    14     0     2    -3.0   22.980  120.396    100.5    988.3    288.3    287.3      0.0    173.9     57.6    183.5     15.7
     3     1    26     1     9    14     0     2    -3.0   22.948  120.300     36.5   1012.7    288.8    289.9      0.0    338.0     52.1     31.0     57.4
     4     1    26     1     9    14     0     2    -3.0   22.794  120.293    137.2    972.7    290.0    287.6      0.0     93.9     57.7    255.7     53.3
     5     1    26     1     9    14     0     2    -3.0   22.775  120.320    127.3    953.4    290.4    286.4      0.0     21.1     59.9    451.5     23.8
     6     1    26     1     9    14     0     2    -3.0   22.791  120.299    130.1    981.4    290.4    288.8      0.0    285.4     63.8    200.8     49.1
     7     1    26     1     9    14     0     2    -3.0   23.159  120.439     11.8   1018.3    287.5    289.0      0.0    437.7     56.3     17.7     17.4
     8     1    26     1     9    14     0     2    -3.0   23.172  120.482     10.0   1018.1    287.2    288.7      0.0    435.7     56.7      6.7     39.8
     9     1    26     1     9    14     0     2    -3.0   23.115  120.402     13.2   1018.4    288.3    289.8      0.0    462.8     55.2     14.2     35.3
    10     1    26     1     9    14     0     2    -3.0   22.996  120.334    300.2   1007.1    287.5    288.1      0.0    206.4     56.0     65.9     20.3
    11     1    26     1     9    14     0     2    -3.0   22.969  120.391    338.8    990.4    288.1    287.3      0.0    178.7     57.6    174.8     15.9
    12     1    26     1     9    14     0     2    -3.0   22.942  120.302    276.5   1013.8    288.9    290.0      0.0    343.1     52.1     30.8     57.3
    13     1    26     1     9    14     0     2    -3.0   22.794  120.294    383.3    972.5    290.0    287.6      0.0     93.5     57.7    259.4     53.4
    14     1    26     1     9    14     0     2    -3.0   22.775  120.321    371.8    953.0    290.5    286.4      0.0     21.1     59.9    456.6     23.8
    15     1    26     1     9    14     0     2    -3.0   22.791  120.302    378.1    980.6    290.4    288.7      0.0    282.8     64.0    207.3     49.2
    16     1    26     1     9    14     0     2    -3.0   23.156  120.439    251.5   1018.5    287.5    289.0      0.0    437.7     56.2     17.7     17.4
    17     1    26     1     9    14     0     2    -3.0   23.172  120.482    249.9   1018.1    287.2    288.7      0.0    435.7     56.7      6.8     39.8
    18     1    26     1     9    14     0     2    -3.0   23.114  120.402    253.1   1018.8    288.3    289.8      0.0    462.9     55.2     14.2     35.4
    19     1    26     1     9    14     0     2    -3.0   22.963  120.364     89.3    971.7    289.3    286.9      0.0    180.5     56.9     77.6     26.7
    20     1    26     1     9    14     0     2    -3.0   22.975  120.436    109.2    953.8    290.2    286.3      0.0    114.5     58.4    225.7     16.4
    21     1    26     1     9    14     0     2    -3.0   22.859  120.298      0.0    989.8    289.7    288.8      0.0    437.6     57.6     21.5     55.0
    22     1    26     1     9    14     0     2    -3.0   22.740  120.270      3.2    970.4    290.2    287.7      0.0    128.9     57.3    156.4     58.6
    23     1    26     1     9    14     0     2    -3.0   22.741  120.300     18.7    948.4    290.9    286.4      0.0     24.0     58.5    352.3     26.4
    24     1    26     1     9    14     0     2    -3.0   22.738  120.248      0.0    988.9    290.4    289.5      0.0    401.1     63.6     52.3     46.0
    25     1    26     1     9    14     0     2    -3.0   23.214  120.479     87.7    979.4    288.0    286.3      0.0    406.4     60.1     21.4     15.3
    26     1    26     1     9    14     0     2    -3.0   23.315  120.549     83.3    976.9    287.8    285.9      0.0    406.5     63.3     29.4     50.9
    27     1    26     1     9    14     0     2    -3.0   23.082  120.406     21.5    987.8    288.6    287.6      0.0    459.1     59.6     14.7     40.2
     1     1    26     1     9    13     0     1    -4.0   23.124  120.355     78.2    999.1    288.2    288.2      0.0    243.5     55.6    110.3     35.3
     2     1    26     1     9    13     0     1    -4.0   23.093  120.432    132.8    983.0    288.7    287.3      0.0    214.3     56.7    196.6     55.8
     3     1    26     1     9    13     0     1    -4.0   23.049  120.311     55.9   1009.4    288.8    289.6      0.0    283.4     50.8     42.2    101.9
     4     1    26     1     9    13     0     1    -4.0   22.818  120.292    152.2    970.5    290.3    287.7      0.0     94.5     57.4    262.4    100.3
     5     1    26     1     9    13     0     1    -4.0   22.801  120.320    139.4    950.9    290.9    286.6      0.0     23.5     59.1    465.3     45.8
     6     1    26     1     9    13     0     1    -4.0   22.794  120.301    136.5    980.6    290.5    288.8      0.0    315.1     63.6    205.9     98.6
     7     1    26     1     9    13     0     1    -4.0   23.319  120.475     11.8   1018.1    287.7    289.1      0.0    483.6     55.3     15.3     50.5
     8     1    26     1     9    13     0     1    -4.0   23.337  120.537     10.0   1016.3    287.5    288.8      0.0    475.4     57.0     20.6    102.5
     9     1    26     1     9    13     0     1    -4.0   23.268  120.435     13.9   1018.1    288.1    289.6      0.0    450.7     54.1     17.3     32.7
    10     1    26     1     9    13     0     1    -4.0   23.106  120.353    316.3   1001.1    288.2    288.2      0.0    242.0     55.4    103.9     36.1
    11     1    26     1     9    13     0     1    -4.0   23.083  120.427    371.5    984.3    288.6    287.3      0.0    213.3     56.7    195.4     53.0
    12     1    26     1     9    13     0     1    -4.0   23.039  120.313    294.1   1010.7    288.8    289.7      0.0    282.8     50.5     41.9    105.2
    13     1    26     1     9    13     0     1    -4.0   22.818  120.293    398.9    970.1    290.3    287.7      0.0     94.3     57.4    266.2    100.3
    14     1    26     1     9    13     0     1    -4.0   22.801  120.321    384.1    950.4    290.9    286.6      0.0     23.5     59.1    469.8     45.8
    15     1    26     1     9    13     0     1    -4.0   22.794  120.304    385.6    979.5    290.5    288.7      0.0    311.4     63.9    214.0     98.8
    16     1    26     1     9    13     0     1    -4.0   23.314  120.474    251.5   1018.3    287.7    289.2      0.0    484.3     55.2     15.6     49.3
    17     1    26     1     9    13     0     1    -4.0   23.337  120.537    249.8   1016.4    287.5    288.8      0.0    475.4     57.0     20.6    102.5
    18     1    26     1     9    13     0     1    -4.0   23.264  120.435    253.6   1018.6    288.1    289.6      0.0    450.4     54.0     17.3     32.6
    19     1    26     1     9    13     0     1    -4.0   23.051  120.396     93.4    966.9    289.6    286.8      0.0    169.2     57.1    117.3     41.9
    20     1    26     1     9    13     0     1    -4.0   23.035  120.486    153.3    943.3    290.8    286.0      0.0     83.2     57.9    277.9     41.1
    21     1    26     1     9    13     0     1    -4.0   22.926  120.313      0.0    988.1    289.7    288.7      0.0    364.9     54.8     32.0    113.4
    22     1    26     1     9    13     0     1    -4.0   22.751  120.271      4.3    969.6    290.4    287.8      0.0    130.8     56.8    162.6    118.0
    23     1    26     1     9    13     0     1    -4.0   22.763  120.300     24.6    946.9    291.1    286.5      0.0     23.5     58.0    363.0     49.6
    24     1    26     1     9    13     0     1    -4.0   22.722  120.241      0.0    989.9    290.5    289.6      0.0    475.2     63.3     47.5     93.3
    25     1    26     1     9    13     0     1    -4.0   23.420  120.547    104.1    973.2    288.2    286.0      0.0    421.8     62.4     48.3     77.5
    26     1    26     1     9    13     0     1    -4.0   23.546  120.638    108.7    974.7    287.7    285.6      0.0    452.9     63.9     27.3     96.7
    27     1    26     1     9    13     0     1    -4.0   23.264  120.454     42.2    985.1    288.4    287.2      0.0    423.4     58.5     19.1     32.5
     1     1    26     1     9    12     0     0    -5.0   23.263  120.374     87.8    992.6    288.7    288.1      0.0    278.3     55.4    162.1     50.0
     2     1    26     1     9    12     0     0    -5.0   23.237  120.459    108.9    990.8    288.5    287.8      0.0    388.6     55.1    159.4    140.8
     3     1    26     1     9    12     0     0    -5.0   23.157  120.328     70.7   1006.1    289.0    289.4      0.0    288.6     51.2     55.9    102.7
     4     1    26     1     9    12     0     0    -5.0   22.845  120.298    165.8    965.6    290.7    287.7      0.0     90.2     57.4    294.1    139.5
     5     1    26     1     9    12     0     0    -5.0   22.837  120.317    141.9    950.0    291.1    286.8      0.0     26.0     58.2    474.4     65.3
     6     1    26     1     9    12     0     0    -5.0   22.788  120.317    147.7    974.9    290.7    288.5      0.0    333.4     65.1    248.8    148.4
     7     1    26     1     9    12     0     0    -5.0   23.504  120.517     10.9   1016.9    287.8    289.2      0.0    527.8     55.9     12.1    152.2
     8     1    26     1     9    12     0     0    -5.0   23.529  120.598      5.4   1017.2    287.6    289.0      0.0    516.7     56.7     20.4    150.2
     9     1    26     1     9    12     0     0    -5.0   23.433  120.462     13.9   1018.0    288.2    289.7      0.0    518.6     53.3     19.8     49.0
    10     1    26     1     9    12     0     0    -5.0   23.240  120.371    327.0    994.0    288.7    288.2      0.0    271.9     55.1    159.5     45.3
    11     1    26     1     9    12     0     0    -5.0   23.227  120.454    351.8    991.3    288.6    287.8      0.0    380.1     55.2    159.7    136.8
    12     1    26     1     9    12     0     0    -5.0   23.142  120.329    309.5   1007.3    289.0    289.6      0.0    286.9     50.9     55.2    109.8
    13     1    26     1     9    12     0     0    -5.0   22.844  120.299    412.5    965.3    290.7    287.7      0.0     90.0     57.5    297.8    139.6
    14     1    26     1     9    12     0     0    -5.0   22.836  120.318    386.6    949.6    291.1    286.7      0.0     26.0     58.2    478.4     65.3
    15     1    26     1     9    12     0     0    -5.0   22.788  120.320    397.4    973.5    290.7    288.4      0.0    328.2     65.5    258.4    148.8
    16     1    26     1     9    12     0     0    -5.0   23.497  120.515    250.8   1017.1    287.8    289.2      0.0    528.1     55.8     11.0    150.9
    17     1    26     1     9    12     0     0    -5.0   23.529  120.598    249.8   1017.2    287.6    289.0      0.0    516.7     56.7     20.3    150.2
    18     1    26     1     9    12     0     0    -5.0   23.425  120.460    253.6   1018.5    288.3    289.8      0.0    517.1     53.1     19.7     49.2
    19     1    26     1     9    12     0     0    -5.0   23.150  120.430    101.4    959.0    290.0    286.6      0.0    149.6     57.6    184.7     56.5
    20     1    26     1     9    12     0     0    -5.0   23.094  120.532    181.1    928.1    291.4    285.2      0.0    141.0     58.5    396.5     80.3
    21     1    26     1     9    12     0     0    -5.0   23.005  120.333      0.0    986.1    289.9    288.7      0.0    282.0     51.6     45.2    174.4
    22     1    26     1     9    12     0     0    -5.0   22.765  120.283      9.9    963.8    290.9    287.8      0.0    130.3     57.3    211.2    171.6
    23     1    26     1     9    12     0     0    -5.0   22.799  120.302     31.8    943.4    291.4    286.5      0.0     26.0     57.6    391.0     70.4
    24     1    26     1     9    12     0     0    -5.0   22.696  120.258      0.0    988.4    290.6    289.6      0.0    551.1     64.1     62.1    142.2
    25     1    26     1     9    12     0     0    -5.0   23.644  120.621    126.4    970.4    288.0    285.6      0.0    479.2     64.2     53.0    151.1
    26     1    26     1     9    12     0     0    -5.0   23.808  120.742    126.6    973.4    287.4    285.2      0.0    516.3     64.1     22.7    111.0
    27     1    26     1     9    12     0     0    -5.0   23.482  120.501     45.4    984.4    288.2    286.9      0.0    498.0     59.5     24.1     41.2
     1     1    26     1     9    11     0     1    -6.0   23.420  120.388     64.8    998.5    288.9    288.8      0.0    372.1     53.0    127.2    155.4
     2     1    26     1     9    11     0     1    -6.0   23.402  120.473     42.9   1004.3    288.8    289.1      0.0    414.8     50.5     94.0    194.5
     3     1    26     1     9    11     0     1    -6.0   23.267  120.340     83.4   1001.9    288.9    289.1      0.0    291.6     52.4     73.7     78.8
     4     1    26     1     9    11     0     1    -6.0   22.876  120.301    172.1    962.7    290.9    287.7      0.0    125.2     57.8    313.9    168.4
     5     1    26     1     9    11     0     1    -6.0   22.876  120.310    132.4    951.2    290.9    286.7      0.0     37.8     58.9    471.5     83.4
     6     1    26     1     9    11     0     1    -6.0   22.781  120.331    145.2    970.7    290.9    288.4      0.0    389.0     65.5    285.1    195.8
     7     1    26     1     9    11     0     1    -6.0   23.706  120.567      3.0   1016.7    287.9    289.3      0.0    550.2     55.6     20.7    205.7
     8     1    26     1     9    11     0     1    -6.0   23.752  120.667      0.0   1016.9    287.4    288.8      0.0    556.7     56.8     15.7    148.5
     9     1    26     1     9    11     0     1    -6.0   23.613  120.484     11.0   1017.8    288.5    290.0      0.0    541.6     52.1     12.0    127.3
    10     1    26     1     9    11     0     1    -6.0   23.390  120.384    308.5    998.5    288.9    288.8      0.0    354.8     53.0    132.9    139.1
    11     1    26     1     9    11     0     1    -6.0   23.391  120.467    287.8   1004.5    288.8    289.2      0.0    414.7     50.5     96.9    194.9
    12     1    26     1     9    11     0     1    -6.0   23.247  120.342    323.8   1003.3    288.9    289.1      0.0    286.4     52.3     70.5     82.2
    13     1    26     1     9    11     0     1    -6.0   22.876  120.301    418.8    962.3    290.9    287.6      0.0    125.4     57.9    317.4    168.6
    14     1    26     1     9    11     0     1    -6.0   22.875  120.311    377.2    950.9    291.0    286.7      0.0     37.9     58.9    475.0     83.4
    15     1    26     1     9    11     0     1    -6.0   22.783  120.334    395.1    969.0    290.9    288.3      0.0    384.3     65.8    296.4    196.4
    16     1    26     1     9    11     0     1    -6.0   23.699  120.564    249.8   1016.7    287.9    289.3      0.0    550.4     55.6     20.9    205.8
    17     1    26     1     9    11     0     1    -6.0   23.752  120.667    249.8   1016.9    287.4    288.8      0.0    556.7     56.8     15.6    148.5
    18     1    26     1     9    11     0     1    -6.0   23.600  120.482    250.7   1017.9    288.6    290.0      0.0    540.5     52.0     13.0    120.0
    19     1    26     1     9    11     0     1    -6.0   23.242  120.466    122.7    947.4    290.6    286.1      0.0     94.5     57.6    267.4     67.1
    20     1    26     1     9    11     0     1    -6.0   23.152  120.560    170.8    918.4    292.1    284.9      0.0    170.0     58.6    496.9    126.8
    21     1    26     1     9    11     0     1    -6.0   23.094  120.348      0.0    984.2    289.9    288.6      0.0    329.1     53.0     57.8    177.7
    22     1    26     1     9    11     0     1    -6.0   22.786  120.292     10.0    959.7    291.2    287.7      0.0    192.0     57.7    250.0    217.1
    23     1    26     1     9    11     0     1    -6.0   22.841  120.303     41.5    938.9    291.5    286.2      0.0     37.5     58.7    421.6     88.5
    24     1    26     1     9    11     0     1    -6.0   22.676  120.280      0.0    981.1    290.7    289.1      0.0    550.0     66.6    107.7    191.3
    25     1    26     1     9    11     0     1    -6.0   23.876  120.697    151.0    968.9    288.0    285.5      0.0    504.1     62.6     30.9    170.2
    26     1    26     1     9    11     0     1    -6.0   24.070  120.880    204.7    951.3    288.2    284.1      0.0    515.7     65.2    146.4    191.4
    27     1    26     1     9    11     0     1    -6.0   23.719  120.549     46.7    980.3    288.4    286.8      0.0    503.4     60.1     41.7    185.5
     1     1    26     1     9    10     0     2    -7.0   23.579  120.392      8.3   1009.5    289.2    290.0      0.0    453.4     49.7     81.0    249.3
     2     1    26     1     9    10     0     2    -7.0   23.563  120.479      0.1   1012.5    288.7    289.8      0.0    491.3     49.3     43.5    225.1
     3     1    26     1     9    10     0     2    -7.0   23.369  120.345     83.2    998.6    289.4    289.2      0.0    308.9     51.4    100.8     90.0
     4     1    26     1     9    10     0     2    -7.0   22.913  120.294    170.4    964.1    290.8    287.7      0.0    137.1     58.0    300.1    185.6
     5     1    26     1     9    10     0     2    -7.0   22.911  120.300    109.3    955.8    290.6    286.8      0.0     45.7     59.3    451.5    100.4
     6     1    26     1     9    10     0     2    -7.0   22.781  120.320    102.6    978.5    291.1    289.2      0.0    463.4     62.7    256.2    241.3
     7     1    26     1     9    10     0     2    -7.0   23.930  120.624      0.0   1016.4    287.7    289.1      0.0    586.9     56.1     16.0    208.4
     8     1    26     1     9    10     0     2    -7.0   24.013  120.759      0.0   1015.8    287.2    288.4      0.0    617.9     58.7     32.4    218.6
     9     1    26     1     9    10     0     2    -7.0   23.807  120.511      7.8   1017.7    288.4    289.8      0.0    588.7     53.0      6.8    259.3
    10     1    26     1     9    10     0     2    -7.0   23.541  120.386    257.3   1008.8    289.3    290.0      0.0    440.3     49.4     88.6    249.5
    11     1    26     1     9    10     0     2    -7.0   23.547  120.473    249.6   1012.4    288.8    289.8      0.0    491.6     49.1     44.1    230.2
    12     1    26     1     9    10     0     2    -7.0   23.345  120.346    327.8    999.5    289.3    289.3      0.0    303.8     51.5     96.1     92.6
    13     1    26     1     9    10     0     2    -7.0   22.913  120.294    417.1    963.8    290.8    287.6      0.0    137.8     58.0    303.3    186.0
    14     1    26     1     9    10     0     2    -7.0   22.910  120.301    354.3    955.5    290.6    286.8      0.0     46.0     59.3    454.6    100.5
    15     1    26     1     9    10     0     2    -7.0   22.783  120.325    352.1    976.6    291.1    289.1      0.0    459.5     63.1    270.8    242.4
    16     1    26     1     9    10     0     2    -7.0   23.922  120.621    249.8   1016.4    287.8    289.1      0.0    587.3     56.1     16.1    210.8
    17     1    26     1     9    10     0     2    -7.0   24.013  120.759    249.7   1015.8    287.2    288.4      0.0    617.9     58.7     32.2    218.5
    18     1    26     1     9    10     0     2    -7.0   23.791  120.507    250.0   1017.8    288.4    289.9      0.0    588.9     52.7      4.9    259.4
    19     1    26     1     9    10     0     2    -7.0   23.319  120.489    116.7    948.1    290.7    286.3      0.0    120.6     56.3    264.5    128.8
    20     1    26     1     9    10     0     2    -7.0   23.207  120.564    110.4    924.2    292.2    285.5      0.0    186.7     56.8    500.9    184.0
    21     1    26     1     9    10     0     2    -7.0   23.186  120.348      2.3    982.3    289.8    288.3      0.0    333.6     53.5     67.1    150.8
    22     1    26     1     9    10     0     2    -7.0   22.819  120.287      0.0    962.0    291.2    287.9      0.0    235.6     57.4    243.7    249.3
    23     1    26     1     9    10     0     2    -7.0   22.882  120.300     47.4    936.7    291.5    286.0      0.0     46.8     59.5    434.9    105.0
    24     1    26     1     9    10     0     2    -7.0   22.674  120.281      0.0    980.3    290.7    289.1      0.0    554.3     66.6    108.6    237.9
    25     1    26     1     9    10     0     2    -7.0   24.135  120.787    188.6    961.1    288.0    284.7      0.0    527.3     64.8     64.1    195.4
    26     1    26     1     9    10     0     2    -7.0   24.280  121.028    289.5    933.5    288.3    282.6      0.0    562.7     67.3    219.8    282.2
    27     1    26     1     9    10     0     2    -7.0   23.965  120.606     48.5    980.8    288.3    286.7      0.0    550.0     60.2     31.2    252.9
     1     1    26     1     9     9     0     3    -8.0   23.745  120.397      0.0   1013.4    289.0    290.1      0.0    562.0     49.8     34.0    298.9
     2     1    26     1     9     9     0     3    -8.0   23.748  120.489      0.0   1014.4    288.1    289.3      0.0    555.1     52.4     22.7    204.2
     3     1    26     1     9     9     0     3    -8.0   23.453  120.346     55.4    999.1    290.0    289.9      0.0    314.7     49.1    122.2    100.1
     4     1    26     1     9     9     0     3    -8.0   22.953  120.281    178.0    966.6    290.4    287.6      0.0    118.7     58.3    265.1    192.2
     5     1    26     1     9     9     0     3    -8.0   22.938  120.285     70.4    964.5    290.2    287.2      0.0     49.4     59.0    408.6    117.2
     6     1    26     1     9     9     0     3    -8.0   22.785  120.275     36.0   1000.2    291.2    291.2      0.0    529.8     56.7    131.0    281.5
     7     1    26     1     9     9     0     3    -8.0   24.195  120.701      0.0   1016.3    287.3    288.6      0.0    615.4     57.9     18.8    258.0
     8     1    26     1     9     9     0     3    -8.0   24.277  120.879      0.0   1011.0    286.9    287.8      0.0    693.3     58.1     70.0    340.9
     9     1    26     1     9     9     0     3    -8.0   24.029  120.549      0.6   1016.8    288.1    289.5      0.0    642.1     55.2     10.1    301.1
    10     1    26     1     9     9     0     3    -8.0   23.701  120.388    249.6   1012.6    289.1    290.2      0.0    539.1     49.5     44.4    299.8
    11     1    26     1     9     9     0     3    -8.0   23.731  120.484    249.8   1014.3    288.2    289.4      0.0    554.0     52.1     24.2    211.2
    12     1    26     1     9     9     0     3    -8.0   23.425  120.346    305.9    999.5    289.9    289.8      0.0    313.7     49.4    115.9    103.1
    13     1    26     1     9     9     0     3    -8.0   22.952  120.282    424.3    966.4    290.4    287.6      0.0    120.1     58.3    268.0    192.8
    14     1    26     1     9     9     0     3    -8.0   22.937  120.286    315.2    964.3    290.3    287.2      0.0     49.8     59.1    411.6    117.4
    15     1    26     1     9     9     0     3    -8.0   22.786  120.282    283.4    998.0    291.2    291.0      0.0    528.1     57.1    151.1    283.2
    16     1    26     1     9     9     0     3    -8.0   24.185  120.697    249.8   1016.3    287.3    288.7      0.0    614.9     57.7     18.4    257.0
    17     1    26     1     9     9     0     3    -8.0   24.277  120.879    249.3   1011.0    286.9    287.8      0.0    693.2     58.1     70.0    340.9
    18     1    26     1     9     9     0     3    -8.0   24.012  120.544    249.9   1016.9    288.1    289.5      0.0    645.4     55.1      9.4    306.0
    19     1    26     1     9     9     0     3    -8.0   23.395  120.484     26.6    962.8    290.8    287.7      0.0    175.9     51.9    222.6    212.3
    20     1    26     1     9     9     0     3    -8.0   23.270  120.543      0.0    953.3    291.9    287.8      0.0    214.6     49.8    369.2    261.2
    21     1    26     1     9     9     0     3    -8.0   23.268  120.335     15.2    979.9    289.7    288.1      0.0    333.5     52.9     71.0    117.1
    22     1    26     1     9     9     0     3    -8.0   22.862  120.272      0.0    966.7    290.9    288.1      0.0    246.0     56.8    201.8    265.5
    23     1    26     1     9     9     0     3    -8.0   22.923  120.290     40.3    938.8    291.2    285.9      0.0     51.8     59.9    419.6    120.0
    24     1    26     1     9     9     0     3    -8.0   22.686  120.248      0.0    987.1    290.7    289.6      0.0    550.1     64.6     41.0    279.5
    25     1    26     1     9     9     0     3    -8.0   24.373  120.915    277.3    941.0    288.5    283.5      0.0    549.9     65.8    157.7    303.2
    26     1    26     1     9     9     0     3    -8.0   24.443  121.166    335.0    925.7    288.7    282.3      0.0    662.2     67.2    242.6    339.4
    27     1    26     1     9     9     0     3    -8.0   24.232  120.676     75.7    978.0    287.7    285.8      0.0    585.0     63.1     18.1    223.1
     1     1    26     1     9     8     0     2    -9.0   23.944  120.419      0.0   1015.1    288.5    289.7      0.0    700.3     50.9     20.7    345.0
     2     1    26     1     9     8     0     2    -9.0   23.988  120.537      0.0   1011.3    287.9    288.8      0.0    646.4     54.1     65.3    370.8
     3     1    26     1     9     8     0     2    -9.0   23.517  120.348     23.0   1002.1    289.8    290.0      0.0    393.8     48.4    131.6    148.7
     4     1    26     1     9     8     0     2    -9.0   22.993  120.276    216.4    963.3    290.1    286.9      0.0    164.7     59.4    253.8    165.5
     5     1    26     1     9     8     0     2    -9.0   22.957  120.273     28.2    973.3    289.8    287.5      0.0    102.1     58.4    373.2    133.4
     6     1    26     1     9     8     0     2    -9.0   22.802  120.200      0.0   1012.0    291.0    292.0      0.0    637.0     53.7     50.6    352.1
     7     1    26     1     9     8     0     2    -9.0   24.488  120.822      0.0   1013.3    287.0    288.0      0.0    746.4     56.4     46.4    426.0
     8     1    26     1     9     8     0     2    -9.0   24.528  121.008      0.0   1018.1    286.7    288.2      0.0    851.3     55.1      4.2    424.8
     9     1    26     1     9     8     0     2    -9.0   24.285  120.613      0.0   1016.7    287.7    289.0      0.0    697.7     55.2     10.6    359.7
    10     1    26     1     9     8     0     2    -9.0   23.891  120.406    249.8   1014.8    288.6    289.8      0.0    701.6     50.4     23.3    347.7
    11     1    26     1     9     8     0     2    -9.0   23.968  120.528    249.5   1012.4    287.9    288.9      0.0    652.0     53.9     54.7    366.9
    12     1    26     1     9     8     0     2    -9.0   23.488  120.348    276.3   1001.3    289.8    289.9      0.0    379.1     48.7    133.5    136.8
    13     1    26     1     9     8     0     2    -9.0   22.992  120.276    461.8    963.3    290.1    286.9      0.0    166.3     59.4    256.1    166.2
    14     1    26     1     9     8     0     2    -9.0   22.956  120.274    272.7    973.2    289.8    287.5      0.0    102.9     58.4    376.0    133.8
    15     1    26     1     9     8     0     2    -9.0   22.803  120.207    249.5   1011.8    291.0    292.0      0.0    641.6     53.5     52.3    351.3
    16     1    26     1     9     8     0     2    -9.0   24.480  120.816    249.5   1013.4    287.0    288.1      0.0    743.5     56.4     45.1    424.3
    17     1    26     1     9     8     0     2    -9.0   24.527  121.008    250.0   1018.2    286.7    288.2      0.0    851.1     55.1      4.1    424.8
    18     1    26     1     9     8     0     2    -9.0   24.266  120.606    249.9   1016.7    287.7    289.1      0.0    699.3     55.3      9.9    357.4
    19     1    26     1     9     8     0     2    -9.0   23.477  120.458      0.0    980.5    290.2    288.6      0.0    380.0     48.6    163.0    272.9
    20     1    26     1     9     8     0     2    -9.0   23.351  120.509      0.0    979.8    290.4    288.7      0.0    465.8     47.5    165.5    297.7
    21     1    26     1     9     8     0     2    -9.0   23.342  120.327     11.7    979.6    289.6    287.9      0.0    405.4     52.7     81.1    140.9
    22     1    26     1     9     8     0     2    -9.0   22.908  120.260      8.6    968.1    290.4    287.7      0.0    294.6     57.2    168.0    231.5
    23     1    26     1     9     8     0     2    -9.0   22.961  120.282     43.1    939.6    290.9    285.7      0.0    105.1     60.6    411.1    134.4
    24     1    26     1     9     8     0     2    -9.0   22.718  120.185      0.0    987.7    290.5    289.5      0.0    651.5     63.4     35.8    354.7
    25     1    26     1     9     8     0     2    -9.0   24.552  121.057    380.3    916.1    289.2    282.0      0.0    692.8     64.3    283.7    428.2
    26     1    26     1     9     8     0     2    -9.0   24.606  121.315    289.9    936.9    287.9    282.6      0.0    882.2     66.4    189.0    421.0
    27     1    26     1     9     8     0     2    -9.0   24.541  120.789    147.0    966.4    287.5    284.7      0.0    663.0     63.9     60.9    382.3
     1     1    26     1     9     7     0     1   -10.0   24.187  120.470      0.0   1016.3    287.8    289.2      0.0    736.8     51.9     20.6    482.8
     2     1    26     1     9     7     0     1   -10.0   24.244  120.628      0.0   1009.3    287.5    288.3      0.0    807.1     52.3     79.9    513.3
     3     1    26     1     9     7     0     1   -10.0   23.580  120.351      4.8   1005.0    289.7    290.1      0.0    518.0     47.2    118.3    222.8
     4     1    26     1     9     7     0     1   -10.0   23.032  120.284    282.7    950.2    290.3    286.0      0.0    244.6     61.2    307.9    164.3
     5     1    26     1     9     7     0     1   -10.0   22.977  120.268      3.5    976.6    289.6    287.6      0.0    146.9     58.1    364.2    150.0
     6     1    26     1     9     7     0     1   -10.0   22.851  120.124      0.0   1013.3    290.4    291.5      0.0    650.6     53.6     38.6    400.2
     7     1    26     1     9     7     0     1   -10.0   24.755  120.955      0.0   1018.9    286.5    288.0      0.0    865.5     54.4      0.0    513.1
     8     1    26     1     9     7     0     1   -10.0   24.765  121.161      0.0   1018.1    286.4    287.8      0.0   1036.9     52.9     14.2    507.5
     9     1    26     1     9     7     0     1   -10.0   24.582  120.711      0.0   1017.4    287.0    288.4      0.0    734.8     55.1     13.3    498.2
    10     1    26     1     9     7     0     1   -10.0   24.120  120.447    249.8   1016.1    288.1    289.4      0.0    767.0     50.7     18.5    478.6
    11     1    26     1     9     7     0     1   -10.0   24.227  120.618    249.2   1009.4    287.6    288.4      0.0    800.7     52.4     79.6    511.7
    12     1    26     1     9     7     0     1   -10.0   23.544  120.353    259.7   1003.7    289.6    289.9      0.0    481.1     47.9    129.8    201.9
    13     1    26     1     9     7     0     1   -10.0   23.031  120.284    527.2    950.3    290.3    286.0      0.0    245.0     61.3    309.3    164.4
    14     1    26     1     9     7     0     1   -10.0   22.975  120.268    247.3    976.3    289.6    287.6      0.0    148.3     58.2    366.6    150.5
    15     1    26     1     9     7     0     1   -10.0   22.850  120.131    249.6   1013.0    290.5    291.5      0.0    658.2     53.4     40.2    400.4
    16     1    26     1     9     7     0     1   -10.0   24.747  120.949    250.0   1018.7    286.5    288.1      0.0    863.0     54.3      1.6    513.2
    17     1    26     1     9     7     0     1   -10.0   24.765  121.161    249.9   1018.1    286.4    287.8      0.0   1036.9     52.9     14.2    507.5
    18     1    26     1     9     7     0     1   -10.0   24.561  120.701    249.9   1017.3    287.1    288.5      0.0    728.3     55.0     14.2    496.8
    19     1    26     1     9     7     0     1   -10.0   23.561  120.441      0.0    982.1    289.7    288.2      0.0    614.5     49.1    116.1    313.6
    20     1    26     1     9     7     0     1   -10.0   23.429  120.487      0.0    983.8    290.0    288.6      0.0    754.2     47.7     87.0    350.9
    21     1    26     1     9     7     0     1   -10.0   23.413  120.335      0.0    979.7    289.5    287.7      0.0    462.7     52.8    102.6    176.1
    22     1    26     1     9     7     0     1   -10.0   22.950  120.264     56.8    959.6    290.2    286.8      0.0    339.0     59.3    194.5    200.9
    23     1    26     1     9     7     0     1   -10.0   22.994  120.287     77.9    932.0    291.1    285.2      0.0    150.0     61.6    449.3    156.3
    24     1    26     1     9     7     0     1   -10.0   22.771  120.103      0.0    987.3    289.8    288.7      0.0    635.8     64.7     25.1    432.0
    25     1    26     1     9     7     0     1   -10.0   24.668  121.169    414.4    909.9    289.4    281.6      0.0    897.6     63.4    309.6    517.3
    26     1    26     1     9     7     0     1   -10.0   24.747  121.480    250.9    949.6    287.5    283.3      0.0   1193.9     62.5    117.2    504.7
    27     1    26     1     9     7     0     1   -10.0   24.810  120.939    227.0    954.2    287.5    283.6      0.0    830.2     62.5     86.8    513.3
     1     1    26     1     9     6     0     0   -11.0   24.478  120.570      0.0   1013.0    287.3    288.3      0.0    842.1     51.8     47.6    600.4
     2     1    26     1     9     6     0     0   -11.0   24.500  120.742      0.0   1018.7    286.6    288.1      0.0    875.0     52.6      0.0    600.4
     3     1    26     1     9     6     0     0   -11.0   23.644  120.354      0.0   1006.3    289.6    290.2      0.0    660.8     45.4    105.1    279.6
     4     1    26     1     9     6     0     0   -11.0   23.063  120.300    362.1    932.3    291.1    285.2      0.0    322.0     62.4    393.5    179.7
     5     1    26     1     9     6     0     0   -11.0   22.999  120.266      0.0    976.0    289.4    287.4      0.0    181.9     58.2    371.9    169.6
     6     1    26     1     9     6     0     0   -11.0   22.912  120.050      0.0   1015.2    289.5    290.8      0.0    598.8     53.7     27.2    398.1
     7     1    26     1     9     6     0     0   -11.0   25.007  121.116      0.0   1018.8    286.1    287.6      0.0   1068.6     52.9     10.6    596.7
     8     1    26     1     9     6     0     0   -11.0   24.962  121.336      0.0   1019.4    285.8    287.4      0.0   1205.4     52.1      8.7    592.4
     9     1    26     1     9     6     0     0   -11.0   24.882  120.846      0.0   1016.0    286.7    288.0      0.0    886.6     52.8     27.5    600.4
    10     1    26     1     9     6     0     0   -11.0   24.414  120.537    249.6   1014.3    287.3    288.5      0.0    812.5     52.0     37.8    600.4
    11     1    26     1     9     6     0     0   -11.0   24.481  120.730    249.9   1017.5    286.7    288.1      0.0    881.5     52.2     10.3    600.4
    12     1    26     1     9     6     0     0   -11.0   23.601  120.358    250.1   1004.8    289.5    289.9      0.0    607.9     46.5    119.7    259.4
    13     1    26     1     9     6     0     0   -11.0   23.063  120.300    605.3    932.5    291.1    285.3      0.0    322.5     62.4    394.6    179.8
    14     1    26     1     9     6     0     0   -11.0   22.997  120.267    246.3    975.7    289.5    287.4      0.0    183.8     58.2    374.3    170.1
    15     1    26     1     9     6     0     0   -11.0   22.910  120.057    249.7   1014.9    289.6    290.8      0.0    608.8     53.5     28.8    399.6
    16     1    26     1     9     6     0     0   -11.0   25.001  121.110    249.9   1018.8    286.1    287.6      0.0   1065.4     53.1     10.3    596.9
    17     1    26     1     9     6     0     0   -11.0   24.962  121.336    249.9   1019.4    285.8    287.4      0.0   1205.3     52.1      8.7    592.4
    18     1    26     1     9     6     0     0   -11.0   24.864  120.835    249.7   1015.9    286.7    288.0      0.0    881.0     52.9     28.1    600.4
    19     1    26     1     9     6     0     0   -11.0   23.637  120.436      0.0    982.5    289.5    288.1      0.0    850.7     49.1     84.2    372.5
    20     1    26     1     9     6     0     0   -11.0   23.492  120.472      0.0    986.1    289.9    288.8      0.0   1029.1     46.8     53.0    427.2
    21     1    26     1     9     6     0     0   -11.0   23.477  120.353      2.4    975.1    289.2    287.2      0.0    504.9     54.1    135.7    214.4
    22     1    26     1     9     6     0     0   -11.0   22.984  120.282    136.6    941.9    290.7    285.7      0.0    389.8     61.4    276.7    183.0
    23     1    26     1     9     6     0     0   -11.0   23.014  120.299    141.3    920.1    291.7    284.7      0.0    224.2     62.0    496.4    193.1
    24     1    26     1     9     6     0     0   -11.0   22.835  120.016     41.3    984.2    288.7    287.4      0.0    538.1     67.8     11.8    454.7
    25     1    26     1     9     6     0     0   -11.0   24.792  121.282    374.8    927.5    288.5    282.4      0.0   1170.0     61.4    190.3    600.0
    26     1    26     1     9     6     0     0   -11.0   24.855  121.653    219.5    951.3    286.8    282.7      0.0   1323.2     63.5    122.8    588.3
    27     1    26     1     9     6     0     0   -11.0   25.038  121.101    325.7    947.1    287.1    282.6      0.0   1011.5     63.6     53.1    599.9
     1     1    26     1     9     5     0     1   -12.0   24.755  120.713      0.0   1019.7    286.1    287.7      0.0    919.2     52.3      0.0    565.8
     2     1    26     1     9     5     0     1   -12.0   24.749  120.908      0.0   1018.8    286.0    287.6      0.0   1096.0     50.9     15.1    560.7
     3     1    26     1     9     5     0     1   -12.0   23.710  120.356      0.0   1009.0    289.2    290.0      0.0    687.8     44.2     88.8    309.4
     4     1    26     1     9     5     0     1   -12.0   23.078  120.310    432.9    920.1    291.6    284.6      0.0    309.8     63.7    442.0    185.3
     5     1    26     1     9     5     0     1   -12.0   23.018  120.258      0.0    981.0    289.2    287.6      0.0    274.6     56.3    334.8    189.4
     6     1    26     1     9     5     0     1   -12.0   22.965  119.979      0.0   1017.8    288.7    290.2      0.0    553.0     52.7     18.5    294.7
     7     1    26     1     9     5     0     1   -12.0   25.209  121.306      0.5   1020.4    285.5    287.2      0.0   1225.9     51.3      7.3    560.1
     8     1    26     1     9     5     0     1   -12.0   25.127  121.529      0.0   1020.5    285.3    286.9      0.0   1316.1     51.5      6.8    558.3
     9     1    26     1     9     5     0     1   -12.0   25.158  121.016      0.0   1020.1    285.8    287.4      0.0   1028.1     53.0      4.4    565.5
    10     1    26     1     9     5     0     1   -12.0   24.694  120.675    249.8   1017.0    286.4    287.8      0.0    913.0     51.5     23.9    565.8
    11     1    26     1     9     5     0     1   -12.0   24.732  120.894    249.8   1018.4    286.1    287.6      0.0   1091.4     50.9     18.7    561.5
    12     1    26     1     9     5     0     1   -12.0   23.661  120.360    248.9   1007.3    289.2    289.8      0.0    635.5     45.3    105.4    288.2
    13     1    26     1     9     5     0     1   -12.0   23.077  120.310    675.0    920.4    291.6    284.6      0.0    309.9     63.7    442.6    185.3
    14     1    26     1     9     5     0     1   -12.0   23.016  120.259    246.6    980.5    289.2    287.6      0.0    273.0     56.4    339.0    189.3
    15     1    26     1     9     5     0     1   -12.0   22.963  119.986    249.8   1017.8    288.7    290.2      0.0    549.6     52.7     18.9    297.2
    16     1    26     1     9     5     0     1   -12.0   25.205  121.300    250.6   1020.3    285.5    287.2      0.0   1221.9     51.3      7.8    560.1
    17     1    26     1     9     5     0     1   -12.0   25.127  121.529    249.9   1020.5    285.3    286.9      0.0   1316.1     51.5      6.8    558.3
    18     1    26     1     9     5     0     1   -12.0   25.143  121.004    250.0   1020.4    285.8    287.4      0.0   1013.6     53.2      1.3    565.7
    19     1    26     1     9     5     0     1   -12.0   23.715  120.437      0.0    985.6    288.8    287.6      0.0    847.0     49.3     54.9    391.7
    20     1    26     1     9     5     0     1   -12.0   23.568  120.470      0.0    987.4    288.8    287.8      0.0    889.6     48.0     41.1    441.8
    21     1    26     1     9     5     0     1   -12.0   23.536  120.368     18.8    972.7    288.9    286.6      0.0    501.9     54.6    148.9    235.6
    22     1    26     1     9     5     0     1   -12.0   23.002  120.298    212.9    926.5    291.2    284.9      0.0    318.6     63.2    349.1    170.1
    23     1    26     1     9     5     0     1   -12.0   23.012  120.305    217.7    910.0    292.0    284.1      0.0    295.6     63.6    519.5    210.3
    24     1    26     1     9     5     0     1   -12.0   22.892  119.941     87.5    979.9    288.5    286.8      0.0    584.1     67.3     10.1    342.3
    25     1    26     1     9     5     0     1   -12.0   24.918  121.427    354.6    925.2    287.6    281.2      0.0   1169.6     65.3    237.0    564.1
    26     1    26     1     9     5     0     1   -12.0   24.929  121.824    235.0    949.2    286.0    281.8      0.0   1288.0     65.6    130.9    548.3
    27     1    26     1     9     5     0     1   -12.0   25.226  121.302    438.6    933.8    286.3    280.8      0.0   1134.7     68.3     64.8    559.3