    10     1
    GFSQ    26     1     1     0     0
    GFSQ    26     1     2     0     0
    GFSQ    26     1     3     0     0
    GFSQ    26     1     4     0     0
    GFSQ    26     1     5     0     0
    GFSQ    26     1     6     0     0
    GFSQ    26     1     7     0     0
    GFSQ    26     1     8     0     0
    GFSQ    26     1     9     0     0
    GFSQ    26     1    10     0     0
    27 BACKWARD OMEGA   
    26     1     9    16   22.711  120.310    10.0
    26     1     9    16   22.711  120.310    10.0
    26     1     9    16   22.711  120.310    10.0
    26     1     9    16   22.711  120.310    10.0
    26     1     9    16   22.711  120.310    10.0
    26     1     9    16   22.711  120.310    10.0
    26     1     9    16   22.711  120.310    10.0
    26     1     9    16   22.711  120.310    10.0
    26     1     9    16   22.711  120.310    10.0
    26     1     9    16   22.711  120.310    10.0
    26     1     9    16   22.711  120.310    10.0
    26     1     9    16   22.711  120.310    10.0
    26     1     9    16   22.711  120.310    10.0
    26     1     9    16   22.711  120.310    10.0
    26     1     9    16   22.711  120.310    10.0
    26     1     9    16   22.711  120.310    10.0
    26     1     9    16   22.711  120.310    10.0
    26     1     9    16   22.711  120.310    10.0
    26     1     9    16   22.711  120.310    10.0
    26     1     9    16   22.711  120.310    10.0
    26     1     9    16   22.711  120.310    10.0
    26     1     9    16   22.711  120.310    10.0
    26     1     9    16   22.711  120.310    10.0
    26     1     9    16   22.711  120.310    10.0
    26     1     9    16   22.711  120.310    10.0
    26     1     9    16   22.711  120.310    10.0
    26     1     9    16   22.711  120.310    10.0
     8 PRESSURE THETA    AIR_TEMP RAINFALL MIXDEPTH RELHUMID TERR_MSL SUN_FLUX
     1     1    26     1     9    16     0     2     0.0   22.711  120.310     10.0   1015.2    288.1    289.3      0.0    271.8     54.7     34.8      0.0
     2     1    26     1     9    16     0     2     0.0   22.711  120.310     10.0   1013.2    286.8    287.9      0.0    182.3     57.6     51.7      0.0
     3     1    26     1     9    16     0     2     0.0   22.711  120.310     10.0   1016.6    290.0    291.3      0.0    528.8     57.7     11.2      0.0
     4     1    26     1     9    16     0     2     0.0   22.711  120.310     10.0    983.7    289.1    287.7      0.0    104.4     60.2    288.6      0.0
     5     1    26     1     9    16     0     2     0.0   22.711  120.310     10.0    973.6    288.1    285.8      0.0     28.4     64.0    381.9      0.0
     6     1    26     1     9    16     0     2     0.0   22.711  120.310     10.0    995.6    289.7    289.3      0.0    270.0     65.3    194.3      0.0
     7     1    26     1     9    16     0     2     0.0   22.711  120.310     10.0   1018.7    288.7    290.2      0.0    592.5     57.8      4.7      0.0
     8     1    26     1     9    16     0     2     0.0   22.711  120.310     10.0   1018.7    288.0    289.6      0.0    543.6     59.2      5.6      0.0
     9     1    26     1     9    16     0     2     0.0   22.711  120.310     10.0   1017.9    289.9    291.3      0.0    708.6     57.3      0.0      0.0
    10     1    26     1     9    16     0     2     0.0   22.711  120.310     10.0   1015.2    288.1    289.3      0.0    271.8     54.7     34.8      0.0
    11     1    26     1     9    16     0     2     0.0   22.711  120.310     10.0   1013.2    286.8    287.9      0.0    182.3     57.6     51.7      0.0
    12     1    26     1     9    16     0     2     0.0   22.711  120.310     10.0   1016.6    290.0    291.3      0.0    528.8     57.7     11.2      0.0
    13     1    26     1     9    16     0     2     0.0   22.711  120.310     10.0    983.7    289.1    287.7      0.0    104.4     60.2    288.6      0.0
    14     1    26     1     9    16     0     2     0.0   22.711  120.310     10.0    973.6    288.1    285.8      0.0     28.4     64.0    381.9      0.0
    15     1    26     1     9    16     0     2     0.0   22.711  120.310     10.0    995.6    289.7    289.3      0.0    270.0     65.3    194.3      0.0
    16     1    26     1     9    16     0     2     0.0   22.711  120.310     10.0   1018.7    288.7    290.2      0.0    592.5     57.8      4.7      0.0
    17     1    26     1     9    16     0     2     0.0   22.711  120.310     10.0   1018.7    288.0    289.6      0.0    543.6     59.2      5.6      0.0
    18     1    26     1     9    16     0     2     0.0   22.711  120.310     10.0   1017.9    289.9    291.3      0.0    708.6     57.3      0.0      0.0
    19     1    26     1     9    16     0     2     0.0   22.711  120.310     10.0    985.7    288.8    287.6      0.0    271.8     58.6     34.8      0.0
    20     1    26     1     9    16     0     2     0.0   22.711  120.310     10.0    983.7    288.3    287.0      0.0    182.3     57.8     51.7      0.0
    21     1    26     1     9    16     0     2     0.0   22.711  120.310     10.0    987.3    290.0    289.0      0.0    528.8     64.8     11.2      0.0
    22     1    26     1     9    16     0     2     0.0   22.711  120.310     10.0    955.3    290.7    286.8      0.0    104.4     61.3    288.6      0.0
    23     1    26     1     9    16     0     2     0.0   22.711  120.310     10.0    945.5    290.9    286.2      0.0     28.4     59.7    381.9      0.0
    24     1    26     1     9    16     0     2     0.0   22.711  120.310     10.0    966.9    290.5    287.7      0.0    270.0     69.6    194.3      0.0
    25     1    26     1     9    16     0     2     0.0   22.711  120.310     10.0    989.2    288.7    287.8      0.0    592.5     63.8      4.7      0.0
    26     1    26     1     9    16     0     2     0.0   22.711  120.310     10.0    989.1    288.2    287.3      0.0    543.6     64.3      5.6      0.0
    27     1    26     1     9    16     0     2     0.0   22.711  120.310     10.0    988.4    289.7    288.8      0.0    708.6     64.2      0.0      0.0
     1     1    26     1     9    15     0     3    -1.0   22.811  120.314     28.7   1012.2    287.7    288.7      0.0    239.7     54.4     43.8      0.0
     2     1    26     1     9    15     0     3    -1.0   22.792  120.325     26.8   1009.7    286.9    287.7      0.0    186.6     57.7     69.8      0.0
     3     1    26     1     9    15     0     3    -1.0   22.768  120.306     15.2   1015.9    290.0    291.3      0.0    518.1     55.1     14.2      0.0
     4     1    26     1     9    15     0     3    -1.0   22.739  120.305     83.1    976.0    289.7    287.6      0.0    101.4     58.3    280.9      0.0
     5     1    26     1     9    15     0     3    -1.0   22.727  120.317     82.9    961.8    289.5    286.2      0.0     25.0     60.8    417.3      0.0
     6     1    26     1     9    15     0     3    -1.0   22.737  120.320     86.0    982.1    290.2    288.7      0.0    272.7     67.1    236.4      0.0
     7     1    26     1     9    15     0     3    -1.0   22.868  120.358     11.8   1018.8    288.1    289.6      0.0    502.7     57.7     10.1      0.0
     8     1    26     1     9    15     0     3    -1.0   22.879  120.373     10.0   1018.9    287.5    289.1      0.0    478.0     58.9     11.5      0.0
     9     1    26     1     9    15     0     3    -1.0   22.829  120.342      9.1   1018.3    289.5    291.0      0.0    663.4     55.8      2.7      0.0
    10     1    26     1     9    15     0     3    -1.0   22.807  120.315    264.8   1013.8    287.7    288.9      0.0    240.2     54.3     43.8      0.0
    11     1    26     1     9    15     0     3    -1.0   22.787  120.324    267.0   1010.9    286.9    287.7      0.0    186.0     57.7     68.5      0.0
    12     1    26     1     9    15     0     3    -1.0   22.768  120.306    256.1   1016.5    290.0    291.3      0.0    518.1     55.0     14.2      0.0
    13     1    26     1     9    15     0     3    -1.0   22.739  120.306    325.2    976.2    289.6    287.6      0.0    101.2     58.3    283.9      0.0
    14     1    26     1     9    15     0     3    -1.0   22.727  120.318    325.5    961.7    289.5    286.2      0.0     25.1     60.9    421.8      0.0
    15     1    26     1     9    15     0     3    -1.0   22.736  120.321    326.6    982.7    290.2    288.7      0.0    272.3     67.2    238.2      0.0
    16     1    26     1     9    15     0     3    -1.0   22.868  120.358    251.6   1019.0    288.1    289.6      0.0    502.7     57.7     10.1      0.0
    17     1    26     1     9    15     0     3    -1.0   22.879  120.373    249.9   1018.9    287.5    289.1      0.0    478.0     58.9     11.5      0.0
    18     1    26     1     9    15     0     3    -1.0   22.829  120.342    250.0   1018.3    289.5    291.0      0.0    663.4     55.8      2.7      0.0
    19     1    26     1     9    15     0     3    -1.0   22.800  120.320     43.1    980.9    288.8    287.2      0.0    238.4     57.4     44.9      0.0
    20     1    26     1     9    15     0     3    -1.0   22.820  120.348     44.5    975.7    288.7    286.7      0.0    170.6     58.0     91.5      0.0
    21     1    26     1     9    15     0     3    -1.0   22.742  120.305      0.0    990.4    290.2    289.4      0.0    548.1     61.2     11.8      0.0
    22     1    26     1     9    15     0     3    -1.0   22.719  120.293      4.5    962.0    290.4    287.1      0.0    121.9     59.6    232.7      0.0
    23     1    26     1     9    15     0     3    -1.0   22.718  120.306     15.0    947.0    290.8    286.2      0.0     28.1     59.2    367.4      0.0
    24     1    26     1     9    15     0     3    -1.0   22.721  120.304      0.0    970.2    290.6    288.1      0.0    309.6     69.4    185.0      0.0
    25     1    26     1     9    15     0     3    -1.0   22.870  120.359     31.3    986.9    288.3    287.2      0.0    501.4     62.9     10.2      0.0
    26     1    26     1     9    15     0     3    -1.0   22.906  120.387     42.8    985.3    287.8    286.6      0.0    464.1     63.5     12.8      0.0
    27     1    26     1     9    15     0     3    -1.0   22.808  120.345      0.0    990.3    289.5    288.7      0.0    674.0     61.5      2.1      0.0
     1     1    26     1     9    14     0     2    -2.0   22.914  120.323     49.2   1008.6    287.9    288.6      0.0    232.9     54.5     54.6     32.9
     2     1    26     1     9    14     0     2    -2.0   22.886  120.349     50.8   1002.6    287.6    287.8      0.0    220.0     56.8    108.6     17.3
     3     1    26     1     9    14     0     2    -2.0   22.828  120.309     20.6   1015.0    289.7    290.9      0.0    461.9     53.5     21.0     53.9
     4     1    26     1     9    14     0     2    -2.0   22.761  120.297    116.7    974.4    290.0    287.7      0.0    103.6     57.6    260.8     57.8
     5     1    26     1     9    14     0     2    -2.0   22.743  120.315    107.6    959.3    290.1    286.5      0.0     23.2     60.0    416.7     25.7
     6     1    26     1     9    14     0     2    -2.0   22.750  120.322    123.8    976.9    290.4    288.5      0.0    291.6     67.0    248.9     47.8
     7     1    26     1     9    14     0     2    -2.0   23.026  120.404     12.8   1018.4    287.8    289.3      0.0    451.8     56.6     14.4     16.7
     8     1    26     1     9    14     0     2    -2.0   23.042  120.430     10.0   1018.5    287.4    289.0      0.0    479.0     57.4     14.0     24.3
     9     1    26     1     9    14     0     2    -2.0   22.965  120.380      9.6   1018.9    288.9    290.5      0.0    535.4     54.7     10.5     50.8
    10     1    26     1     9    14     0     2    -2.0   22.903  120.324    283.3   1010.5    287.9    288.7      0.0    234.2     54.3     54.0     34.7
    11     1    26     1     9    14     0     2    -2.0   22.876  120.347    290.7   1004.1    287.6    287.9      0.0    221.1     56.7    104.1     17.4
    12     1    26     1     9    14     0     2    -2.0   22.827  120.309    262.8   1015.9    289.7    291.0      0.0    462.8     53.4     21.0     53.9
    13     1    26     1     9    14     0     2    -2.0   22.761  120.298    361.5    974.2    290.0    287.7      0.0    103.2     57.7    265.1     57.8
    14     1    26     1     9    14     0     2    -2.0   22.743  120.317    352.2    958.8    290.1    286.5      0.0     23.3     60.1    422.0     25.7
    15     1    26     1     9    14     0     2    -2.0   22.750  120.324    368.8    976.7    290.4    288.4      0.0    289.6     67.1    253.2     47.9
    16     1    26     1     9    14     0     2    -2.0   23.024  120.404    252.3   1018.8    287.8    289.3      0.0    451.8     56.6     14.4     16.6
    17     1    26     1     9    14     0     2    -2.0   23.042  120.430    249.9   1018.6    287.4    289.0      0.0    479.1     57.4     14.0     24.3
    18     1    26     1     9    14     0     2    -2.0   22.965  120.380    250.3   1018.9    288.9    290.5      0.0    535.4     54.7     10.5     50.8
    19     1    26     1     9    14     0     2    -2.0   22.888  120.342     73.1    975.6    289.2    287.2      0.0    219.6     56.5     60.1     37.6
    20     1    26     1     9    14     0     2    -2.0   22.914  120.396     78.5    964.5    289.5    286.5      0.0    163.3     58.1    159.0     17.6
    21     1    26     1     9    14     0     2    -2.0   22.772  120.307      0.0    991.9    290.1    289.5      0.0    524.2     59.0     14.9     52.3
    22     1    26     1     9    14     0     2    -2.0   22.725  120.280      0.0    967.5    290.4    287.6      0.0    138.0     58.4    189.3     57.9
    23     1    26     1     9    14     0     2    -2.0   22.726  120.304     23.4    946.5    291.0    286.3      0.0     29.1     58.7    364.6     28.4
    24     1    26     1     9    14     0     2    -2.0   22.720  120.299      0.0    973.1    290.6    288.3      0.0    359.5     68.4    173.0     47.7
    25     1    26     1     9    14     0     2    -2.0   23.051  120.422     70.1    982.0    288.3    286.8      0.0    431.7     61.0     16.1     16.8
    26     1    26     1     9    14     0     2    -2.0   23.121  120.472     55.0    983.3    287.6    286.3      0.0    440.2     62.7     10.7     32.9
    27     1    26     1     9    14     0     2    -2.0   22.927  120.386      0.0    990.9    289.1    288.4      0.0    556.1     59.6      9.0     52.0
     1     1    26     1     9    13     0     1    -3.0   23.022  120.339     64.8   1004.6    288.1    288.5      0.0    241.4     54.7     74.1     39.1
     2     1    26     1     9    13     0     1    -3.0   23.004  120.379     78.2    992.7    288.4    287.8      0.0    233.4     56.4    170.2     31.0
     3     1    26     1     9    13     0     1    -3.0   22.893  120.322     31.3   1013.0    289.6    290.7      0.0    394.3     51.6     30.7    111.2
     4     1    26     1     9    13     0     1    -3.0   22.784  120.298    142.2    970.5    290.3    287.8      0.0    105.5     57.5    271.4    109.5
     5     1    26     1     9    13     0     1    -3.0   22.769  120.313    123.6    957.2    290.5    286.8      0.0     23.5     59.2    421.4     48.4
     6     1    26     1     9    13     0     1    -3.0   22.752  120.331    143.2    972.3    290.6    288.2      0.0    313.3     67.7    273.2     96.4
     7     1    26     1     9    13     0     1    -3.0   23.189  120.442     12.7   1018.2    287.9    289.3      0.0    492.0     55.4     18.0     34.9
     8     1    26     1     9    13     0     1    -3.0   23.217  120.482     10.0   1018.2    287.5    289.0      0.0    494.6     56.6      2.8     92.6
     9     1    26     1     9    13     0     1    -3.0   23.116  120.414     10.5   1018.7    288.6    290.2      0.0    474.0     53.2     15.3     71.2
    10     1    26     1     9    13     0     1    -3.0   23.004  120.339    300.8   1006.6    288.0    288.6      0.0    237.0     54.6     70.0     39.9
    11     1    26     1     9    13     0     1    -3.0   22.992  120.374    317.2    994.5    288.3    287.9      0.0    236.4     56.2    164.0     30.2
    12     1    26     1     9    13     0     1    -3.0   22.890  120.323    273.7   1013.9    289.6    290.8      0.0    397.1     51.6     30.6    111.0
    13     1    26     1     9    13     0     1    -3.0   22.784  120.299    388.3    970.1    290.4    287.8      0.0    105.0     57.6    276.1    109.6
    14     1    26     1     9    13     0     1    -3.0   22.768  120.315    368.7    956.8    290.5    286.8      0.0     23.5     59.2    426.2     48.3
    15     1    26     1     9    13     0     1    -3.0   22.753  120.333    390.2    971.6    290.6    288.2      0.0    309.9     67.9    279.3     96.6
    16     1    26     1     9    13     0     1    -3.0   23.185  120.441    252.2   1018.5    287.9    289.4      0.0    491.6     55.3     17.9     35.0
    17     1    26     1     9    13     0     1    -3.0   23.217  120.482    250.0   1018.2    287.5    289.0      0.0    494.6     56.6      2.8     92.6
    18     1    26     1     9    13     0     1    -3.0   23.116  120.414    251.2   1018.8    288.6    290.2      0.0    474.0     53.2     15.3     71.3
    19     1    26     1     9    13     0     1    -3.0   22.981  120.371     78.4    972.4    289.4    287.1      0.0    197.9     56.4     82.9     48.4
    20     1    26     1     9    13     0     1    -3.0   23.001  120.444    115.1    951.1    290.3    286.1      0.0    120.1     58.4    246.3     31.3
    21     1    26     1     9    13     0     1    -3.0   22.809  120.321      0.0    990.9    290.1    289.4      0.0    486.5     57.4     21.9    106.1
    22     1    26     1     9    13     0     1    -3.0   22.734  120.280      0.0    967.3    290.5    287.8      0.0    143.7     57.8    189.7    116.7
    23     1    26     1     9    13     0     1    -3.0   22.746  120.303     29.5    945.5    291.2    286.5      0.0     25.0     58.1    369.1     51.4
    24     1    26     1     9    13     0     1    -3.0   22.712  120.311      0.0    970.3    290.7    288.1      0.0    397.5     69.0    196.7     96.2
    25     1    26     1     9    13     0     1    -3.0   23.256  120.485     80.0    980.4    288.0    286.4      0.0    466.2     60.9     21.5     31.0
    26     1    26     1     9    13     0     1    -3.0   23.362  120.558     94.6    976.1    287.8    285.8      0.0    465.4     64.7     29.1    102.3
    27     1    26     1     9    13     0     1    -3.0   23.080  120.425      3.5    989.9    288.9    288.1      0.0    456.4     57.0     16.4     82.8
     1     1    26     1     9    12     0     0    -4.0   23.150  120.357     77.7    998.4    288.6    288.5      0.0    279.3     54.4    118.8     51.3
     2     1    26     1     9    12     0     0    -4.0   23.152  120.404     78.7    995.1    288.5    288.1      0.0    349.8     55.4    147.2    107.6
     3     1    26     1     9    12     0     0    -4.0   22.962  120.340     45.2   1010.1    289.7    290.5      0.0    319.0     49.5     42.5    172.9
     4     1    26     1     9    12     0     0    -4.0   22.808  120.306    162.7    964.2    290.8    287.7      0.0    102.4     57.8    308.9    154.5
     5     1    26     1     9    12     0     0    -4.0   22.805  120.310    132.9    955.5    290.8    287.0      0.0     26.0     58.2    430.9     69.0
     6     1    26     1     9    12     0     0    -4.0   22.747  120.355    166.8    963.0    290.7    287.5      0.0    317.9     70.5    334.1    146.7
     7     1    26     1     9    12     0     0    -4.0   23.377  120.475     12.8   1018.0    287.9    289.4      0.0    543.1     55.3     10.4    100.6
     8     1    26     1     9    12     0     0    -4.0   23.413  120.541      8.1   1017.6    287.6    289.0      0.0    532.8     57.4     16.3    155.7
     9     1    26     1     9    12     0     0    -4.0   23.270  120.442     10.6   1018.5    288.5    290.1      0.0    489.9     52.1     18.0     49.0
    10     1    26     1     9    12     0     0    -4.0   23.125  120.357    316.2   1000.3    288.6    288.6      0.0    274.0     54.2    112.1     53.1
    11     1    26     1     9    12     0     0    -4.0   23.137  120.398    319.7    996.0    288.5    288.2      0.0    342.9     55.3    147.4    101.6
    12     1    26     1     9    12     0     0    -4.0   22.957  120.341    288.3   1010.9    289.7    290.6      0.0    324.2     49.5     42.2    172.3
    13     1    26     1     9    12     0     0    -4.0   22.807  120.307    409.2    963.7    290.8    287.7      0.0    102.1     57.9    313.5    154.7
    14     1    26     1     9    12     0     0    -4.0   22.804  120.312    378.1    955.1    290.9    287.0      0.0     26.0     58.3    435.3     69.0
    15     1    26     1     9    12     0     0    -4.0   22.748  120.357    414.6    962.0    290.7    287.5      0.0    312.6     70.8    341.9    146.9
    16     1    26     1     9    12     0     0    -4.0   23.369  120.473    252.3   1018.4    287.9    289.5      0.0    543.9     55.2     11.0     97.4
    17     1    26     1     9    12     0     0    -4.0   23.413  120.541    249.8   1017.6    287.6    289.0      0.0    532.8     57.4     16.3    155.7
    18     1    26     1     9    12     0     0    -4.0   23.269  120.442    251.2   1018.6    288.5    290.1      0.0    489.8     52.1     18.0     49.0
    19     1    26     1     9    12     0     0    -4.0   23.091  120.400     75.3    967.3    289.7    286.9      0.0    193.9     56.9    134.9     59.7
    20     1    26     1     9    12     0     0    -4.0   23.085  120.494    146.8    946.2    290.4    285.8      0.0    154.7     58.0    261.7     81.1
    21     1    26     1     9    12     0     0    -4.0   22.849  120.344      0.0    989.7    290.2    289.4      0.0    442.5     55.7     31.4    161.5
    22     1    26     1     9    12     0     0    -4.0   22.746  120.291      5.3    962.1    290.9    287.7      0.0    137.6     57.9    232.4    177.3
    23     1    26     1     9    12     0     0    -4.0   22.781  120.303     33.8    943.5    291.4    286.5      0.0     26.0     57.7    387.3     72.2
    24     1    26     1     9    12     0     0    -4.0   22.702  120.341      0.2    961.5    290.8    287.5      0.0    404.7     71.4    265.1    146.6
    25     1    26     1     9    12     0     0    -4.0   23.494  120.551     99.9    974.4    288.0    285.9      0.0    503.0     64.5     38.4    148.2
    26     1    26     1     9    12     0     0    -4.0   23.623  120.652    121.9    973.8    287.5    285.4      0.0    510.0     65.1     24.2    132.7
    27     1    26     1     9    12     0     0    -4.0   23.270  120.464      7.4    989.2    288.6    287.7      0.0    463.0     57.0     20.0     48.6
     1     1    26     1     9    11     0     1    -5.0   23.288  120.368     70.7    995.5    289.1    288.7      0.0    303.8     53.4    148.7     82.7
     2     1    26     1     9    11     0     1    -5.0   23.318  120.420     28.8   1005.6    288.8    289.2      0.0    427.2     51.4    101.1    197.5
     3     1    26     1     9    11     0     1    -5.0   23.040  120.353     56.2   1007.0    289.8    290.3      0.0    342.6     49.5     53.9    210.8
     4     1    26     1     9    11     0     1    -5.0   22.836  120.310    171.4    960.5    291.1    287.7      0.0    150.4     58.1    333.6    190.2
     5     1    26     1     9    11     0     1    -5.0   22.845  120.305    131.0    955.5    290.7    286.9      0.0     37.7     58.7    431.1     87.9
     6     1    26     1     9    11     0     1    -5.0   22.744  120.379    173.1    954.6    291.0    287.1      0.0    373.1     71.4    397.7    196.0
     7     1    26     1     9    11     0     1    -5.0   23.584  120.518     11.5   1017.4    288.0    289.4      0.0    562.7     55.2      9.9    206.8
     8     1    26     1     9    11     0     1    -5.0   23.633  120.607      1.0   1017.0    287.6    289.0      0.0    567.0     56.8     16.5    178.4
     9     1    26     1     9    11     0     1    -5.0   23.425  120.463      8.6   1017.8    288.8    290.3      0.0    518.4     50.7     20.0     66.5
    10     1    26     1     9    11     0     1    -5.0   23.256  120.368    312.5    995.4    289.1    288.7      0.0    282.7     53.3    157.2     65.0
    11     1    26     1     9    11     0     1    -5.0   23.300  120.414    274.1   1005.8    288.8    289.3      0.0    426.2     51.4    103.7    197.7
    12     1    26     1     9    11     0     1    -5.0   23.033  120.353    300.0   1007.7    289.8    290.4      0.0    344.5     49.3     53.3    215.4
    13     1    26     1     9    11     0     1    -5.0   22.835  120.311    417.9    960.0    291.1    287.6      0.0    150.4     58.2    337.9    190.5
    14     1    26     1     9    11     0     1    -5.0   22.844  120.306    376.3    955.1    290.8    286.9      0.0     37.8     58.8    435.0     87.9
    15     1    26     1     9    11     0     1    -5.0   22.745  120.382    420.7    953.4    291.0    287.0      0.0    368.9     71.7    406.4    196.3
    16     1    26     1     9    11     0     1    -5.0   23.572  120.514    251.2   1017.7    288.0    289.5      0.0    563.5     55.1      8.3    206.8
    17     1    26     1     9    11     0     1    -5.0   23.633  120.607    249.8   1017.0    287.6    289.0      0.0    567.0     56.8     16.5    178.5
    18     1    26     1     9    11     0     1    -5.0   23.424  120.463    249.8   1017.8    288.8    290.3      0.0    518.4     50.7     20.0     66.6
    19     1    26     1     9    11     0     1    -5.0   23.199  120.428     82.9    958.6    290.1    286.6      0.0    161.4     57.1    205.1     70.7
    20     1    26     1     9    11     0     1    -5.0   23.168  120.528    123.9    939.5    291.0    285.7      0.0    209.3     57.2    348.5    143.1
    21     1    26     1     9    11     0     1    -5.0   22.896  120.358      0.0    987.7    290.3    289.2      0.0    428.9     55.8     39.8    219.6
    22     1    26     1     9    11     0     1    -5.0   22.765  120.299      6.4    958.0    291.3    287.6      0.0    203.5     58.2    269.8    229.0
    23     1    26     1     9    11     0     1    -5.0   22.822  120.303     41.9    939.9    291.5    286.2      0.0     37.8     58.7    410.9     91.0
    24     1    26     1     9    11     0     1    -5.0   22.701  120.375      0.0    952.1    291.0    286.9      0.0    423.6     73.0    345.1    195.9
    25     1    26     1     9    11     0     1    -5.0   23.741  120.626    120.3    972.9    288.0    285.8      0.0    517.2     63.4     30.3    201.9
    26     1    26     1     9    11     0     1    -5.0   23.909  120.768    156.7    967.8    287.5    284.9      0.0    556.1     65.2     43.3    159.6
    27     1    26     1     9    11     0     1    -5.0   23.482  120.498      0.0    990.0    288.9    288.1      0.0    496.9     54.8     23.2     57.9
     1     1    26     1     9    10     0     2    -6.0   23.425  120.373     31.6   1003.7    289.4    289.7      0.0    386.5     50.1    112.3    199.2
     2     1    26     1     9    10     0     2    -6.0   23.474  120.430      0.0   1012.3    288.9    289.9      0.0    496.9     49.8     49.3    246.8
     3     1    26     1     9    10     0     2    -6.0   23.124  120.351     61.9   1005.0    289.7    290.1      0.0    367.7     50.2     62.3    198.9
     4     1    26     1     9    10     0     2    -6.0   22.871  120.303    162.9    962.9    291.0    287.8      0.0    178.5     58.0    319.9    213.6
     5     1    26     1     9    10     0     2    -6.0   22.881  120.295    116.9    958.7    290.5    286.9      0.0     45.6     59.1    414.5    105.6
     6     1    26     1     9    10     0     2    -6.0   22.745  120.386    119.2    958.3    291.2    287.7      0.0    458.9     68.8    415.8    244.0
     7     1    26     1     9    10     0     2    -6.0   23.803  120.568      3.6   1016.9    287.9    289.3      0.0    601.2     55.9     13.3    244.8
     8     1    26     1     9    10     0     2    -6.0   23.885  120.686      0.0   1016.7    287.3    288.7      0.0    604.5     57.6     17.4    207.1
     9     1    26     1     9    10     0     2    -6.0   23.573  120.479      0.0   1017.4    289.3    290.7      0.0    539.0     49.0     15.2    132.9
    10     1    26     1     9    10     0     2    -6.0   23.380  120.372    279.9   1002.3    289.4    289.6      0.0    357.5     50.4    124.8    168.3
    11     1    26     1     9    10     0     2    -6.0   23.453  120.423    249.5   1011.8    288.9    289.9      0.0    490.3     49.9     54.9    247.3
    12     1    26     1     9    10     0     2    -6.0   23.116  120.352    305.7   1005.7    289.7    290.2      0.0    372.5     50.0     61.6    205.5
    13     1    26     1     9    10     0     2    -6.0   22.870  120.304    409.4    962.4    291.0    287.8      0.0    179.1     58.0    324.0    214.1
    14     1    26     1     9    10     0     2    -6.0   22.880  120.296    362.2    958.4    290.5    286.9      0.0     45.9     59.1    417.9    105.8
    15     1    26     1     9    10     0     2    -6.0   22.746  120.389    365.5    957.1    291.3    287.6      0.0    456.2     69.0    425.9    244.5
    16     1    26     1     9    10     0     2    -6.0   23.789  120.564    249.9   1017.0    287.9    289.3      0.0    602.4     55.9     12.8    248.2
    17     1    26     1     9    10     0     2    -6.0   23.885  120.686    249.8   1016.7    287.3    288.7      0.0    604.5     57.6     17.4    207.1
    18     1    26     1     9    10     0     2    -6.0   23.572  120.479    249.8   1017.4    289.3    290.7      0.0    538.7     49.0     15.3    132.1
    19     1    26     1     9    10     0     2    -6.0   23.291  120.450     77.7    955.6    290.4    286.6      0.0    161.5     56.2    236.1    110.1
    20     1    26     1     9    10     0     2    -6.0   23.252  120.530     22.6    953.2    291.2    287.2      0.0    251.2     52.2    324.8    223.9
    21     1    26     1     9    10     0     2    -6.0   22.958  120.353      0.0    986.3    290.4    289.3      0.0    458.7     54.3     45.4    286.1
    22     1    26     1     9    10     0     2    -6.0   22.795  120.295      0.0    960.7    291.3    287.9      0.0    256.6     57.7    262.7    265.1
    23     1    26     1     9    10     0     2    -6.0   22.863  120.300     49.3    937.8    291.4    286.0      0.0     47.3     59.5    420.9    108.2
    24     1    26     1     9    10     0     2    -6.0   22.709  120.391      0.0    949.8    291.2    286.9      0.0    483.2     72.3    392.8    244.8
    25     1    26     1     9    10     0     2    -6.0   23.997  120.707    148.1    969.9    287.7    285.2      0.0    549.7     64.3     19.7    177.5
    26     1    26     1     9    10     0     2    -6.0   24.166  120.914    249.5    946.7    288.0    283.5      0.0    570.5     66.9    137.2    263.2
    27     1    26     1     9    10     0     2    -6.0   23.697  120.532      0.0    988.4    288.8    287.9      0.0    524.5     55.8     31.5    218.3
     1     1    26     1     9     9     0     3    -7.0   23.569  120.364      0.0   1010.7    289.5    290.4      0.0    480.9     48.2     67.6    302.0
     2     1    26     1     9     9     0     3    -7.0   23.659  120.445      0.0   1014.0    288.4    289.6      0.0    560.5     51.7     27.3    242.7
     3     1    26     1     9     9     0     3    -7.0   23.199  120.341     64.8   1003.8    289.6    289.9      0.0    367.3     50.1     65.5    167.6
     4     1    26     1     9     9     0     3    -7.0   22.912  120.288    154.0    968.2    290.7    287.9      0.0    175.7     57.8    277.1    224.3
     5     1    26     1     9     9     0     3    -7.0   22.910  120.281     90.1    965.6    290.2    287.2      0.0     49.1     58.9    376.0    123.0
     6     1    26     1     9     9     0     3    -7.0   22.743  120.365      8.6    977.2    291.6    289.6      0.0    552.8     62.5    357.4    287.4
     7     1    26     1     9     9     0     3    -7.0   24.056  120.636      0.0   1016.3    287.5    288.9      0.0    616.6     57.1     12.7    240.8
     8     1    26     1     9     9     0     3    -7.0   24.173  120.803      0.0   1013.1    287.1    288.1      0.0    667.3     58.3     48.1    317.7
     9     1    26     1     9     9     0     3    -7.0   23.748  120.493      0.0   1018.3    288.8    290.3      0.0    616.8     50.1      0.2    311.7
    10     1    26     1     9     9     0     3    -7.0   23.508  120.362    249.2   1009.5    289.8    290.6      0.0    446.8     47.2     80.4    302.3
    11     1    26     1     9     9     0     3    -7.0   23.636  120.437    249.7   1013.9    288.5    289.7      0.0    560.7     51.4     28.4    251.6
    12     1    26     1     9     9     0     3    -7.0   23.191  120.342    307.7   1004.7    289.7    290.0      0.0    374.3     49.9     64.9    175.8
    13     1    26     1     9     9     0     3    -7.0   22.911  120.289    400.1    967.9    290.7    287.9      0.0    177.2     57.8    280.8    225.0
    14     1    26     1     9     9     0     3    -7.0   22.909  120.282    335.4    965.3    290.2    287.2      0.0     49.5     59.0    379.2    123.2
    15     1    26     1     9     9     0     3    -7.0   22.744  120.369    252.9    975.9    291.6    289.5      0.0    552.5     62.7    369.5    288.1
    16     1    26     1     9     9     0     3    -7.0   24.041  120.630    249.9   1016.4    287.5    288.9      0.0    617.3     57.1     12.1    238.4
    17     1    26     1     9     9     0     3    -7.0   24.173  120.803    249.5   1013.1    287.1    288.1      0.0    667.3     58.3     48.1    317.6
    18     1    26     1     9     9     0     3    -7.0   23.746  120.493    250.0   1018.2    288.8    290.3      0.0    616.0     50.1      0.3    310.2
    19     1    26     1     9     9     0     3    -7.0   23.382  120.449      3.8    968.1    290.5    287.8      0.0    223.3     52.1    196.8    203.0
    20     1    26     1     9     9     0     3    -7.0   23.359  120.504      0.0    983.6    290.6    289.2      0.0    336.8     46.8    143.0    286.8
    21     1    26     1     9     9     0     3    -7.0   23.039  120.336      0.0    985.4    290.5    289.2      0.0    514.3     52.8     49.0    316.7
    22     1    26     1     9     9     0     3    -7.0   22.837  120.279      0.0    965.6    291.1    288.1      0.0    278.7     56.9    218.4    284.5
    23     1    26     1     9     9     0     3    -7.0   22.903  120.290     47.1    939.3    291.2    286.0      0.0     52.5     59.9    406.6    123.8
    24     1    26     1     9     9     0     3    -7.0   22.718  120.387      0.0    953.9    291.4    287.5      0.0    563.9     69.3    389.7    291.7
    25     1    26     1     9     9     0     3    -7.0   24.285  120.825    223.7    953.1    287.9    284.0      0.0    560.4     66.8    101.0    273.0
    26     1    26     1     9     9     0     3    -7.0   24.376  121.073    351.0    925.8    288.5    282.2      0.0    636.4     67.9    223.1    339.3
    27     1    26     1     9     9     0     3    -7.0   23.943  120.573      0.0    987.1    288.5    287.4      0.0    594.6     58.4     24.8    306.0
     1     1    26     1     9     8     0     2    -8.0   23.737  120.369      0.0   1014.3    289.0    290.2      0.0    703.4     49.0     29.6    352.6
     2     1    26     1     9     8     0     2    -8.0   23.887  120.481      0.0   1015.7    287.9    289.2      0.0    678.8     52.9     21.6    356.8
     3     1    26     1     9     8     0     2    -8.0   23.259  120.335     68.3   1003.2    289.2    289.4      0.0    386.0     50.3     68.9    143.0
     4     1    26     1     9     8     0     2    -8.0   22.954  120.278    170.1    969.1    290.2    287.6      0.0    225.4     58.1    250.2    196.3
     5     1    26     1     9     8     0     2    -8.0   22.934  120.270     64.1    971.9    289.7    287.3      0.0    106.7     58.4    347.0    136.0
     6     1    26     1     9     8     0     2    -8.0   22.743  120.313      0.0    992.7    291.7    291.0      0.0    690.2     57.2    219.5    348.4
     7     1    26     1     9     8     0     2    -8.0   24.351  120.737      0.0   1017.3    287.0    288.4      0.0    703.3     57.0     13.3    396.6
     8     1    26     1     9     8     0     2    -8.0   24.432  120.932      0.0   1015.5    286.8    288.1      0.0    815.4     55.4     29.8    426.3
     9     1    26     1     9     8     0     2    -8.0   23.967  120.519      0.0   1017.6    288.3    289.7      0.0    732.1     52.9      5.6    365.6
    10     1    26     1     9     8     0     2    -8.0   23.662  120.359    249.6   1012.9    289.2    290.3      0.0    658.6     48.3     43.8    340.2
    11     1    26     1     9     8     0     2    -8.0   23.859  120.470    249.8   1015.6    288.0    289.3      0.0    684.0     52.5     20.6    354.1
    12     1    26     1     9     8     0     2    -8.0   23.250  120.335    309.8   1004.3    289.1    289.5      0.0    384.6     50.2     67.2    143.2
    13     1    26     1     9     8     0     2    -8.0   22.953  120.278    415.3    969.0    290.2    287.6      0.0    227.4     58.1    253.1    197.2
    14     1    26     1     9     8     0     2    -8.0   22.932  120.271    308.3    971.8    289.7    287.3      0.0    107.5     58.4    349.9    136.4
    15     1    26     1     9     8     0     2    -8.0   22.744  120.318    247.6    990.8    291.7    290.9      0.0    689.3     57.5    235.4    348.8
    16     1    26     1     9     8     0     2    -8.0   24.334  120.729    249.9   1017.2    287.0    288.4      0.0    697.8     56.9     14.3    394.0
    17     1    26     1     9     8     0     2    -8.0   24.432  120.932    249.7   1015.5    286.8    288.1      0.0    815.4     55.4     29.8    426.3
    18     1    26     1     9     8     0     2    -8.0   23.965  120.519    249.9   1017.6    288.3    289.7      0.0    731.9     52.9      5.5    365.3
    19     1    26     1     9     8     0     2    -8.0   23.481  120.431      0.0    982.0    290.1    288.6      0.0    426.6     49.0    140.3    280.9
    20     1    26     1     9     8     0     2    -8.0   23.488  120.486      0.0    986.4    289.8    288.7      0.0    667.4     48.5     58.1    333.7
    21     1    26     1     9     8     0     2    -8.0   23.115  120.315      0.0    985.0    289.8    288.6      0.0    505.3     53.5     47.7    252.5
    22     1    26     1     9     8     0     2    -8.0   22.885  120.264      1.4    968.0    290.6    287.9      0.0    332.2     56.8    176.8    250.1
    23     1    26     1     9     8     0     2    -8.0   22.941  120.283     54.6    939.2    290.9    285.7      0.0    110.3     60.5    402.0    137.0
    24     1    26     1     9     8     0     2    -8.0   22.732  120.358      0.0    962.0    291.6    288.4      0.0    685.1     64.6    331.0    349.5
    25     1    26     1     9     8     0     2    -8.0   24.517  120.975    326.7    938.9    288.0    282.8      0.0    733.4     65.5    127.1    425.4
    26     1    26     1     9     8     0     2    -8.0   24.537  121.222    389.6    933.3    287.9    282.2      0.0    899.7     67.3    117.9    423.8
    27     1    26     1     9     8     0     2    -8.0   24.214  120.640     12.9    985.9    287.8    286.7      0.0    701.4     59.2     15.7    349.4
     1     1    26     1     9     7     0     1    -9.0   23.930  120.396      0.0   1015.5    288.6    289.9      0.0    810.6     49.1     18.9    452.6
     2     1    26     1     9     7     0     1    -9.0   24.166  120.570      0.0   1011.3    287.6    288.5      0.0    773.8     53.0     63.2    505.4
     3     1    26     1     9     7     0     1    -9.0   23.313  120.341     70.2   1001.3    289.1    289.2      0.0    438.2     50.3     84.9    170.4
     4     1    26     1     9     7     0     1    -9.0   22.994  120.282    222.6    959.6    290.0    286.6      0.0    268.0     60.5    282.3    169.8
     5     1    26     1     9     7     0     1    -9.0   22.960  120.268     54.4    972.5    289.5    287.2      0.0    155.2     58.4    353.9    151.0
     6     1    26     1     9     7     0     1    -9.0   22.763  120.225      0.0   1011.6    291.4    292.3      0.0    806.5     52.8     51.5    423.2
     7     1    26     1     9     7     0     1    -9.0   24.637  120.872      0.0   1015.2    286.8    288.0      0.0    849.0     54.0     33.5    514.0
     8     1    26     1     9     7     0     1    -9.0   24.689  121.082      0.0   1017.7    286.4    287.9      0.0   1005.6     53.5     17.9    510.7
     9     1    26     1     9     7     0     1    -9.0   24.219  120.578      0.0   1017.1    287.8    289.2      0.0    770.8     53.6      8.6    470.9
    10     1    26     1     9     7     0     1    -9.0   23.837  120.376    249.8   1015.2    288.8    290.1      0.0    822.0     48.5     22.4    430.1
    11     1    26     1     9     7     0     1    -9.0   24.140  120.556    249.4   1012.0    287.6    288.5      0.0    762.8     53.1     57.6    502.6
    12     1    26     1     9     7     0     1    -9.0   23.303  120.342    311.6   1002.4    289.1    289.3      0.0    435.9     50.2     82.9    169.9
    13     1    26     1     9     7     0     1    -9.0   22.993  120.283    465.9    959.8    290.1    286.6      0.0    270.1     60.5    284.0    170.8
    14     1    26     1     9     7     0     1    -9.0   22.958  120.268    296.5    972.8    289.5    287.2      0.0    156.5     58.3    355.6    151.4
    15     1    26     1     9     7     0     1    -9.0   22.763  120.233    249.5   1011.4    291.5    292.4      0.0    817.5     52.5     53.2    422.6
    16     1    26     1     9     7     0     1    -9.0   24.622  120.863    249.7   1015.0    286.8    288.0      0.0    845.0     54.1     34.9    514.1
    17     1    26     1     9     7     0     1    -9.0   24.689  121.082    249.8   1017.7    286.4    287.9      0.0   1005.6     53.5     17.9    510.7
    18     1    26     1     9     7     0     1    -9.0   24.216  120.577    249.9   1017.1    287.8    289.2      0.0    771.1     53.6      8.6    470.4
    19     1    26     1     9     7     0     1    -9.0   23.583  120.421      0.0    983.5    289.6    288.2      0.0    662.0     49.6     96.1    329.2
    20     1    26     1     9     7     0     1    -9.0   23.630  120.489      0.0    986.6    289.4    288.2      0.0    856.5     49.5     37.0    424.1
    21     1    26     1     9     7     0     1    -9.0   23.176  120.302      0.0    985.5    289.2    288.0      0.0    509.3     53.7     46.0    219.6
    22     1    26     1     9     7     0     1    -9.0   22.928  120.264     35.6    962.5    290.3    287.1      0.0    376.0     58.6    189.6    217.9
    23     1    26     1     9     7     0     1    -9.0   22.974  120.288     91.5    931.0    291.2    285.2      0.0    159.9     61.5    442.8    157.7
    24     1    26     1     9     7     0     1    -9.0   22.758  120.301      0.0    976.7    291.6    289.6      0.0    827.8     59.0    194.4    419.5
    25     1    26     1     9     7     0     1    -9.0   24.687  121.119    411.7    922.0    288.5    281.8      0.0    895.4     65.3    196.3    515.2
    26     1    26     1     9     7     0     1    -9.0   24.682  121.383    393.5    926.8    287.7    281.5      0.0   1067.0     69.0    174.6    507.2
    27     1    26     1     9     7     0     1    -9.0   24.527  120.750     64.4    980.6    287.1    285.5      0.0    710.6     60.0     21.2    489.1
     1     1    26     1     9     6     0     0   -10.0   24.173  120.447      0.0   1016.5    288.0    289.3      0.0    807.2     49.6     18.4    598.5
     2     1    26     1     9     6     0     0   -10.0   24.426  120.683      0.0   1015.1    287.0    288.2      0.0    893.6     51.5     32.7    600.4
     3     1    26     1     9     6     0     0   -10.0   23.364  120.357     75.7    998.0    288.9    288.8      0.0    483.2     50.9    109.5    200.4
     4     1    26     1     9     6     0     0   -10.0   23.032  120.300    300.3    941.1    290.6    285.5      0.0    341.1     62.6    374.3    178.0
     5     1    26     1     9     6     0     0   -10.0   22.989  120.272     64.0    967.7    289.5    286.7      0.0    193.2     59.2    389.9    172.9
     6     1    26     1     9     6     0     0   -10.0   22.816  120.127      0.0   1013.5    290.3    291.4      0.0    730.6     54.8     35.4    466.7
     7     1    26     1     9     6     0     0   -10.0   24.907  121.023      0.0   1019.1    286.1    287.7      0.0   1004.2     53.7      6.6    600.0
     8     1    26     1     9     6     0     0   -10.0   24.902  121.253      0.0   1019.0    285.9    287.5      0.0   1144.1     51.6      9.6    592.4
     9     1    26     1     9     6     0     0   -10.0   24.514  120.669      0.0   1017.3    287.1    288.5      0.0    749.7     53.2     14.9    600.4
    10     1    26     1     9     6     0     0   -10.0   24.050  120.414    249.8   1016.2    288.6    289.9      0.0    879.3     47.5     15.4    596.2
    11     1    26     1     9     6     0     0   -10.0   24.404  120.669    249.6   1014.3    287.0    288.2      0.0    894.2     51.3     39.3    600.4
    12     1    26     1     9     6     0     0   -10.0   23.353  120.358    316.5    999.2    288.9    288.9      0.0    480.8     50.8    107.0    198.9
    13     1    26     1     9     6     0     0   -10.0   23.031  120.300    542.2    941.5    290.6    285.5      0.0    341.7     62.6    375.0    178.1
    14     1    26     1     9     6     0     0   -10.0   22.987  120.272    301.8    968.7    289.5    286.8      0.0    194.9     58.9    388.9    173.0
    15     1    26     1     9     6     0     0   -10.0   22.815  120.134    249.6   1013.3    290.4    291.5      0.0    743.9     54.5     36.9    467.7
    16     1    26     1     9     6     0     0   -10.0   24.895  121.013    250.0   1019.3    286.1    287.7      0.0    991.0     53.8      4.1    600.2
    17     1    26     1     9     6     0     0   -10.0   24.902  121.253    249.9   1019.0    285.9    287.5      0.0   1144.0     51.6      9.6    592.4
    18     1    26     1     9     6     0     0   -10.0   24.512  120.668    249.9   1017.3    287.1    288.5      0.0    748.8     53.2     15.0    600.4
    19     1    26     1     9     6     0     0   -10.0   23.679  120.423      0.0    984.7    289.4    288.2      0.0    911.2     49.2     63.2    403.6
    20     1    26     1     9     6     0     0   -10.0   23.815  120.512      0.0    987.7    289.0    288.0      0.0    941.4     48.5     35.7    589.8
    21     1    26     1     9     6     0     0   -10.0   23.224  120.305      0.0    985.7    288.8    287.6      0.0    521.1     54.1     50.0    212.3
    22     1    26     1     9     6     0     0   -10.0   22.965  120.279    104.8    947.2    290.5    286.0      0.0    423.7     60.8    260.0    196.6
    23     1    26     1     9     6     0     0   -10.0   22.993  120.302    160.4    916.8    291.9    284.7      0.0    212.5     62.3    506.0    189.9
    24     1    26     1     9     6     0     0   -10.0   22.809  120.217      0.0    987.4    291.0    289.9      0.0    895.4     56.6     55.3    469.4
    25     1    26     1     9     6     0     0   -10.0   24.837  121.264    436.6    927.2    287.9    281.7      0.0   1150.7     64.4    127.7    597.9
    26     1    26     1     9     6     0     0   -10.0   24.791  121.551    374.4    935.5    287.2    281.8      0.0   1330.1     66.0    114.9    591.9
    27     1    26     1     9     6     0     0   -10.0   24.822  120.903    135.9    966.8    287.1    284.4      0.0    890.3     58.6     66.3    600.4
     1     1    26     1     9     5     0     1   -11.0   24.476  120.562      0.0   1014.3    286.8    288.0      0.0    835.6     51.9     42.9    565.8
     2     1    26     1     9     5     0     1   -11.0   24.689  120.845      0.0   1018.3    286.1    287.6      0.0   1069.1     51.3     20.8    563.5
     3     1    26     1     9     5     0     1   -11.0   23.415  120.370     84.5    995.1    288.6    288.2      0.0    444.6     51.4    135.8    201.6
     4     1    26     1     9     5     0     1   -11.0   23.054  120.310    361.7    929.4    291.0    284.9      0.0    313.1     63.2    427.0    181.8
     5     1    26     1     9     5     0     1   -11.0   23.015  120.270     58.3    970.1    289.4    286.8      0.0    277.3     58.0    382.6    194.0
     6     1    26     1     9     5     0     1   -11.0   22.877  120.040      0.0   1016.9    289.1    290.5      0.0    604.6     55.6     21.5    360.3
     7     1    26     1     9     5     0     1   -11.0   25.131  121.211      1.8   1019.8    285.7    287.3      0.0   1165.6     51.0      9.4    560.2
     8     1    26     1     9     5     0     1   -11.0   25.079  121.450      0.0   1021.4    285.3    287.0      0.0   1298.6     51.7      0.0    559.6
     9     1    26     1     9     5     0     1   -11.0   24.833  120.814      0.0   1016.8    286.3    287.7      0.0    876.8     52.9     26.0    565.8
    10     1    26     1     9     5     0     1   -11.0   24.334  120.504    249.8   1017.6    286.9    288.3      0.0    774.7     51.6     19.1    565.8
    11     1    26     1     9     5     0     1   -11.0   24.670  120.828    249.8   1018.3    286.1    287.6      0.0   1056.0     51.4     20.2    564.1
    12     1    26     1     9     5     0     1   -11.0   23.402  120.371    323.9    996.5    288.6    288.3      0.0    440.8     51.2    132.8    198.6
    13     1    26     1     9     5     0     1   -11.0   23.054  120.310    602.2    929.9    291.0    284.9      0.0    313.2     63.2    427.8    181.8
    14     1    26     1     9     5     0     1   -11.0   23.013  120.269    290.5    971.9    289.4    287.0      0.0    274.5     57.7    380.4    193.0
    15     1    26     1     9     5     0     1   -11.0   22.874  120.047    249.8   1016.6    289.2    290.5      0.0    613.2     55.5     23.0    361.5
    16     1    26     1     9     5     0     1   -11.0   25.123  121.201    251.7   1019.7    285.7    287.3      0.0   1160.7     51.0      9.6    560.4
    17     1    26     1     9     5     0     1   -11.0   25.078  121.450    250.0   1021.4    285.3    287.0      0.0   1298.6     51.7      0.0    559.6
    18     1    26     1     9     5     0     1   -11.0   24.830  120.813    249.7   1016.8    286.3    287.7      0.0    875.5     52.9     25.9    565.8
    19     1    26     1     9     5     0     1   -11.0   23.781  120.433      0.0    987.5    288.6    287.6      0.0    878.5     49.4     37.5    428.2
    20     1    26     1     9     5     0     1   -11.0   24.067  120.599      8.9    976.5    288.0    286.1      0.0    816.0     52.3    116.7    565.8
    21     1    26     1     9     5     0     1   -11.0   23.269  120.319      0.0    984.3    288.3    287.0      0.0    457.1     53.9     61.9    174.8
    22     1    26     1     9     5     0     1   -11.0   22.985  120.293    172.0    933.9    290.9    285.1      0.0    339.1     62.7    321.8    174.8
    23     1    26     1     9     5     0     1   -11.0   22.991  120.310    249.9    904.8    292.4    284.0      0.0    286.1     64.1    535.1    208.3
    24     1    26     1     9     5     0     1   -11.0   22.863  120.141      0.0    986.6    289.7    288.5      0.0    724.4     59.5     44.1    365.0
    25     1    26     1     9     5     0     1   -11.0   24.962  121.433    474.0    919.9    287.1    280.3      0.0   1204.8     68.5    162.5    561.8
    26     1    26     1     9     5     0     1   -11.0   24.866  121.727    378.4    931.0    286.3    280.5      0.0   1316.6     70.0    145.5    553.7
    27     1    26     1     9     5     0     1   -11.0   25.083  121.092    220.3    961.4    286.3    283.1      0.0   1024.6     60.6     40.2    564.8
     1     1    26     1     9     4     0     2   -12.0   24.760  120.737      0.0   1020.3    285.9    287.5      0.0    952.3     51.2      0.0    531.1
     2     1    26     1     9     4     0     2   -12.0   24.896  121.049      3.8   1019.7    285.6    287.2      0.0   1226.1     49.6     17.6    526.7
     3     1    26     1     9     4     0     2   -12.0   23.468  120.370     80.4    995.2    288.3    287.9      0.0    445.5     51.0    151.6    220.0
     4     1    26     1     9     4     0     2   -12.0   23.056  120.306    388.0    928.7    290.8    284.6      0.0    296.2     63.9    413.2    179.6
     5     1    26     1     9     4     0     2   -12.0   23.029  120.250      0.3    986.1    288.9    287.8      0.0    354.3     54.8    296.5    207.0
     6     1    26     1     9     4     0     2   -12.0   22.929  119.968      0.0   1018.9    288.4    290.0      0.0    579.6     54.6     14.6    259.7
     7     1    26     1     9     4     0     2   -12.0   25.313  121.426      0.0   1022.1    285.1    286.9      0.0   1320.6     51.0      0.0    527.1
     8     1    26     1     9     4     0     2   -12.0   25.228  121.642      0.0   1021.3    285.0    286.7      0.0   1373.9     50.2      6.1    525.5
     9     1    26     1     9     4     0     2   -12.0   25.118  121.012      0.0   1020.6    285.6    287.3      0.0   1027.8     51.8      4.3    530.9
    10     1    26     1     9     4     0     2   -12.0   24.630  120.663    249.5   1014.9    286.4    287.6      0.0    906.3     50.2     47.5    531.1
    11     1    26     1     9     4     0     2   -12.0   24.881  121.032    254.5   1019.6    285.6    287.2      0.0   1213.2     49.4     17.1    526.2
    12     1    26     1     9     4     0     2   -12.0   23.455  120.371    317.2    996.8    288.3    288.0      0.0    439.5     50.7    148.6    215.3
    13     1    26     1     9     4     0     2   -12.0   23.056  120.306    627.3    929.5    290.8    284.6      0.0    296.2     63.8    413.0    179.6
    14     1    26     1     9     4     0     2   -12.0   23.026  120.249    247.0    986.1    288.9    287.8      0.0    352.8     54.8    296.4    206.5
    15     1    26     1     9     4     0     2   -12.0   22.926  119.975    249.9   1018.9    288.4    290.0      0.0    578.2     54.6     14.8    262.6
    16     1    26     1     9     4     0     2   -12.0   25.305  121.416    250.0   1022.1    285.1    286.9      0.0   1316.8     51.0      0.0    527.3
    17     1    26     1     9     4     0     2   -12.0   25.228  121.642    249.9   1021.3    285.0    286.7      0.0   1373.9     50.2      6.1    525.5
    18     1    26     1     9     4     0     2   -12.0   25.116  121.010    250.0   1020.7    285.6    287.3      0.0   1025.7     51.8      3.7    531.0
    19     1    26     1     9     4     0     2   -12.0   23.927  120.467      0.0    988.8    287.9    286.9      0.0    788.7     48.7     28.5    477.3
    20     1    26     1     9     4     0     2   -12.0   24.339  120.753      8.5    978.6    286.8    285.1      0.0    888.9     52.0    104.3    531.3
    21     1    26     1     9     4     0     2   -12.0   23.323  120.327      2.1    983.0    287.9    286.5      0.0    425.3     53.7     77.1    173.0
    22     1    26     1     9     4     0     2   -12.0   22.982  120.297    208.3    929.1    290.9    284.7      0.0    294.8     63.9    335.8    166.1
    23     1    26     1     9     4     0     2   -12.0   22.962  120.311    320.4    898.9    292.4    283.5      0.0    344.3     66.1    522.5    216.4
    24     1    26     1     9     4     0     2   -12.0   22.903  120.077      0.0    988.6    288.7    287.8      0.0    623.0     60.5     33.1    274.8
    25     1    26     1     9     4     0     2   -12.0   25.044  121.642    510.8    918.3    286.1    279.2      0.0   1300.5     71.6    140.4    526.9
    26     1    26     1     9     4     0     2   -12.0   24.927  121.896    419.3    930.1    285.6    279.7      0.0   1320.8     71.8    125.7    517.6
    27     1    26     1     9     4     0     2   -12.0   25.286  121.340    333.9    948.2    285.7    281.4      0.0   1190.1     63.7     49.6    525.5