    10     1
    GFSQ    25    11    16     0     0
    GFSQ    25    11    17     0     0
    GFSQ    25    11    18     0     0
    GFSQ    25    11    19     0     0
    GFSQ    25    11    20     0     0
    GFSQ    25    11    21     0     0
    GFSQ    25    11    22     0     0
    GFSQ    25    11    23     0     0
    GFSQ    25    11    24     0     0
    GFSQ    25    11    25     0     0
    27 BACKWARD OMEGA   
    25    11    24     1   24.218  120.618    10.0
    25    11    24     1   24.218  120.618    10.0
    25    11    24     1   24.218  120.618    10.0
    25    11    24     1   24.218  120.618    10.0
    25    11    24     1   24.218  120.618    10.0
    25    11    24     1   24.218  120.618    10.0
    25    11    24     1   24.218  120.618    10.0
    25    11    24     1   24.218  120.618    10.0
    25    11    24     1   24.218  120.618    10.0
    25    11    24     1   24.218  120.618    10.0
    25    11    24     1   24.218  120.618    10.0
    25    11    24     1   24.218  120.618    10.0
    25    11    24     1   24.218  120.618    10.0
    25    11    24     1   24.218  120.618    10.0
    25    11    24     1   24.218  120.618    10.0
    25    11    24     1   24.218  120.618    10.0
    25    11    24     1   24.218  120.618    10.0
    25    11    24     1   24.218  120.618    10.0
    25    11    24     1   24.218  120.618    10.0
    25    11    24     1   24.218  120.618    10.0
    25    11    24     1   24.218  120.618    10.0
    25    11    24     1   24.218  120.618    10.0
    25    11    24     1   24.218  120.618    10.0
    25    11    24     1   24.218  120.618    10.0
    25    11    24     1   24.218  120.618    10.0
    25    11    24     1   24.218  120.618    10.0
    25    11    24     1   24.218  120.618    10.0
     8 PRESSURE THETA    AIR_TEMP RAINFALL MIXDEPTH RELHUMID TERR_MSL SUN_FLUX
     1     1    25    11    24     1     0     1     0.0   24.218  120.618     10.0    998.6    295.4    295.3      0.0    294.0     57.7    157.4    202.6
     2     1    25    11    24     1     0     1     0.0   24.218  120.618     10.0   1007.2    294.9    295.5      0.0    312.8     68.8     82.7    193.5
     3     1    25    11    24     1     0     1     0.0   24.218  120.618     10.0    996.4    295.9    295.6      0.0    383.0     52.4    165.7    205.3
     4     1    25    11    24     1     0     1     0.0   24.218  120.618     10.0    927.9    299.9    293.4      0.0    365.7     46.1    810.8    211.5
     5     1    25    11    24     1     0     1     0.0   24.218  120.618     10.0    950.3    298.6    294.2      0.0    360.4     50.2    595.2    199.6
     6     1    25    11    24     1     0     1     0.0   24.218  120.618     10.0    941.6    299.0    293.8      0.0    339.3     44.0    664.3    213.0
     7     1    25    11    24     1     0     1     0.0   24.218  120.618     10.0   1015.6    294.0    295.4      0.0    364.3     77.0     11.1    197.5
     8     1    25    11    24     1     0     1     0.0   24.218  120.618     10.0   1016.5    294.0    295.4      0.0    435.0     84.1      1.4    192.3
     9     1    25    11    24     1     0     1     0.0   24.218  120.618     10.0   1014.4    294.6    295.8      0.0    362.5     71.1     13.0    201.2
    10     1    25    11    24     1     0     1     0.0   24.218  120.618     10.0    998.7    295.4    295.3      0.0    294.0     57.7    157.4    202.6
    11     1    25    11    24     1     0     1     0.0   24.218  120.618     10.0   1007.2    294.9    295.5      0.0    312.8     68.7     82.7    193.5
    12     1    25    11    24     1     0     1     0.0   24.218  120.618     10.0    996.4    295.9    295.6      0.0    383.0     52.4    165.7    205.3
    13     1    25    11    24     1     0     1     0.0   24.218  120.618     10.0    927.9    299.9    293.4      0.0    365.7     46.1    810.8    211.5
    14     1    25    11    24     1     0     1     0.0   24.218  120.618     10.0    950.4    298.6    294.2      0.0    360.4     50.2    595.2    199.6
    15     1    25    11    24     1     0     1     0.0   24.218  120.618     10.0    941.7    299.0    293.8      0.0    339.3     44.0    664.3    213.0
    16     1    25    11    24     1     0     1     0.0   24.218  120.618     10.0   1015.6    294.0    295.4      0.0    364.3     77.0     11.1    197.5
    17     1    25    11    24     1     0     1     0.0   24.218  120.618     10.0   1016.5    294.0    295.4      0.0    435.0     84.1      1.4    192.3
    18     1    25    11    24     1     0     1     0.0   24.218  120.618     10.0   1014.4    294.6    295.8      0.0    362.5     71.1     13.0    201.2
    19     1    25    11    24     1     0     1     0.0   24.218  120.618     10.0    970.4    295.9    293.3      0.0    294.0     70.8    157.4    202.6
    20     1    25    11    24     1     0     1     0.0   24.218  120.618     10.0    978.7    295.3    293.5      0.0    312.8     78.9     82.7    193.5
    21     1    25    11    24     1     0     1     0.0   24.218  120.618     10.0    968.2    296.4    293.7      0.0    383.0     61.9    165.7    205.3
    22     1    25    11    24     1     0     1     0.0   24.218  120.618     10.0    902.1    300.3    291.4      0.0    365.7     51.2    810.8    211.5
    23     1    25    11    24     1     0     1     0.0   24.218  120.618     10.0    923.8    298.9    292.1      0.0    360.4     57.6    595.2    199.6
    24     1    25    11    24     1     0     1     0.0   24.218  120.618     10.0    915.4    299.9    292.3      0.0    339.3     44.0    664.3    213.0
    25     1    25    11    24     1     0     1     0.0   24.218  120.618     10.0    986.8    294.5    293.3      0.0    364.3     87.6     11.1    197.5
    26     1    25    11    24     1     0     1     0.0   24.218  120.618     10.0    987.7    294.2    293.2      0.0    435.0     92.1      1.4    192.3
    27     1    25    11    24     1     0     1     0.0   24.218  120.618     10.0    985.7    294.8    293.6      0.0    362.5     81.6     13.0    201.2
     1     1    25    11    24     0     0     0    -1.0   24.202  120.615      0.0    999.5    294.6    294.6      0.0    130.4     55.1    153.8     35.3
     2     1    25    11    24     0     0     0    -1.0   24.234  120.627      0.0   1007.7    294.4    295.1      0.0    190.1     68.0     79.5     33.5
     3     1    25    11    24     0     0     0    -1.0   24.207  120.630     10.8    994.7    294.8    294.3      0.0    147.7     51.3    180.3     35.8
     4     1    25    11    24     0     0     0    -1.0   24.215  120.615      3.8    929.0    298.8    292.4      0.0    141.4     45.8    804.7     39.3
     5     1    25    11    24     0     0     0    -1.0   24.208  120.611      0.0    953.2    297.6    293.4      0.0    169.3     49.8    568.6     35.7
     6     1    25    11    24     0     0     0    -1.0   24.210  120.636     69.1    929.9    298.1    291.9      0.0    118.6     43.2    714.5     39.6
     7     1    25    11    24     0     0     0    -1.0   24.301  120.657      5.8   1016.2    293.8    295.1      0.0    280.5     74.2     11.1     33.1
     8     1    25    11    24     0     0     0    -1.0   24.404  120.689      1.7   1017.1    294.0    295.4      0.0    440.8     85.4      0.0     32.5
     9     1    25    11    24     0     0     0    -1.0   24.240  120.646      8.2   1014.8    293.9    295.1      0.0    216.6     68.1     13.7     33.5
    10     1    25    11    24     0     0     0    -1.0   24.202  120.615    248.5    999.5    294.6    294.6      0.0    130.4     55.1    153.8     35.3
    11     1    25    11    24     0     0     0    -1.0   24.234  120.627    249.2   1007.7    294.4    295.1      0.0    190.1     68.0     79.5     33.5
    12     1    25    11    24     0     0     0    -1.0   24.207  120.630    252.9    994.8    294.8    294.3      0.0    147.7     51.2    180.3     35.8
    13     1    25    11    24     0     0     0    -1.0   24.215  120.615    245.8    929.0    298.8    292.4      0.0    141.4     45.8    804.7     39.3
    14     1    25    11    24     0     0     0    -1.0   24.208  120.611    244.3    953.2    297.6    293.4      0.0    169.3     49.8    568.6     35.7
    15     1    25    11    24     0     0     0    -1.0   24.210  120.635    299.0    931.7    298.0    292.0      0.0    118.6     43.4    711.1     39.6
    16     1    25    11    24     0     0     0    -1.0   24.301  120.657    249.9   1016.2    293.8    295.1      0.0    280.5     74.2     11.1     33.1
    17     1    25    11    24     0     0     0    -1.0   24.404  120.689    250.0   1017.1    294.0    295.4      0.0    440.8     85.4      0.0     32.5
    18     1    25    11    24     0     0     0    -1.0   24.240  120.646    249.9   1014.8    293.9    295.1      0.0    216.6     68.1     13.7     33.5
    19     1    25    11    24     0     0     0    -1.0   24.212  120.599      0.3    974.4    295.2    293.0      0.0    128.2     71.6    135.8     35.0
    20     1    25    11    24     0     0     0    -1.0   24.256  120.626      0.0    981.3    294.9    293.3      0.0    199.2     79.9     71.7     33.3
    21     1    25    11    24     0     0     0    -1.0   24.193  120.610      4.5    968.9    295.7    293.0      0.0    154.4     62.4    166.1     35.6
    22     1    25    11    24     0     0     0    -1.0   24.218  120.603      0.0    909.7    299.2    291.0      0.0    141.7     51.6    752.8     39.1
    23     1    25    11    24     0     0     0    -1.0   24.205  120.598      3.8    931.8    297.9    291.8      0.0    166.1     59.2    524.3     35.6
    24     1    25    11    24     0     0     0    -1.0   24.212  120.619      3.1    916.6    299.2    291.8      0.0    117.9     41.9    659.8     39.4
    25     1    25    11    24     0     0     0    -1.0   24.346  120.668      0.0    989.9    294.3    293.4      0.0    284.3     86.5      9.0     32.9
    26     1    25    11    24     0     0     0    -1.0   24.459  120.733      0.0    991.5    294.2    293.5      0.0    448.7     91.6      0.0     33.2
    27     1    25    11    24     0     0     0    -1.0   24.236  120.633      0.0    987.6    294.2    293.2      0.0    221.4     80.7     12.8     33.5
     1     1    25    11    23    23     0     1    -2.0   24.185  120.628      9.7    997.4    294.4    294.2      0.0    102.6     53.8    166.8     23.7
     2     1    25    11    23    23     0     1    -2.0   24.239  120.641      9.6   1006.5    294.2    294.7      0.0    165.6     67.1     85.3     22.3
     3     1    25    11    23    23     0     1    -2.0   24.199  120.662     51.3    984.8    294.7    293.4      0.0    105.0     50.8    225.2     24.2
     4     1    25    11    23    23     0     1    -2.0   24.224  120.630     86.4    912.8    299.2    291.3      0.0     98.2     44.1    876.7     26.4
     5     1    25    11    23    23     0     1    -2.0   24.196  120.615     50.1    945.6    297.4    292.5      0.0    115.8     48.8    596.6     24.0
     6     1    25    11    23    23     0     1    -2.0   24.208  120.671    191.3    905.5    299.8    291.3      0.0     82.9     38.5    820.4     26.8
     7     1    25    11    23    23     0     1    -2.0   24.368  120.700      3.1   1015.7    293.8    295.2      0.0    250.4     74.1      9.1     22.0
     8     1    25    11    23    23     0     1    -2.0   24.621  120.788      0.0   1016.9    294.1    295.5      0.0    495.7     85.2      0.0     22.1
     9     1    25    11    23    23     0     1    -2.0   24.249  120.686      9.0   1013.9    293.7    294.9      0.0    183.2     66.0     17.4     22.3
    10     1    25    11    23    23     0     1    -2.0   24.185  120.628    258.0    997.4    294.4    294.2      0.0    102.6     53.8    166.8     23.7
    11     1    25    11    23    23     0     1    -2.0   24.239  120.641    258.7   1006.5    294.2    294.7      0.0    165.6     67.1     85.3     22.3
    12     1    25    11    23    23     0     1    -2.0   24.199  120.661    291.3    985.8    294.7    293.4      0.0    105.2     50.8    224.1     24.2
    13     1    25    11    23    23     0     1    -2.0   24.224  120.630    327.6    912.8    299.2    291.3      0.0     98.2     44.1    876.7     26.4
    14     1    25    11    23    23     0     1    -2.0   24.196  120.615    294.1    945.6    297.4    292.5      0.0    115.8     48.8    596.6     24.0
    15     1    25    11    23    23     0     1    -2.0   24.208  120.671    427.7    906.0    299.7    291.3      0.0     82.9     38.5    820.6     26.8
    16     1    25    11    23    23     0     1    -2.0   24.368  120.700    249.9   1015.7    293.8    295.2      0.0    250.4     74.1      9.1     22.0
    17     1    25    11    23    23     0     1    -2.0   24.621  120.788    250.0   1016.9    294.1    295.5      0.0    495.7     85.2      0.0     22.1
    18     1    25    11    23    23     0     1    -2.0   24.249  120.686    250.6   1013.9    293.7    294.9      0.0    183.2     66.0     17.4     22.3
    19     1    25    11    23    23     0     1    -2.0   24.198  120.586      1.6    975.3    295.2    293.1      0.0    104.1     71.5    121.2     23.2
    20     1    25    11    23    23     0     1    -2.0   24.298  120.639      0.0    982.3    294.8    293.3      0.0    198.8     79.2     65.0     22.0
    21     1    25    11    23    23     0     1    -2.0   24.164  120.613     17.0    964.9    295.9    292.9      0.0    120.8     64.7    188.0     24.0
    22     1    25    11    23    23     0     1    -2.0   24.219  120.595      6.9    911.5    299.1    291.1      0.0     97.9     52.0    722.3     26.0
    23     1    25    11    23    23     0     1    -2.0   24.186  120.570     21.2    938.4    297.5    292.0      0.0    109.0     61.3    443.6     23.6
    24     1    25    11    23    23     0     1    -2.0   24.210  120.632     25.6    909.7    299.6    291.5      0.0     82.2     43.1    701.6     26.4
    25     1    25    11    23    23     0     1    -2.0   24.472  120.727      0.0    990.8    294.3    293.5      0.0    270.3     88.0      1.5     22.1
    26     1    25    11    23    23     0     1    -2.0   24.711  120.883      0.0    994.8    294.4    293.9      0.0    429.5     87.0      0.0     22.1
    27     1    25    11    23    23     0     1    -2.0   24.239  120.655      0.0    987.2    294.3    293.3      0.0    200.7     80.6     14.6     22.3
     1     1    25    11    23    22     0     2    -3.0   24.163  120.650     48.9    989.7    294.5    293.6      0.0     69.4     52.4    190.7     12.0
     2     1    25    11    23    22     0     2    -3.0   24.240  120.653     33.6   1002.6    294.0    294.2      0.0    135.2     66.1     92.3     11.2
     3     1    25    11    23    22     0     2    -3.0   24.176  120.704    127.6    967.4    295.8    293.0      0.0     59.2     48.6    300.0     12.3
     4     1    25    11    23    22     0     2    -3.0   24.226  120.639    160.8    900.1    300.0    290.9      0.0     54.0     43.0    918.2     13.2
     5     1    25    11    23    22     0     2    -3.0   24.181  120.612    117.4    937.4    297.9    292.3      0.0     62.0     48.4    602.8     12.1
     6     1    25    11    23    22     0     2    -3.0   24.204  120.694    260.0    890.4    300.6    290.8      0.0     46.7     39.2    894.1     13.5
     7     1    25    11    23    22     0     2    -3.0   24.421  120.741      2.8   1015.0    293.9    295.2      0.0    225.8     75.2      6.2     11.1
     8     1    25    11    23    22     0     2    -3.0   24.852  120.911      0.0   1016.8    294.3    295.7      0.0    522.8     84.3      0.0      8.2
     9     1    25    11    23    22     0     2    -3.0   24.240  120.727     12.1   1012.8    293.5    294.6      0.0    130.0     64.4     21.3     11.2
    10     1    25    11    23    22     0     2    -3.0   24.163  120.650    297.0    989.7    294.5    293.6      0.0     69.4     52.4    190.7     12.0
    11     1    25    11    23    22     0     2    -3.0   24.240  120.653    282.7   1002.6    294.0    294.2      0.0    135.2     66.1     92.3     11.2
    12     1    25    11    23    22     0     2    -3.0   24.177  120.704    368.6    968.2    295.8    293.0      0.0     59.2     48.4    298.8     12.3
    13     1    25    11    23    22     0     2    -3.0   24.226  120.639    401.6    900.1    300.0    290.9      0.0     54.0     43.0    918.2     13.2
    14     1    25    11    23    22     0     2    -3.0   24.181  120.612    361.4    937.4    297.9    292.3      0.0     62.0     48.4    602.8     12.1
    15     1    25    11    23    22     0     2    -3.0   24.204  120.695    498.7    890.4    300.6    290.8      0.0     46.7     39.1    896.4     13.5
    16     1    25    11    23    22     0     2    -3.0   24.421  120.741    250.1   1015.0    293.9    295.2      0.0    225.8     75.2      6.2     11.1
    17     1    25    11    23    22     0     2    -3.0   24.852  120.911    250.0   1016.8    294.3    295.7      0.0    522.8     84.3      0.0      8.2
    18     1    25    11    23    22     0     2    -3.0   24.240  120.727    253.5   1013.1    293.5    294.6      0.0    130.0     64.3     21.3     11.2
    19     1    25    11    23    22     0     2    -3.0   24.161  120.581      5.0    975.1    295.3    293.1      0.0     81.9     71.3    113.6     11.6
    20     1    25    11    23    22     0     2    -3.0   24.349  120.658      0.0    983.9    294.8    293.4      0.0    205.7     78.7     54.0     10.8
    21     1    25    11    23    22     0     2    -3.0   24.119  120.616     39.4    958.6    296.3    292.7      0.0     85.3     67.0    221.4     12.1
    22     1    25    11    23    22     0     2    -3.0   24.205  120.590     21.1    912.8    299.2    291.3      0.0     53.2     52.3    690.1     13.0
    23     1    25    11    23    22     0     2    -3.0   24.148  120.529     21.0    951.3    296.8    292.5      0.0     56.4     63.6    320.9     11.8
    24     1    25    11    23    22     0     2    -3.0   24.203  120.647     56.5    900.5    300.0    291.0      0.0     46.5     44.7    758.0     13.3
    25     1    25    11    23    22     0     2    -3.0   24.608  120.800      0.0    989.4    294.5    293.6      0.0    324.1     86.2     16.1     11.0
    26     1    25    11    23    22     0     2    -3.0   24.942  121.077      0.0    994.8    294.7    294.3      0.0    472.7     85.0      1.4      6.4
    27     1    25    11    23    22     0     2    -3.0   24.222  120.676      0.0    986.3    294.5    293.3      0.0    168.9     80.7     18.1     11.2
     1     1    25    11    23    21     0     3    -4.0   24.126  120.683    109.8    978.6    295.3    293.5      0.0     28.3     50.7    223.3      0.0
     2     1    25    11    23    21     0     3    -4.0   24.237  120.657     64.7    998.2    294.2    294.0      0.0    106.5     65.5     96.1      0.0
     3     1    25    11    23    21     0     3    -4.0   24.149  120.742    210.8    948.4    297.3    292.8      0.0     12.0     50.8    385.2      0.0
     4     1    25    11    23    21     0     3    -4.0   24.215  120.643    214.0    893.3    300.5    290.7      0.0      9.6     44.1    924.3      0.0
     5     1    25    11    23    21     0     3    -4.0   24.157  120.593    146.2    939.1    297.9    292.4      0.0      9.8     49.0    557.3      0.0
     6     1    25    11    23    21     0     3    -4.0   24.198  120.714    313.5    877.7    301.1    290.0      0.0      9.6     40.1    962.1      0.0
     7     1    25    11    23    21     0     3    -4.0   24.465  120.783      7.7   1012.1    294.0    295.0      0.0    219.3     75.6     24.2      0.0
     8     1    25    11    23    21     0     3    -4.0   25.098  121.077      0.0   1016.7    294.4    295.8      0.0    573.4     83.6      0.0      0.0
     9     1    25    11    23    21     0     3    -4.0   24.207  120.770     26.3   1007.5    293.4    294.0      0.0     72.9     63.6     50.9      0.0
    10     1    25    11    23    21     0     3    -4.0   24.126  120.683    357.6    978.6    295.3    293.5      0.0     28.3     50.7    223.3      0.0
    11     1    25    11    23    21     0     3    -4.0   24.237  120.657    313.7    998.2    294.2    294.0      0.0    106.5     65.5     96.1      0.0
    12     1    25    11    23    21     0     3    -4.0   24.149  120.743    452.6    948.9    297.3    292.8      0.0     11.8     50.3    385.1      0.0
    13     1    25    11    23    21     0     3    -4.0   24.215  120.643    454.7    893.3    300.5    290.7      0.0      9.6     44.1    924.4      0.0
    14     1    25    11    23    21     0     3    -4.0   24.157  120.593    390.6    939.1    297.9    292.4      0.0      9.8     49.0    557.3      0.0
    15     1    25    11    23    21     0     3    -4.0   24.198  120.715    552.4    877.5    301.1    290.0      0.0      9.6     40.0    964.7      0.0
    16     1    25    11    23    21     0     3    -4.0   24.465  120.783    254.8   1012.1    294.0    295.0      0.0    219.3     75.6     24.2      0.0
    17     1    25    11    23    21     0     3    -4.0   25.098  121.077    250.0   1016.7    294.4    295.8      0.0    573.4     83.6      0.0      0.0
    18     1    25    11    23    21     0     3    -4.0   24.209  120.769    263.4   1009.2    293.2    294.0      0.0     73.2     63.4     49.2      0.0
    19     1    25    11    23    21     0     3    -4.0   24.101  120.583     13.2    973.6    295.4    293.2      0.0     55.6     72.0    113.2      0.0
    20     1    25    11    23    21     0     3    -4.0   24.416  120.686      0.0    986.3    294.7    293.5      0.0    225.4     78.9     33.5      0.0
    21     1    25    11    23    21     0     3    -4.0   24.056  120.616     73.9    950.1    296.7    292.4      0.0     46.7     69.3    262.9      0.0
    22     1    25    11    23    21     0     3    -4.0   24.174  120.589     43.3    912.7    299.2    291.4      0.0      9.8     52.8    662.3      0.0
    23     1    25    11    23    21     0     3    -4.0   24.088  120.487     11.5    961.0    296.4    293.0      0.0     17.6     63.9    236.2      0.0
    24     1    25    11    23    21     0     3    -4.0   24.188  120.662     99.8    888.7    300.4    290.3      0.0      9.7     46.8    827.2      0.0
    25     1    25    11    23    21     0     3    -4.0   24.773  120.892      0.0    991.6    294.4    293.7      0.0    363.0     84.7      0.0      0.0
    26     1    25    11    23    21     0     3    -4.0   25.111  121.322      0.0    993.6    295.1    294.5      0.0    452.0     82.8      0.0      0.0
    27     1    25    11    23    21     0     3    -4.0   24.176  120.693      0.0    985.1    294.6    293.4      0.0    125.9     80.7     24.3      0.0
     1     1    25    11    23    20     0     2    -5.0   24.075  120.715    165.5    968.5    296.0    293.3      0.0     25.4     52.2    252.7      0.0
     2     1    25    11    23    20     0     2    -5.0   24.245  120.665     88.1    995.3    294.4    294.0      0.0    141.5     67.0     97.8      0.0
     3     1    25    11    23    20     0     2    -5.0   24.120  120.767    277.7    930.1    298.2    292.0      0.0     13.6     55.9    487.3      0.0
     4     1    25    11    23    20     0     2    -5.0   24.198  120.642    247.9    892.2    300.5    290.7      0.0     13.8     46.0    901.2      0.0
     5     1    25    11    23    20     0     2    -5.0   24.123  120.572    164.4    942.1    297.7    292.5      0.0     20.9     51.3    511.0      0.0
     6     1    25    11    23    20     0     2    -5.0   24.187  120.723    333.0    870.4    301.6    289.8      0.0     22.2     39.3   1011.4      0.0
     7     1    25    11    23    20     0     2    -5.0   24.528  120.836     23.3   1008.8    294.0    294.8      0.0    263.3     75.1     44.1      0.0
     8     1    25    11    23    20     0     2    -5.0   25.296  121.290      0.0   1016.5    294.5    295.9      0.0    670.7     81.8      0.0      0.0
     9     1    25    11    23    20     0     2    -5.0   24.158  120.815     76.6    993.0    294.3    293.7      0.0     67.7     62.9    124.5      0.0
    10     1    25    11    23    20     0     2    -5.0   24.075  120.715    412.9    968.5    296.0    293.3      0.0     25.4     52.2    252.7      0.0
    11     1    25    11    23    20     0     2    -5.0   24.245  120.665    337.1    995.3    294.4    294.0      0.0    141.5     67.0     97.8      0.0
    12     1    25    11    23    20     0     2    -5.0   24.121  120.768    519.1    930.2    298.2    292.1      0.0     13.6     55.5    489.8      0.0
    13     1    25    11    23    20     0     2    -5.0   24.198  120.642    488.9    892.2    300.5    290.7      0.0     13.8     46.0    901.2      0.0
    14     1    25    11    23    20     0     2    -5.0   24.123  120.572    409.3    942.1    297.7    292.5      0.0     20.9     51.3    511.0      0.0
    15     1    25    11    23    20     0     2    -5.0   24.188  120.724    571.9    870.3    301.6    289.8      0.0     22.3     39.1   1014.1      0.0
    16     1    25    11    23    20     0     2    -5.0   24.527  120.836    270.6   1009.1    294.0    294.8      0.0    262.6     75.1     44.3      0.0
    17     1    25    11    23    20     0     2    -5.0   25.296  121.290    250.0   1016.5    294.5    295.9      0.0    670.7     81.8      0.0      0.0
    18     1    25    11    23    20     0     2    -5.0   24.166  120.814    310.2    995.2    294.2    293.7      0.0     67.3     62.4    120.5      0.0
    19     1    25    11    23    20     0     2    -5.0   24.032  120.591     23.9    971.4    295.5    293.1      0.0     62.3     73.3    118.6      0.0
    20     1    25    11    23    20     0     2    -5.0   24.514  120.750      0.0    989.9    294.6    293.8      0.0    295.3     80.8      0.1      0.0
    21     1    25    11    23    20     0     2    -5.0   23.976  120.602    103.0    943.1    297.1    292.1      0.0     63.0     71.0    298.4      0.0
    22     1    25    11    23    20     0     2    -5.0   24.131  120.589     62.7    913.6    299.2    291.4      0.0     14.5     53.8    630.8      0.0
    23     1    25    11    23    20     0     2    -5.0   24.026  120.468      4.7    959.6    296.4    292.9      0.0     35.9     63.5    254.0      0.0
    24     1    25    11    23    20     0     2    -5.0   24.168  120.668    121.1    881.0    300.9    290.1      0.0     19.9     46.3    880.9      0.0
    25     1    25    11    23    20     0     2    -5.0   24.957  121.038      0.0    992.0    294.9    294.2      0.0    379.9     83.9      6.0      0.0
    26     1    25    11    23    20     0     2    -5.0   25.169  121.622      0.0    987.8    295.3    294.2      0.0    525.0     83.0     16.5      0.0
    27     1    25    11    23    20     0     2    -5.0   24.118  120.701      0.0    984.2    294.7    293.4      0.0    132.7     81.0     31.4      0.0
     1     1    25    11    23    19     0     1    -6.0   24.028  120.739    209.6    960.8    296.6    293.2      0.0     19.8     53.7    272.3      0.0
     2     1    25    11    23    19     0     1    -6.0   24.279  120.694    106.1    993.0    294.6    294.0      0.0    174.7     67.9     99.5      0.0
     3     1    25    11    23    19     0     1    -6.0   24.084  120.771    300.8    921.0    298.6    291.6      0.0     17.7     57.5    547.4      0.0
     4     1    25    11    23    19     0     1    -6.0   24.176  120.635    255.3    896.5    300.3    290.9      0.0     18.8     46.9    850.7      0.0
     5     1    25    11    23    19     0     1    -6.0   24.088  120.561    180.5    941.8    297.6    292.5      0.0     28.6     53.1    496.6      0.0
     6     1    25    11    23    19     0     1    -6.0   24.182  120.726    304.6    871.1    301.8    290.1      0.0     35.1     37.6   1031.5      0.0
     7     1    25    11    23    19     0     1    -6.0   24.629  120.915     41.0   1006.5    294.2    294.8      0.0    305.7     74.7     44.3      0.0
     8     1    25    11    23    19     0     1    -6.0   25.427  121.527      0.0   1016.2    294.5    295.9      0.0    670.9     80.4      0.0      0.0
     9     1    25    11    23    19     0     1    -6.0   24.102  120.842    121.8    979.7    295.3    293.5      0.0     72.2     64.0    194.0      0.0
    10     1    25    11    23    19     0     1    -6.0   24.028  120.739    456.9    960.8    296.6    293.2      0.0     19.8     53.7    272.3      0.0
    11     1    25    11    23    19     0     1    -6.0   24.279  120.694    355.1    993.0    294.6    294.0      0.0    174.7     67.9     99.5      0.0
    12     1    25    11    23    19     0     1    -6.0   24.086  120.773    541.6    920.9    298.7    291.7      0.0     17.8     57.1    551.8      0.0
    13     1    25    11    23    19     0     1    -6.0   24.176  120.635    496.8    896.5    300.3    290.9      0.0     18.8     46.9    850.8      0.0
    14     1    25    11    23    19     0     1    -6.0   24.088  120.561    425.6    941.8    297.6    292.5      0.0     28.6     53.1    496.6      0.0
    15     1    25    11    23    19     0     1    -6.0   24.182  120.727    543.4    871.0    301.8    290.1      0.0     35.2     37.4   1034.1      0.0
    16     1    25    11    23    19     0     1    -6.0   24.627  120.914    289.2   1006.6    294.2    294.8      0.0    304.1     74.6     45.1      0.0
    17     1    25    11    23    19     0     1    -6.0   25.427  121.527    250.0   1016.2    294.5    295.9      0.0    670.9     80.4      0.0      0.0
    18     1    25    11    23    19     0     1    -6.0   24.112  120.846    361.7    980.6    295.2    293.5      0.0     69.8     63.0    194.6      0.0
    19     1    25    11    23    19     0     1    -6.0   23.965  120.599     28.9    968.3    295.7    293.0      0.0     58.0     73.3    139.4      0.0
    20     1    25    11    23    19     0     1    -6.0   24.649  120.888      0.0    986.6    295.1    293.9      0.0    318.3     77.0     38.7      0.0
    21     1    25    11    23    19     0     1    -6.0   23.889  120.570    105.2    940.3    297.3    292.1      0.0     74.7     72.1    331.8      0.0
    22     1    25    11    23    19     0     1    -6.0   24.085  120.585     65.1    917.5    299.0    291.6      0.0     20.4     53.9    586.0      0.0
    23     1    25    11    23    19     0     1    -6.0   23.966  120.463      3.3    958.1    296.5    292.8      0.0     42.8     63.8    266.2      0.0
    24     1    25    11    23    19     0     1    -6.0   24.152  120.666     96.7    880.9    301.0    290.2      0.0     30.0     45.3    905.0      0.0
    25     1    25    11    23    19     0     1    -6.0   25.135  121.280      0.0    988.3    295.1    294.1      0.0    375.0     82.0     14.7      0.0
    26     1    25    11    23    19     0     1    -6.0   25.102  121.928     40.1    981.1    295.4    293.8      0.0    736.1     83.4     28.1      0.0
    27     1    25    11    23    19     0     1    -6.0   24.065  120.698      0.0    983.8    294.8    293.4      0.0    156.9     82.5     36.3      0.0
     1     1    25    11    23    18     0     0    -7.0   23.976  120.752    240.3    953.6    297.1    293.0      0.0     19.2     55.3    303.2      0.0
     2     1    25    11    23    18     0     0    -7.0   24.339  120.753    123.1    990.5    294.9    294.1      0.0    219.6     69.6     99.0      0.0
     3     1    25    11    23    18     0     0    -7.0   24.042  120.757    280.2    921.5    298.6    291.7      0.0     19.9     58.1    558.3      0.0
     4     1    25    11    23    18     0     0    -7.0   24.149  120.625    243.5    904.3    299.9    291.2      0.0     24.8     47.2    785.2      0.0
     5     1    25    11    23    18     0     0    -7.0   24.051  120.553    191.6    940.5    297.6    292.3      0.0     31.3     54.6    496.9      0.0
     6     1    25    11    23    18     0     0    -7.0   24.180  120.729    249.6    875.3    301.8    290.5      0.0     48.3     35.4   1044.0      0.0
     7     1    25    11    23    18     0     0    -7.0   24.764  121.033     41.3   1008.9    294.6    295.3      0.0    391.8     78.7     18.3      0.0
     8     1    25    11    23    18     0     0    -7.0   25.499  121.759      0.0   1016.2    294.7    296.0      0.0    726.2     78.2      0.0      0.0
     9     1    25    11    23    18     0     0    -7.0   24.037  120.839    136.8    974.4    295.7    293.5      0.0     93.3     68.0    224.5      0.0
    10     1    25    11    23    18     0     0    -7.0   23.976  120.752    487.3    953.6    297.1    293.0      0.0     19.2     55.3    303.2      0.0
    11     1    25    11    23    18     0     0    -7.0   24.339  120.753    372.1    990.5    294.9    294.1      0.0    219.6     69.6     99.0      0.0
    12     1    25    11    23    18     0     0    -7.0   24.043  120.760    520.9    921.2    298.7    291.7      0.0     20.2     57.6    565.3      0.0
    13     1    25    11    23    18     0     0    -7.0   24.149  120.625    485.6    904.3    299.9    291.2      0.0     24.8     47.2    785.2      0.0
    14     1    25    11    23    18     0     0    -7.0   24.051  120.553    436.6    940.5    297.6    292.3      0.0     31.3     54.6    496.9      0.0
    15     1    25    11    23    18     0     0    -7.0   24.181  120.731    488.5    875.1    301.8    290.5      0.0     48.4     35.3   1046.4      0.0
    16     1    25    11    23    18     0     0    -7.0   24.760  121.032    290.6   1009.0    294.6    295.3      0.0    392.6     78.7     17.8      0.0
    17     1    25    11    23    18     0     0    -7.0   25.499  121.759    250.0   1016.2    294.7    296.0      0.0    726.2     78.2      0.0      0.0
    18     1    25    11    23    18     0     0    -7.0   24.050  120.848    381.9    973.5    295.7    293.5      0.0     87.2     66.6    234.5      0.0
    19     1    25    11    23    18     0     0    -7.0   23.899  120.596     19.1    965.4    295.9    292.9      0.0     72.8     73.7    173.7      0.0
    20     1    25    11    23    18     0     0    -7.0   24.793  121.142      0.0    982.0    295.4    293.9      0.0    347.0     79.4     61.5      0.0
    21     1    25    11    23    18     0     0    -7.0   23.794  120.527     87.2    949.6    297.0    292.5      0.0     88.2     73.9    270.3      0.0
    22     1    25    11    23    18     0     0    -7.0   24.035  120.579     48.5    924.1    298.7    292.0      0.0     27.3     53.1    532.9      0.0
    23     1    25    11    23    18     0     0    -7.0   23.910  120.462      4.8    958.2    296.5    292.9      0.0     48.8     64.2    258.5      0.0
    24     1    25    11    23    18     0     0    -7.0   24.136  120.662     40.9    885.2    301.1    290.6      0.0     39.6     43.2    918.4      0.0
    25     1    25    11    23    18     0     0    -7.0   25.224  121.552     10.7    983.7    295.7    294.3      0.0    285.6     81.4     31.8      0.0
    26     1    25    11    23    18     0     0    -7.0   24.969  122.210     29.6    984.3    295.5    294.2      0.0    845.2     82.5      9.6      0.0
    27     1    25    11    23    18     0     0    -7.0   24.025  120.685      0.0    983.7    294.8    293.5      0.0    197.5     85.0     37.6      0.0
     1     1    25    11    23    17     0     1    -8.0   23.921  120.754    246.0    945.1    297.6    292.8      0.0     20.1     56.3    379.7      0.0
     2     1    25    11    23    17     0     1    -8.0   24.446  120.853    123.9    986.7    295.5    294.3      0.0    266.0     68.9    140.9      0.0
     3     1    25    11    23    17     0     1    -8.0   23.995  120.733    237.2    926.6    298.5    292.1      0.0     28.9     56.5    556.8      0.0
     4     1    25    11    23    17     0     1    -8.0   24.124  120.619    231.4    910.5    299.8    291.8      0.0     29.4     45.9    735.9      0.0
     5     1    25    11    23    17     0     1    -8.0   24.020  120.547    191.2    940.2    297.9    292.6      0.0     31.8     53.4    498.7      0.0
     6     1    25    11    23    17     0     1    -8.0   24.181  120.739    221.4    875.5    302.3    291.0      0.0     50.2     33.3   1068.9      0.0
     7     1    25    11    23    17     0     1    -8.0   24.929  121.192     54.3   1005.8    294.7    295.2      0.0    398.1     77.2     41.9      0.0
     8     1    25    11    23    17     0     1    -8.0   25.526  121.986      0.0   1017.8    294.8    296.3      0.0    770.8     75.1      0.0      0.0
     9     1    25    11    23    17     0     1    -8.0   23.968  120.814    131.8    975.8    295.8    293.7      0.0    120.0     71.0    220.2      0.0
    10     1    25    11    23    17     0     1    -8.0   23.921  120.754    492.2    945.1    297.6    292.8      0.0     20.1     56.3    379.7      0.0
    11     1    25    11    23    17     0     1    -8.0   24.446  120.853    372.5    986.7    295.5    294.3      0.0    266.0     68.9    140.9      0.0
    12     1    25    11    23    17     0     1    -8.0   23.997  120.737    478.9    926.3    298.5    292.1      0.0     26.9     56.0    561.9      0.0
    13     1    25    11    23    17     0     1    -8.0   24.124  120.619    474.1    910.5    299.8    291.8      0.0     29.4     45.9    735.9      0.0
    14     1    25    11    23    17     0     1    -8.0   24.020  120.547    436.2    940.2    297.9    292.6      0.0     31.8     53.4    498.7      0.0
    15     1    25    11    23    17     0     1    -8.0   24.183  120.740    460.5    875.3    302.3    291.0      0.0     50.4     33.1   1071.1      0.0
    16     1    25    11    23    17     0     1    -8.0   24.924  121.189    303.4   1005.7    294.7    295.2      0.0    394.1     77.0     43.1      0.0
    17     1    25    11    23    17     0     1    -8.0   25.526  121.986    250.0   1017.8    294.8    296.3      0.0    770.8     75.1      0.0      0.0
    18     1    25    11    23    17     0     1    -8.0   23.984  120.827    379.4    974.5    295.9    293.7      0.0    114.9     69.9    230.3      0.0
    19     1    25    11    23    17     0     1    -8.0   23.841  120.582      0.0    967.0    296.0    293.1      0.0    107.0     74.4    182.7      0.0
    20     1    25    11    23    17     0     1    -8.0   24.838  121.419     50.7    968.2    295.9    293.2      0.0    246.5     80.5    130.4      0.0
    21     1    25    11    23    17     0     1    -8.0   23.690  120.488     68.1    959.4    296.4    292.9      0.0    103.2     78.1    199.6      0.0
    22     1    25    11    23    17     0     1    -8.0   23.985  120.577     26.7    929.4    298.7    292.5      0.0     29.6     51.2    504.3      0.0
    23     1    25    11    23    17     0     1    -8.0   23.864  120.466      4.0    958.3    296.7    293.1      0.0     48.1     62.2    258.0      0.0
    24     1    25    11    23    17     0     1    -8.0   24.123  120.662      0.0    887.4    301.3    291.1      0.0     40.4     40.8    944.3      0.0
    25     1    25    11    23    17     0     1    -8.0   25.205  121.813    177.5    956.0    295.9    292.1      0.0    405.0     88.8    113.0      0.0
    26     1    25    11    23    17     0     1    -8.0   24.840  122.442      0.0    990.9    295.5    294.8      0.0    863.3     79.7      3.3      0.0
    27     1    25    11    23    17     0     1    -8.0   24.016  120.674      0.0    984.2    294.9    293.6      0.0    229.2     85.4     36.3      0.0
     1     1    25    11    23    16     0     2    -9.0   23.871  120.748    233.3    941.7    297.9    292.8      0.0     22.0     55.9    428.2      0.0
     2     1    25    11    23    16     0     2    -9.0   24.587  120.995    126.1    991.8    295.3    294.6      0.0    287.5     68.7     99.6      0.0
     3     1    25    11    23    16     0     2    -9.0   23.957  120.710    199.1    926.8    298.8    292.3      0.0     43.5     55.3    602.0      0.0
     4     1    25    11    23    16     0     2    -9.0   24.105  120.619    228.8    912.6    300.0    292.1      0.0     33.2     45.0    718.5      0.0
     5     1    25    11    23    16     0     2    -9.0   24.005  120.547    181.1    940.2    298.2    292.8      0.0     31.3     51.4    509.0      0.0
     6     1    25    11    23    16     0     2    -9.0   24.188  120.754    223.7    871.5    303.0    291.3      0.0     51.8     31.4   1104.6      0.0
     7     1    25    11    23    16     0     2    -9.0   25.097  121.420     79.1   1002.8    294.7    295.0      0.0    373.5     79.9     50.9      0.0
     8     1    25    11    23    16     0     2    -9.0   25.530  122.202      0.0   1017.8    294.9    296.4      0.0    791.2     73.9      0.0      0.0
     9     1    25    11    23    16     0     2    -9.0   23.912  120.791    130.0    977.1    295.9    293.9      0.0    139.9     72.8    215.9      0.0
    10     1    25    11    23    16     0     2    -9.0   23.871  120.748    479.0    941.7    297.9    292.8      0.0     22.0     55.9    428.2      0.0
    11     1    25    11    23    16     0     2    -9.0   24.587  120.995    375.1    991.8    295.3    294.6      0.0    287.5     68.7     99.6      0.0
    12     1    25    11    23    16     0     2    -9.0   23.959  120.714    440.6    926.6    298.8    292.3      0.0     41.3     54.7    605.9      0.0
    13     1    25    11    23    16     0     2    -9.0   24.105  120.619    471.6    912.6    300.0    292.1      0.0     33.2     45.0    718.5      0.0
    14     1    25    11    23    16     0     2    -9.0   24.005  120.547    426.0    940.2    298.2    292.8      0.0     31.3     51.4    509.0      0.0
    15     1    25    11    23    16     0     2    -9.0   24.190  120.756    462.8    871.2    303.0    291.3      0.0     51.6     31.5   1107.4      0.0
    16     1    25    11    23    16     0     2    -9.0   25.093  121.416    328.6   1002.8    294.7    295.0      0.0    376.6     79.9     51.4      0.0
    17     1    25    11    23    16     0     2    -9.0   25.530  122.202    250.0   1017.8    294.9    296.4      0.0    791.2     73.9      0.0      0.0
    18     1    25    11    23    16     0     2    -9.0   23.930  120.804    377.1    974.8    296.1    293.8      0.0    133.6     71.5    236.3      0.0
    19     1    25    11    23    16     0     2    -9.0   23.801  120.565      0.0    969.6    296.0    293.4      0.0    134.4     75.9    171.7      0.0
    20     1    25    11    23    16     0     2    -9.0   24.781  121.651    209.7    938.5    296.3    290.9      0.0    186.9     87.2    244.7      0.0
    21     1    25    11    23    16     0     2    -9.0   23.604  120.472     61.6    957.2    296.5    292.8      0.0    106.0     79.7    226.4      0.0
    22     1    25    11    23    16     0     2    -9.0   23.944  120.578     10.8    924.7    299.2    292.5      0.0     30.3     50.0    568.8      0.0
    23     1    25    11    23    16     0     2    -9.0   23.830  120.475      0.2    958.3    296.9    293.3      0.0     43.7     60.7    264.0      0.0
    24     1    25    11    23    16     0     2    -9.0   24.115  120.667      0.0    885.0    301.8    291.3      0.0     41.8     39.6    975.8      0.0
    25     1    25    11    23    16     0     2    -9.0   25.108  122.060    253.8    944.9    295.9    291.2      0.0    519.2     92.0    148.6      0.0
    26     1    25    11    23    16     0     2    -9.0   24.747  122.655      0.0    990.0    295.5    294.7      0.0    855.1     80.0      0.0      0.0
    27     1    25    11    23    16     0     2    -9.0   24.049  120.681      0.0    984.7    295.0    293.7      0.0    251.2     85.3     34.6      0.0
     1     1    25    11    23    15     0     3   -10.0   23.828  120.737    204.0    941.4    298.1    293.0      0.0     30.5     55.1    464.1      0.0
     2     1    25    11    23    15     0     3   -10.0   24.720  121.224    179.9    980.7    295.6    293.9      0.0    361.8     75.7    150.6      0.0
     3     1    25    11    23    15     0     3   -10.0   23.928  120.694    177.5    926.5    299.0    292.5      0.0     56.7     54.9    632.8      0.0
     4     1    25    11    23    15     0     3   -10.0   24.092  120.623    232.1    911.8    300.4    292.4      0.0     36.8     44.0    722.5      0.0
     5     1    25    11    23    15     0     3   -10.0   24.008  120.553    167.6    939.2    298.5    293.1      0.0     38.3     49.6    531.4      0.0
     6     1    25    11    23    15     0     3   -10.0   24.197  120.770    235.4    866.3    303.6    291.4      0.0     50.5     31.1   1145.0      0.0
     7     1    25    11    23    15     0     3   -10.0   25.176  121.657    120.5    992.1    295.4    294.7      0.0    279.5     80.1     96.8      0.0
     8     1    25    11    23    15     0     3   -10.0   25.525  122.408      0.0   1017.7    295.1    296.5      0.0    826.5     72.6      0.0      0.0
     9     1    25    11    23    15     0     3   -10.0   23.869  120.772    131.5    979.7    295.9    294.1      0.0    166.8     75.7    193.4      0.0
    10     1    25    11    23    15     0     3   -10.0   23.828  120.737    449.3    941.4    298.1    293.0      0.0     30.5     55.1    464.1      0.0
    11     1    25    11    23    15     0     3   -10.0   24.720  121.224    428.4    980.7    295.6    293.9      0.0    361.8     75.7    150.6      0.0
    12     1    25    11    23    15     0     3   -10.0   23.930  120.698    419.0    926.0    299.1    292.5      0.0     54.1     54.4    638.7      0.0
    13     1    25    11    23    15     0     3   -10.0   24.092  120.623    474.9    911.8    300.4    292.4      0.0     36.8     44.0    722.5      0.0
    14     1    25    11    23    15     0     3   -10.0   24.008  120.553    412.3    939.2    298.5    293.1      0.0     38.3     49.6    531.4      0.0
    15     1    25    11    23    15     0     3   -10.0   24.198  120.771    474.2    866.1    303.6    291.3      0.0     50.3     31.1   1147.2      0.0
    16     1    25    11    23    15     0     3   -10.0   25.174  121.654    368.3    992.3    295.4    294.7      0.0    280.3     80.1     96.0      0.0
    17     1    25    11    23    15     0     3   -10.0   25.525  122.408    250.0   1017.7    295.1    296.5      0.0    826.5     72.6      0.0      0.0
    18     1    25    11    23    15     0     3   -10.0   23.889  120.786    379.1    976.5    296.1    294.0      0.0    158.1     74.1    222.0      0.0
    19     1    25    11    23    15     0     3   -10.0   23.778  120.549      0.0    972.4    296.0    293.6      0.0    157.5     77.7    148.6      0.0
    20     1    25    11    23    15     0     3   -10.0   24.678  121.828    320.4    929.3    296.4    290.2      0.0    263.6     91.1    225.1      0.0
    21     1    25    11    23    15     0     3   -10.0   23.535  120.470     61.8    954.4    296.8    292.8      0.0     89.0     78.9    256.4      0.0
    22     1    25    11    23    15     0     3   -10.0   23.911  120.578      0.0    921.2    299.6    292.5      0.0     31.1     49.0    620.1      0.0
    23     1    25    11    23    15     0     3   -10.0   23.799  120.485      0.0    958.2    297.0    293.4      0.0     37.3     60.0    270.7      0.0
    24     1    25    11    23    15     0     3   -10.0   24.111  120.674      0.0    881.9    302.3    291.6      0.0     43.4     38.4   1004.8      0.0
    25     1    25    11    23    15     0     3   -10.0   25.002  122.269    146.3    971.9    295.7    293.3      0.0    821.1     87.9     20.6      0.0
    26     1    25    11    23    15     0     3   -10.0   24.682  122.866      0.0    991.1    295.4    294.7      0.0    841.6     79.9      0.0      0.0
    27     1    25    11    23    15     0     3   -10.0   24.117  120.708      0.0    985.1    295.1    293.8      0.0    262.5     85.0     32.5      0.0
     1     1    25    11    23    14     0     2   -11.0   23.797  120.729    174.8    942.2    298.5    293.4      0.0     37.6     54.5    485.0     50.2
     2     1    25    11    23    14     0     2   -11.0   24.758  121.483    281.4    965.8    296.0    293.0      0.0    240.6     78.9    174.3     42.6
     3     1    25    11    23    14     0     2   -11.0   23.913  120.685    171.8    926.3    299.4    292.8      0.0     67.9     55.0    642.7     50.5
     4     1    25    11    23    14     0     2   -11.0   24.086  120.633    240.5    907.9    301.0    292.6      0.0     46.3     44.4    752.0     49.8
     5     1    25    11    23    14     0     2   -11.0   24.041  120.573    165.4    933.4    299.1    293.2      0.0     90.2     51.3    590.5     49.0
     6     1    25    11    23    14     0     2   -11.0   24.203  120.784    252.1    861.2    304.0    291.2      0.0     47.3     32.9   1185.0     51.0
     7     1    25    11    23    14     0     2   -11.0   25.161  121.875    225.1    977.5    295.6    293.7      0.0    408.3     82.9    132.3     36.4
     8     1    25    11    23    14     0     2   -11.0   25.515  122.611      0.0   1018.1    295.1    296.6      0.0    859.6     71.5      0.0     40.3
     9     1    25    11    23    14     0     2   -11.0   23.848  120.755    119.3    986.8    295.7    294.6      0.0    195.8     76.2    146.8     49.9
    10     1    25    11    23    14     0     2   -11.0   23.797  120.729    420.0    942.2    298.5    293.4      0.0     37.6     54.5    485.0     50.2
    11     1    25    11    23    14     0     2   -11.0   24.758  121.483    529.6    965.8    296.0    293.0      0.0    240.6     78.9    174.3     42.6
    12     1    25    11    23    14     0     2   -11.0   23.915  120.689    413.8    925.6    299.5    292.8      0.0     64.9     54.5    650.5     50.6
    13     1    25    11    23    14     0     2   -11.0   24.086  120.633    483.0    907.9    301.0    292.6      0.0     46.3     44.4    752.0     49.8
    14     1    25    11    23    14     0     2   -11.0   24.041  120.573    409.5    933.4    299.1    293.2      0.0     90.2     51.3    590.5     49.0
    15     1    25    11    23    14     0     2   -11.0   24.205  120.785    490.4    861.0    304.0    291.2      0.0     47.2     32.9   1186.5     51.0
    16     1    25    11    23    14     0     2   -11.0   25.159  121.871    474.1    977.3    295.6    293.7      0.0    402.3     82.9    133.5     36.4
    17     1    25    11    23    14     0     2   -11.0   25.515  122.611    250.0   1018.1    295.1    296.6      0.0    859.6     71.5      0.0     40.3
    18     1    25    11    23    14     0     2   -11.0   23.873  120.770    370.8    982.2    296.0    294.5      0.0    187.0     74.7    183.7     49.7
    19     1    25    11    23    14     0     2   -11.0   23.788  120.538      0.0    975.8    296.0    293.9      0.0    194.3     78.4    124.4     48.7
    20     1    25    11    23    14     0     2   -11.0   24.602  121.966    230.2    959.1    295.9    292.4      0.0    574.1     88.1     48.5     41.1
    21     1    25    11    23    14     0     2   -11.0   23.485  120.475     60.9    951.9    297.0    292.8      0.0     58.6     78.4    279.4     51.0
    22     1    25    11    23    14     0     2   -11.0   23.887  120.581      0.0    916.7    300.2    292.8      0.0     30.1     48.8    666.7     50.0
    23     1    25    11    23    14     0     2   -11.0   23.772  120.495      0.0    957.5    297.4    293.7      0.0     31.5     60.7    278.7     48.3
    24     1    25    11    23    14     0     2   -11.0   24.110  120.685      2.1    877.2    302.9    291.7      0.0     43.4     38.2   1042.3     50.7
    25     1    25    11    23    14     0     2   -11.0   24.929  122.469     33.9    985.9    295.6    294.4      0.0    767.4     82.0      2.2     43.0
    26     1    25    11    23    14     0     2   -11.0   24.640  123.088      0.0    990.5    295.4    294.6      0.0    839.8     79.9      0.0     40.3
    27     1    25    11    23    14     0     2   -11.0   24.224  120.757      0.0    985.0    295.2    293.9      0.0    274.4     83.9     33.0     48.3
     1     1    25    11    23    13     0     1   -12.0   23.782  120.725    161.1    942.4    299.0    293.9      0.0     42.0     54.4    495.8    100.7
     2     1    25    11    23    13     0     1   -12.0   24.707  121.683    417.6    935.4    296.3    290.7      0.0    111.9     88.0    315.1     59.7
     3     1    25    11    23    13     0     1   -12.0   23.916  120.681    171.4    928.4    299.7    293.3      0.0     76.5     55.2    625.3    101.0
     4     1    25    11    23    13     0     1   -12.0   24.093  120.649    253.2    900.4    301.8    292.7      0.0     55.0     44.0    814.2     99.9
     5     1    25    11    23    13     0     1   -12.0   24.118  120.618    177.7    921.0    300.2    293.1      0.0    127.3     51.0    697.4     97.9
     6     1    25    11    23    13     0     1   -12.0   24.206  120.795    273.7    855.8    304.3    291.0      0.0     44.5     34.5   1221.8    102.0
     7     1    25    11    23    13     0     1   -12.0   25.109  122.082    215.2    979.5    295.7    293.9      0.0    510.1     82.3    132.6     71.2
     8     1    25    11    23    13     0     1   -12.0   25.511  122.815      0.0   1018.6    295.1    296.6      0.0    871.2     70.9      0.0     80.6
     9     1    25    11    23    13     0     1   -12.0   23.874  120.739     87.7    994.7    295.7    295.2      0.0    232.8     75.4    110.0     99.1
    10     1    25    11    23    13     0     1   -12.0   23.782  120.725    406.1    942.4    299.0    293.9      0.0     42.0     54.4    495.8    100.7
    11     1    25    11    23    13     0     1   -12.0   24.707  121.683    664.5    935.4    296.3    290.7      0.0    111.9     88.0    315.1     59.7
    12     1    25    11    23    13     0     1   -12.0   23.917  120.685    414.8    927.2    299.8    293.2      0.0     73.0     54.6    635.8    101.0
    13     1    25    11    23    13     0     1   -12.0   24.093  120.649    495.1    900.4    301.8    292.7      0.0     55.0     44.0    814.2     99.9
    14     1    25    11    23    13     0     1   -12.0   24.118  120.618    420.8    921.0    300.2    293.1      0.0    127.3     51.0    697.4     97.9
    15     1    25    11    23    13     0     1   -12.0   24.207  120.796    511.4    855.7    304.3    291.0      0.0     44.4     34.6   1222.8    102.0
    16     1    25    11    23    13     0     1   -12.0   25.108  122.078    467.2    978.7    295.7    293.9      0.0    501.7     82.5    136.4     70.7
    17     1    25    11    23    13     0     1   -12.0   25.511  122.815    250.0   1018.6    295.1    296.6      0.0    871.2     70.9      0.0     80.6
    18     1    25    11    23    13     0     1   -12.0   23.898  120.755    343.9    992.8    295.8    295.2      0.0    222.5     75.1    117.7     98.7
    19     1    25    11    23    13     0     1   -12.0   23.860  120.548      0.0    976.9    296.1    294.1      0.0    232.3     78.1    118.1     97.2
    20     1    25    11    23    13     0     1   -12.0   24.560  122.087     99.6    978.3    295.7    293.9      0.0    656.1     83.4      4.3     86.0
    21     1    25    11    23    13     0     1   -12.0   23.462  120.478     54.1    953.3    297.1    293.0      0.0     55.0     78.6    269.9    102.0
    22     1    25    11    23    13     0     1   -12.0   23.872  120.590      0.0    911.2    301.0    292.9      0.0     29.8     48.2    717.1    100.2
    23     1    25    11    23    13     0     1   -12.0   23.751  120.510      0.0    954.7    298.0    294.1      0.0     24.0     60.5    309.7     96.9
    24     1    25    11    23    13     0     1   -12.0   24.112  120.702     24.7    870.0    303.6    291.7      0.0     44.2     37.5   1093.5    101.5
    25     1    25    11    23    13     0     1   -12.0   24.888  122.665     21.1    987.3    295.6    294.5      0.0    771.7     81.7      0.0     83.9
    26     1    25    11    23    13     0     1   -12.0   24.619  123.321      0.0    989.9    295.5    294.6      0.0    859.0     79.6      0.0     80.7
    27     1    25    11    23    13     0     1   -12.0   24.395  120.840      0.0    975.3    296.1    294.0      0.0    277.8     76.5    123.0     96.7
