    10     1
    GFSQ    26     1     1     0     0
    GFSQ    26     1     2     0     0
    GFSQ    26     1     3     0     0
    GFSQ    26     1     4     0     0
    GFSQ    26     1     5     0     0
    GFSQ    26     1     6     0     0
    GFSQ    26     1     7     0     0
    GFSQ    26     1     8     0     0
    GFSQ    26     1     9     0     0
    GFSQ    26     1    10     0     0
    27 BACKWARD OMEGA   
    26     1     9    15   22.711  120.310    10.0
    26     1     9    15   22.711  120.310    10.0
    26     1     9    15   22.711  120.310    10.0
    26     1     9    15   22.711  120.310    10.0
    26     1     9    15   22.711  120.310    10.0
    26     1     9    15   22.711  120.310    10.0
    26     1     9    15   22.711  120.310    10.0
    26     1     9    15   22.711  120.310    10.0
    26     1     9    15   22.711  120.310    10.0
    26     1     9    15   22.711  120.310    10.0
    26     1     9    15   22.711  120.310    10.0
    26     1     9    15   22.711  120.310    10.0
    26     1     9    15   22.711  120.310    10.0
    26     1     9    15   22.711  120.310    10.0
    26     1     9    15   22.711  120.310    10.0
    26     1     9    15   22.711  120.310    10.0
    26     1     9    15   22.711  120.310    10.0
    26     1     9    15   22.711  120.310    10.0
    26     1     9    15   22.711  120.310    10.0
    26     1     9    15   22.711  120.310    10.0
    26     1     9    15   22.711  120.310    10.0
    26     1     9    15   22.711  120.310    10.0
    26     1     9    15   22.711  120.310    10.0
    26     1     9    15   22.711  120.310    10.0
    26     1     9    15   22.711  120.310    10.0
    26     1     9    15   22.711  120.310    10.0
    26     1     9    15   22.711  120.310    10.0
     8 PRESSURE THETA    AIR_TEMP RAINFALL MIXDEPTH RELHUMID TERR_MSL SUN_FLUX
     1     1    26     1     9    15     0     3     0.0   22.711  120.310     10.0   1015.3    288.3    289.6      0.0    303.2     53.5     34.8      1.0
     2     1    26     1     9    15     0     3     0.0   22.711  120.310     10.0   1013.8    287.0    288.1      0.0    200.8     56.7     51.7      0.4
     3     1    26     1     9    15     0     3     0.0   22.711  120.310     10.0   1016.7    290.2    291.6      0.0    578.1     56.7     11.2      0.9
     4     1    26     1     9    15     0     3     0.0   22.711  120.310     10.0    983.8    289.3    287.9      0.0    119.5     59.8    288.6      1.0
     5     1    26     1     9    15     0     3     0.0   22.711  120.310     10.0    974.1    288.2    285.9      0.0     30.0     63.5    381.9      0.5
     6     1    26     1     9    15     0     3     0.0   22.711  120.310     10.0    995.8    289.9    289.5      0.0    315.1     66.3    194.3      0.8
     7     1    26     1     9    15     0     3     0.0   22.711  120.310     10.0   1019.2    288.8    290.4      0.0    621.1     57.7      4.7      0.8
     8     1    26     1     9    15     0     3     0.0   22.711  120.310     10.0   1019.4    288.1    289.7      0.0    565.7     59.4      5.6      0.3
     9     1    26     1     9    15     0     3     0.0   22.711  120.310     10.0   1017.9    290.1    291.5      0.0    759.1     55.8      0.0      1.0
    10     1    26     1     9    15     0     3     0.0   22.711  120.310     10.0   1015.3    288.3    289.6      0.0    303.2     53.5     34.8      1.0
    11     1    26     1     9    15     0     3     0.0   22.711  120.310     10.0   1013.8    287.0    288.1      0.0    200.8     56.7     51.7      0.4
    12     1    26     1     9    15     0     3     0.0   22.711  120.310     10.0   1016.7    290.2    291.6      0.0    578.1     56.7     11.2      0.9
    13     1    26     1     9    15     0     3     0.0   22.711  120.310     10.0    983.8    289.3    287.9      0.0    119.5     59.8    288.6      1.0
    14     1    26     1     9    15     0     3     0.0   22.711  120.310     10.0    974.1    288.2    285.9      0.0     30.0     63.5    381.9      0.5
    15     1    26     1     9    15     0     3     0.0   22.711  120.310     10.0    995.8    289.9    289.5      0.0    315.1     66.3    194.3      0.8
    16     1    26     1     9    15     0     3     0.0   22.711  120.310     10.0   1019.2    288.8    290.4      0.0    621.1     57.7      4.7      0.8
    17     1    26     1     9    15     0     3     0.0   22.711  120.310     10.0   1019.4    288.1    289.7      0.0    565.7     59.4      5.6      0.3
    18     1    26     1     9    15     0     3     0.0   22.711  120.310     10.0   1017.9    290.1    291.5      0.0    759.1     55.8      0.0      1.0
    19     1    26     1     9    15     0     3     0.0   22.711  120.310     10.0    985.8    288.8    287.7      0.0    303.2     57.9     34.8      1.0
    20     1    26     1     9    15     0     3     0.0   22.711  120.310     10.0    984.3    288.3    287.0      0.0    200.8     57.8     51.7      0.4
    21     1    26     1     9    15     0     3     0.0   22.711  120.310     10.0    987.4    290.2    289.2      0.0    578.1     63.6     11.2      0.9
    22     1    26     1     9    15     0     3     0.0   22.711  120.310     10.0    955.4    290.7    286.8      0.0    119.5     60.8    288.6      1.0
    23     1    26     1     9    15     0     3     0.0   22.711  120.310     10.0    946.0    290.8    286.1      0.0     30.0     59.3    381.9      0.5
    24     1    26     1     9    15     0     3     0.0   22.711  120.310     10.0    967.1    290.6    287.8      0.0    315.1     70.7    194.3      0.8
    25     1    26     1     9    15     0     3     0.0   22.711  120.310     10.0    989.7    288.7    287.8      0.0    621.1     63.6      4.7      0.8
    26     1    26     1     9    15     0     3     0.0   22.711  120.310     10.0    989.8    288.1    287.3      0.0    565.7     64.6      5.6      0.3
    27     1    26     1     9    15     0     3     0.0   22.711  120.310     10.0    988.5    289.9    288.9      0.0    759.1     62.3      0.0      1.0
     1     1    26     1     9    14     0     2    -1.0   22.809  120.317     27.8   1012.3    288.2    289.2      0.0    257.9     52.5     44.6     49.4
     2     1    26     1     9    14     0     2    -1.0   22.796  120.324     25.8   1009.9    287.4    288.2      0.0    228.6     56.0     70.0     18.4
     3     1    26     1     9    14     0     2    -1.0   22.756  120.316     15.3   1015.9    290.2    291.5      0.0    534.9     54.4     15.2     51.6
     4     1    26     1     9    14     0     2    -1.0   22.734  120.308     83.5    975.0    290.0    287.8      0.0    116.3     58.4    290.1     58.7
     5     1    26     1     9    14     0     2    -1.0   22.725  120.316     82.7    962.5    289.8    286.5      0.0     28.9     60.4    412.1     28.2
     6     1    26     1     9    14     0     2    -1.0   22.724  120.329     85.3    981.2    290.3    288.7      0.0    316.5     67.7    249.0     48.4
     7     1    26     1     9    14     0     2    -1.0   22.877  120.361     11.4   1018.9    288.4    289.9      0.0    526.1     56.7     10.4     32.0
     8     1    26     1     9    14     0     2    -1.0   22.892  120.373     10.0   1019.0    287.8    289.3      0.0    520.6     58.4     11.5     20.1
     9     1    26     1     9    14     0     2    -1.0   22.832  120.350      8.6   1018.7    289.7    291.2      0.0    669.4     55.0      3.1     53.7
    10     1    26     1     9    14     0     2    -1.0   22.806  120.317    264.6   1013.8    288.3    289.4      0.0    258.2     52.4     44.5     50.0
    11     1    26     1     9    14     0     2    -1.0   22.791  120.323    265.7   1011.2    287.3    288.3      0.0    228.3     56.0     68.6     18.5
    12     1    26     1     9    14     0     2    -1.0   22.755  120.316    256.0   1016.6    290.2    291.6      0.0    534.9     54.4     15.2     51.6
    13     1    26     1     9    14     0     2    -1.0   22.734  120.309    324.9    975.3    290.0    287.8      0.0    116.0     58.4    293.5     58.7
    14     1    26     1     9    14     0     2    -1.0   22.725  120.317    325.2    962.5    289.8    286.5      0.0     28.9     60.5    416.3     28.2
    15     1    26     1     9    14     0     2    -1.0   22.723  120.329    325.3    981.9    290.3    288.7      0.0    316.2     67.7    250.3     48.4
    16     1    26     1     9    14     0     2    -1.0   22.877  120.361    251.2   1019.1    288.4    289.9      0.0    526.1     56.6     10.4     32.0
    17     1    26     1     9    14     0     2    -1.0   22.892  120.373    249.9   1019.0    287.8    289.3      0.0    520.6     58.4     11.5     20.1
    18     1    26     1     9    14     0     2    -1.0   22.832  120.350    250.0   1018.7    289.7    291.2      0.0    669.4     55.0      3.1     53.7
    19     1    26     1     9    14     0     2    -1.0   22.803  120.324     41.9    981.0    289.1    287.5      0.0    253.4     55.9     46.2     50.5
    20     1    26     1     9    14     0     2    -1.0   22.831  120.350     44.5    975.4    288.9    286.8      0.0    206.0     57.6     95.5     18.6
    21     1    26     1     9    14     0     2    -1.0   22.733  120.315      0.0    990.4    290.3    289.5      0.0    557.5     60.8     13.5     51.4
    22     1    26     1     9    14     0     2    -1.0   22.716  120.297      4.1    961.0    290.6    287.3      0.0    137.3     59.7    244.2     57.7
    23     1    26     1     9    14     0     2    -1.0   22.720  120.307     18.1    946.0    291.0    286.3      0.0     31.0     58.8    374.4     29.2
    24     1    26     1     9    14     0     2    -1.0   22.711  120.313      0.0    968.3    290.6    287.9      0.0    352.5     69.9    203.1     48.2
    25     1    26     1     9    14     0     2    -1.0   22.882  120.364     25.7    987.7    288.5    287.5      0.0    519.9     61.8     10.7     31.6
    26     1    26     1     9    14     0     2    -1.0   22.922  120.389     43.0    985.4    287.9    286.7      0.0    505.9     63.5     13.0     20.1
    27     1    26     1     9    14     0     2    -1.0   22.813  120.355      0.0    991.1    289.7    288.9      0.0    677.6     60.4      2.5     54.5
     1     1    26     1     9    13     0     1    -2.0   22.909  120.330     46.7   1008.7    288.4    289.1      0.0    257.2     52.8     56.8     67.8
     2     1    26     1     9    13     0     1    -2.0   22.904  120.345     45.5   1003.3    288.0    288.3      0.0    265.2     55.3    109.5     33.5
     3     1    26     1     9    13     0     1    -2.0   22.801  120.330     23.9   1014.5    290.1    291.3      0.0    488.8     53.2     23.1    105.2
     4     1    26     1     9    13     0     1    -2.0   22.755  120.311    128.6    967.8    290.5    287.7      0.0    110.5     58.2    308.3    117.8
     5     1    26     1     9    13     0     1    -2.0   22.750  120.315    110.4    959.1    290.4    286.8      0.0     23.6     59.5    416.8     49.6
     6     1    26     1     9    13     0     1    -2.0   22.729  120.353    136.1    968.0    290.5    287.8      0.0    311.3     70.2    316.5     97.9
     7     1    26     1     9    13     0     1    -2.0   23.048  120.402     11.7   1018.7    288.1    289.7      0.0    502.7     55.7     14.3     34.2
     8     1    26     1     9    13     0     1    -2.0   23.079  120.424     10.0   1018.7    287.7    289.3      0.0    534.9     57.3     11.2     58.9
     9     1    26     1     9    13     0     1    -2.0   22.974  120.387      7.9   1019.0    289.2    290.8      0.0    536.5     53.2     11.5    101.9
    10     1    26     1     9    13     0     1    -2.0   22.899  120.330    282.9   1010.3    288.4    289.2      0.0    257.9     52.5     56.0     70.9
    11     1    26     1     9    13     0     1    -2.0   22.893  120.343    285.4   1004.9    288.0    288.4      0.0    266.1     55.2    104.9     33.9
    12     1    26     1     9    13     0     1    -2.0   22.801  120.330    265.7   1015.4    290.1    291.4      0.0    489.0     53.1     23.1    105.1
    13     1    26     1     9    13     0     1    -2.0   22.754  120.313    372.9    967.6    290.5    287.7      0.0    110.0     58.2    313.2    117.9
    14     1    26     1     9    13     0     1    -2.0   22.749  120.316    354.8    958.6    290.4    286.8      0.0     23.8     59.5    422.2     49.7
    15     1    26     1     9    13     0     1    -2.0   22.729  120.355    379.4    968.0    290.5    287.8      0.0    309.7     70.2    319.4     98.0
    16     1    26     1     9    13     0     1    -2.0   23.047  120.402    251.4   1018.9    288.1    289.7      0.0    502.7     55.6     14.3     34.1
    17     1    26     1     9    13     0     1    -2.0   23.079  120.424    249.9   1018.7    287.7    289.3      0.0    534.9     57.3     11.2     58.8
    18     1    26     1     9    13     0     1    -2.0   22.974  120.387    249.9   1019.0    289.2    290.8      0.0    536.5     53.2     11.5    101.9
    19     1    26     1     9    13     0     1    -2.0   22.899  120.347     55.3    977.4    289.4    287.5      0.0    239.1     55.5     63.0     71.7
    20     1    26     1     9    13     0     1    -2.0   22.947  120.393     71.0    964.5    289.5    286.5      0.0    197.0     58.1    169.2     33.2
    21     1    26     1     9    13     0     1    -2.0   22.756  120.330      0.0    992.1    290.3    289.7      0.0    538.4     58.7     18.3    102.4
    22     1    26     1     9    13     0     1    -2.0   22.723  120.295      3.4    961.6    290.8    287.5      0.0    146.1     59.1    240.8    116.0
    23     1    26     1     9    13     0     1    -2.0   22.740  120.306     24.0    945.4    291.2    286.5      0.0     27.2     58.3    376.0     52.9
    24     1    26     1     9    13     0     1    -2.0   22.707  120.332      0.0    963.7    290.7    287.6      0.0    373.0     70.9    246.1     97.3
    25     1    26     1     9    13     0     1    -2.0   23.085  120.422     46.9    984.8    288.3    287.0      0.0    486.2     61.0     16.1     34.5
    26     1    26     1     9    13     0     1    -2.0   23.161  120.467     56.5    983.2    287.7    286.3      0.0    501.7     64.0      7.2     77.4
    27     1    26     1     9    13     0     1    -2.0   22.942  120.396      0.0    991.8    289.4    288.7      0.0    546.4     57.5     10.5    104.4
     1     1    26     1     9    12     0     0    -3.0   23.020  120.347     65.0   1004.2    288.6    288.9      0.0    265.7     53.3     78.0     59.6
     2     1    26     1     9    12     0     0    -3.0   23.043  120.363     55.0    998.7    288.5    288.4      0.0    318.9     54.9    141.8     62.4
     3     1    26     1     9    12     0     0    -3.0   22.844  120.353     37.3   1012.0    290.1    291.1      0.0    442.7     52.0     33.0    160.5
     4     1    26     1     9    12     0     0    -3.0   22.775  120.320    161.4    959.7    291.0    287.5      0.0    108.7     58.8    349.9    168.3
     5     1    26     1     9    12     0     0    -3.0   22.785  120.312    125.6    956.8    290.8    287.0      0.0     26.0     58.4    424.8     71.0
     6     1    26     1     9    12     0     0    -3.0   22.731  120.391    185.2    951.5    290.8    286.6      0.0    284.4     74.5    413.7    149.9
     7     1    26     1     9    12     0     0    -3.0   23.233  120.436     11.7   1018.5    288.1    289.7      0.0    558.7     55.2     17.4     54.6
     8     1    26     1     9    12     0     0    -3.0   23.285  120.479     10.0   1018.6    287.7    289.2      0.0    558.9     57.3      0.0    154.3
     9     1    26     1     9    12     0     0    -3.0   23.129  120.417      7.3   1018.8    289.0    290.6      0.0    500.7     51.7     15.6    101.6
    10     1    26     1     9    12     0     0    -3.0   23.003  120.347    303.0   1005.9    288.5    289.0      0.0    261.3     53.2     74.1     60.8
    11     1    26     1     9    12     0     0    -3.0   23.027  120.360    295.4    999.7    288.5    288.5      0.0    314.0     54.7    142.3     55.4
    12     1    26     1     9    12     0     0    -3.0   22.843  120.353    280.1   1012.9    290.1    291.2      0.0    443.7     51.9     33.0    160.3
    13     1    26     1     9    12     0     0    -3.0   22.775  120.322    406.9    959.2    291.0    287.5      0.0    108.2     58.9    355.0    168.6
    14     1    26     1     9    12     0     0    -3.0   22.784  120.313    370.5    956.4    290.8    287.0      0.0     26.0     58.5    429.7     71.0
    15     1    26     1     9    12     0     0    -3.0   22.731  120.392    429.3    951.1    290.8    286.6      0.0    281.6     74.6    418.1    150.0
    16     1    26     1     9    12     0     0    -3.0   23.230  120.435    251.4   1018.7    288.2    289.7      0.0    558.3     55.1     17.4     54.6
    17     1    26     1     9    12     0     0    -3.0   23.285  120.479    250.0   1018.6    287.7    289.2      0.0    558.9     57.3      0.0    154.3
    18     1    26     1     9    12     0     0    -3.0   23.129  120.417    249.8   1018.8    289.0    290.6      0.0    500.7     51.7     15.6    101.6
    19     1    26     1     9    12     0     0    -3.0   23.013  120.372     51.6    974.9    289.5    287.4      0.0    224.9     55.9     90.1     63.2
    20     1    26     1     9    12     0     0    -3.0   23.066  120.440    102.5    956.2    289.8    286.1      0.0    213.7     58.8    215.3     73.0
    21     1    26     1     9    12     0     0    -3.0   22.778  120.353      0.0    991.4    290.4    289.7      0.0    517.2     57.7     25.9    153.6
    22     1    26     1     9    12     0     0    -3.0   22.733  120.305      9.7    956.9    291.1    287.4      0.0    144.5     59.2    277.2    175.8
    23     1    26     1     9    12     0     0    -3.0   22.774  120.304     27.3    944.0    291.4    286.6      0.0     26.0     57.7    388.3     72.8
    24     1    26     1     9    12     0     0    -3.0   22.703  120.368     11.6    952.8    290.9    286.8      0.0    360.2     73.5    329.3    148.2
    25     1    26     1     9    12     0     0    -3.0   23.323  120.479     52.7    983.7    288.0    286.6      0.0    533.5     62.3     15.2     76.7
    26     1    26     1     9    12     0     0    -3.0   23.437  120.557     98.7    977.3    287.5    285.7      0.0    525.6     66.8     19.9    155.4
    27     1    26     1     9    12     0     0    -3.0   23.102  120.434      0.0    991.0    289.2    288.4      0.0    471.8     55.1     17.2    115.7
     1     1    26     1     9    11     0     1    -4.0   23.139  120.359     73.4    998.3    289.0    288.9      0.0    278.3     53.1    118.1     71.2
     2     1    26     1     9    11     0     1    -4.0   23.200  120.378     30.0   1004.6    288.8    289.2      0.0    406.7     52.2    109.2    172.0
     3     1    26     1     9    11     0     1    -4.0   22.891  120.366     47.2   1009.5    290.2    290.9      0.0    428.2     52.0     41.1    218.4
     4     1    26     1     9    11     0     1    -4.0   22.798  120.325    174.8    955.3    291.3    287.5      0.0    168.6     59.1    376.7    210.9
     5     1    26     1     9    11     0     1    -4.0   22.824  120.306    128.3    956.4    290.7    286.9      0.0     38.3     58.9    424.8     90.5
     6     1    26     1     9    11     0     1    -4.0   22.738  120.426    208.1    937.3    291.2    285.8      0.0    332.4     76.1    512.3    201.4
     7     1    26     1     9    11     0     1    -4.0   23.434  120.469     10.0   1018.2    288.3    289.8      0.0    570.0     54.1      5.4    169.9
     8     1    26     1     9    11     0     1    -4.0   23.506  120.542      7.9   1018.2    287.7    289.2      0.0    579.3     57.3      9.1    207.2
     9     1    26     1     9    11     0     1    -4.0   23.279  120.440      6.8   1018.0    288.8    290.3      0.0    517.1     51.1     17.8     65.8
    10     1    26     1     9    11     0     1    -4.0   23.117  120.360    314.8    999.7    289.0    288.9      0.0    273.5     53.0    112.7     73.2
    11     1    26     1     9    11     0     1    -4.0   23.178  120.373    274.8   1004.8    288.8    289.2      0.0    396.5     52.3    111.6    159.7
    12     1    26     1     9    11     0     1    -4.0   22.889  120.366    291.3   1010.2    290.2    291.0      0.0    429.5     52.0     41.0    218.1
    13     1    26     1     9    11     0     1    -4.0   22.797  120.327    420.6    954.8    291.4    287.4      0.0    168.4     59.1    381.6    211.3
    14     1    26     1     9    11     0     1    -4.0   22.823  120.308    373.4    955.9    290.7    286.9      0.0     38.5     59.0    429.3     90.5
    15     1    26     1     9    11     0     1    -4.0   22.738  120.427    452.2    936.7    291.2    285.8      0.0    329.9     76.2    517.9    201.6
    16     1    26     1     9    11     0     1    -4.0   23.429  120.468    249.9   1018.2    288.3    289.8      0.0    569.6     54.1      5.8    167.1
    17     1    26     1     9    11     0     1    -4.0   23.506  120.542    249.9   1018.2    287.7    289.2      0.0    579.3     57.3      9.1    207.3
    18     1    26     1     9    11     0     1    -4.0   23.279  120.440    249.8   1018.0    288.8    290.3      0.0    517.1     51.1     17.8     65.8
    19     1    26     1     9    11     0     1    -4.0   23.132  120.393     52.0    968.6    289.8    287.1      0.0    217.3     56.2    145.2     75.3
    20     1    26     1     9    11     0     1    -4.0   23.188  120.476     76.0    961.3    289.8    286.6      0.0    282.2     56.1    195.4    162.2
    21     1    26     1     9    11     0     1    -4.0   22.803  120.366      0.0    989.8    290.4    289.5      0.0    494.0     58.9     31.6    204.7
    22     1    26     1     9    11     0     1    -4.0   22.748  120.312     11.8    953.2    291.5    287.4      0.0    208.4     59.1    308.6    236.9
    23     1    26     1     9    11     0     1    -4.0   22.816  120.303     34.8    941.0    291.4    286.3      0.0     38.0     58.7    407.4     91.9
    24     1    26     1     9    11     0     1    -4.0   22.708  120.404     16.6    941.5    291.2    286.1      0.0    386.6     75.2    421.6    198.3
    25     1    26     1     9    11     0     1    -4.0   23.587  120.544     75.8    978.8    288.0    286.3      0.0    540.5     63.2     24.6    205.2
    26     1    26     1     9    11     0     1    -4.0   23.725  120.661    130.1    973.0    287.5    285.2      0.0    553.8     65.6     17.1    154.2
    27     1    26     1     9    11     0     1    -4.0   23.285  120.462      0.0    989.6    288.9    288.0      0.0    490.7     55.5     19.9     65.1
     1     1    26     1     9    10     0     2    -5.0   23.243  120.365     55.6    996.1    289.6    289.2      0.0    281.4     51.5    154.0     79.7
     2     1    26     1     9    10     0     2    -5.0   23.351  120.384      0.0   1010.6    289.0    289.9      0.0    471.8     50.2     70.8    250.0
     3     1    26     1     9    10     0     2    -5.0   22.956  120.357     47.5   1008.5    290.3    291.0      0.0    457.0     50.1     46.1    285.6
     4     1    26     1     9    10     0     2    -5.0   22.830  120.318    161.1    958.4    291.3    287.7      0.0    213.5     58.5    362.7    241.3
     5     1    26     1     9    10     0     2    -5.0   22.859  120.297    118.5    959.0    290.5    287.0      0.0     46.7     59.2    408.4    109.0
     6     1    26     1     9    10     0     2    -5.0   22.745  120.446    148.7    936.6    291.5    286.0      0.0    428.7     73.8    574.5    253.2
     7     1    26     1     9    10     0     2    -5.0   23.649  120.509      9.1   1018.2    288.0    289.5      0.0    612.6     55.2      3.7    260.4
     8     1    26     1     9    10     0     2    -5.0   23.754  120.616      0.8   1017.1    287.5    288.9      0.0    605.6     57.8     10.9    193.9
     9     1    26     1     9    10     0     2    -5.0   23.417  120.456      2.3   1017.3    289.4    290.8      0.0    529.4     48.9     19.3     85.8
    10     1    26     1     9    10     0     2    -5.0   23.217  120.366    301.2    997.2    289.5    289.3      0.0    278.6     51.6    146.8     82.5
    11     1    26     1     9    10     0     2    -5.0   23.325  120.378    249.3   1010.3    289.1    289.9      0.0    466.5     50.0     74.1    250.4
    12     1    26     1     9    10     0     2    -5.0   22.953  120.357    292.4   1009.1    290.3    291.1      0.0    458.0     50.1     45.8    284.9
    13     1    26     1     9    10     0     2    -5.0   22.829  120.319    407.0    957.9    291.4    287.7      0.0    213.9     58.6    367.4    241.9
    14     1    26     1     9    10     0     2    -5.0   22.858  120.298    363.5    958.7    290.5    287.0      0.0     47.0     59.3    412.4    109.1
    15     1    26     1     9    10     0     2    -5.0   22.746  120.448    391.9    935.9    291.5    286.0      0.0    427.0     74.0    581.5    253.6
    16     1    26     1     9    10     0     2    -5.0   23.644  120.507    250.0   1018.3    288.1    289.5      0.0    612.8     55.2      3.1    260.5
    17     1    26     1     9    10     0     2    -5.0   23.753  120.616    249.9   1017.1    287.5    288.9      0.0    605.6     57.8     10.9    193.9
    18     1    26     1     9    10     0     2    -5.0   23.417  120.456    249.8   1017.3    289.4    290.8      0.0    529.4     48.9     19.3     85.8
    19     1    26     1     9    10     0     2    -5.0   23.235  120.411     45.2    962.9    290.2    287.0      0.0    197.7     55.7    202.3     83.4
    20     1    26     1     9    10     0     2    -5.0   23.318  120.479      0.0    981.5    289.9    288.3      0.0    351.6     50.4    136.3    242.5
    21     1    26     1     9    10     0     2    -5.0   22.844  120.354      0.0    988.6    290.3    289.4      0.0    494.9     58.9     33.2    263.7
    22     1    26     1     9    10     0     2    -5.0   22.775  120.307      0.0    956.2    291.5    287.7      0.0    270.5     58.5    299.2    279.2
    23     1    26     1     9    10     0     2    -5.0   22.856  120.299     42.8    939.2    291.4    286.1      0.0     47.3     59.4    414.0    109.4
    24     1    26     1     9    10     0     2    -5.0   22.718  120.425      0.0    939.9    291.4    286.2      0.0    460.6     74.3    485.6    248.8
    25     1    26     1     9    10     0     2    -5.0   23.854  120.625    101.9    975.5    287.9    285.8      0.0    571.8     63.7     21.0    226.6
    26     1    26     1     9    10     0     2    -5.0   24.027  120.793    196.9    960.4    287.5    284.2      0.0    587.7     67.6     68.3    224.1
    27     1    26     1     9    10     0     2    -5.0   23.465  120.485      0.0    991.5    289.6    288.9      0.0    503.2     51.5     22.1     78.4
     1     1    26     1     9     9     0     3    -6.0   23.331  120.363     17.0   1002.8    290.0    290.2      0.0    334.3     48.7    130.9    163.1
     2     1    26     1     9     9     0     3    -6.0   23.525  120.395      0.0   1013.9    288.8    290.0      0.0    570.8     50.6     30.2    291.6
     3     1    26     1     9     9     0     3    -6.0   23.041  120.337     42.1   1008.6    290.5    291.2      0.0    512.1     48.2     49.2    314.5
     4     1    26     1     9     9     0     3    -6.0   22.870  120.301    133.3    966.8    291.1    288.2      0.0    229.6     57.6    312.9    256.7
     5     1    26     1     9     9     0     3    -6.0   22.889  120.283     96.5    965.2    290.2    287.2      0.0     50.5     59.1    371.4    127.0
     6     1    26     1     9     9     0     3    -6.0   22.744  120.448      0.0    951.5    292.0    287.8      0.0    553.7     67.1    579.8    302.6
     7     1    26     1     9     9     0     3    -6.0   23.890  120.564      2.7   1016.8    287.8    289.2      0.0    638.0     56.8      9.7    270.9
     8     1    26     1     9     9     0     3    -6.0   24.039  120.716      0.0   1016.9    287.1    288.4      0.0    643.1     59.0     17.0    279.3
     9     1    26     1     9     9     0     3    -6.0   23.543  120.470      0.0   1016.8    290.0    291.4      0.0    536.6     46.3     17.0    138.3
    10     1    26     1     9     9     0     3    -6.0   23.295  120.365    266.7   1001.2    290.0    290.1      0.0    308.5     49.1    143.0    133.2
    11     1    26     1     9     9     0     3    -6.0   23.496  120.386    249.7   1013.8    288.9    290.0      0.0    571.2     50.3     31.2    300.0
    12     1    26     1     9     9     0     3    -6.0   23.037  120.336    287.4   1009.1    290.5    291.3      0.0    516.0     48.1     48.8    318.5
    13     1    26     1     9     9     0     3    -6.0   22.869  120.302    378.8    966.5    291.1    288.2      0.0    230.9     57.7    317.4    257.6
    14     1    26     1     9     9     0     3    -6.0   22.888  120.284    341.3    965.0    290.2    287.2      0.0     50.9     59.1    375.0    127.2
    15     1    26     1     9     9     0     3    -6.0   22.745  120.451    244.1    950.5    292.0    287.7      0.0    553.5     67.2    588.6    303.2
    16     1    26     1     9     9     0     3    -6.0   23.884  120.562    249.9   1016.8    287.8    289.2      0.0    639.0     56.8      9.5    272.8
    17     1    26     1     9     9     0     3    -6.0   24.039  120.716    249.8   1016.9    287.1    288.4      0.0    643.0     59.0     17.1    279.3
    18     1    26     1     9     9     0     3    -6.0   23.543  120.470    249.8   1016.8    290.0    291.4      0.0    536.6     46.3     17.0    138.3
    19     1    26     1     9     9     0     3    -6.0   23.331  120.416      0.0    970.3    290.3    287.8      0.0    244.1     52.9    184.5    163.2
    20     1    26     1     9     9     0     3    -6.0   23.478  120.474      0.0    986.7    289.7    288.6      0.0    485.8     50.2     59.6    291.5
    21     1    26     1     9     9     0     3    -6.0   22.907  120.324      0.0    987.7    290.4    289.3      0.0    538.1     57.5     32.7    332.9
    22     1    26     1     9     9     0     3    -6.0   22.815  120.290      0.0    962.5    291.3    288.1      0.0    305.6     57.4    252.9    302.4
    23     1    26     1     9     9     0     3    -6.0   22.896  120.289     42.6    940.7    291.2    286.0      0.0     52.4     59.8    397.9    125.3
    24     1    26     1     9     9     0     3    -6.0   22.726  120.428      0.0    942.7    291.7    286.7      0.0    563.2     70.9    504.5    298.0
    25     1    26     1     9     9     0     3    -6.0   24.151  120.722    146.5    970.3    287.3    284.8      0.0    598.9     66.6     20.8    242.2
    26     1    26     1     9     9     0     3    -6.0   24.284  120.956    304.4    943.7    287.5    282.8      0.0    661.4     69.1    107.8    338.4
    27     1    26     1     9     9     0     3    -6.0   23.647  120.511      0.0    992.0    289.5    288.8      0.0    543.6     51.5     19.5    220.5
     1     1    26     1     9     8     0     2    -7.0   23.422  120.357      0.0   1007.1    289.8    290.4      0.0    497.4     46.8     99.4    255.8
     2     1    26     1     9     8     0     2    -7.0   23.734  120.423      0.0   1015.4    288.3    289.6      0.0    700.3     51.5     17.6    344.0
     3     1    26     1     9     8     0     2    -7.0   23.116  120.315     36.3   1009.6    289.8    290.6      0.0    504.4     48.6     47.8    251.3
     4     1    26     1     9     8     0     2    -7.0   22.915  120.285    115.0    973.7    290.5    288.2      0.0    284.7     56.8    266.1    226.7
     5     1    26     1     9     8     0     2    -7.0   22.915  120.272     77.2    970.5    289.8    287.2      0.0    112.4     58.6    345.0    138.8
     6     1    26     1     9     8     0     2    -7.0   22.739  120.433      0.0    956.2    292.3    288.6      0.0    673.1     63.2    534.3    354.1
     7     1    26     1     9     8     0     2    -7.0   24.169  120.647      0.0   1016.8    287.3    288.7      0.0    683.4     56.1     13.8    377.2
     8     1    26     1     9     8     0     2    -7.0   24.327  120.850      0.0   1014.1    286.8    288.0      0.0    784.3     56.1     41.9    428.0
     9     1    26     1     9     8     0     2    -7.0   23.688  120.483      0.0   1017.5    289.4    290.8      0.0    690.6     47.0      5.4    291.1
    10     1    26     1     9     8     0     2    -7.0   23.370  120.360    248.8   1005.1    289.8    290.2      0.0    450.0     47.6    117.2    219.0
    11     1    26     1     9     8     0     2    -7.0   23.701  120.412    249.8   1015.3    288.4    289.6      0.0    700.7     51.3     19.3    346.1
    12     1    26     1     9     8     0     2    -7.0   23.112  120.315    281.5   1010.2    289.8    290.7      0.0    507.7     48.5     47.3    254.8
    13     1    26     1     9     8     0     2    -7.0   22.914  120.286    359.0    973.7    290.5    288.2      0.0    286.7     56.7    269.7    227.7
    14     1    26     1     9     8     0     2    -7.0   22.913  120.273    320.4    970.5    289.8    287.3      0.0    113.2     58.6    348.2    139.2
    15     1    26     1     9     8     0     2    -7.0   22.739  120.438    244.5    954.8    292.4    288.5      0.0    672.4     63.4    546.1    354.3
    16     1    26     1     9     8     0     2    -7.0   24.163  120.645    249.9   1016.8    287.4    288.7      0.0    684.4     56.0     13.6    376.6
    17     1    26     1     9     8     0     2    -7.0   24.327  120.850    249.6   1014.1    286.8    288.0      0.0    784.3     56.1     41.9    428.0
    18     1    26     1     9     8     0     2    -7.0   23.688  120.483    249.9   1017.5    289.4    290.8      0.0    690.6     47.0      5.4    291.1
    19     1    26     1     9     8     0     2    -7.0   23.432  120.408      0.0    980.1    289.9    288.3      0.0    420.8     50.6    139.9    253.4
    20     1    26     1     9     8     0     2    -7.0   23.675  120.490      0.0    985.4    288.8    287.5      0.0    694.9     53.7     31.6    333.9
    21     1    26     1     9     8     0     2    -7.0   22.984  120.289      0.0    987.2    290.0    289.0      0.0    582.8     55.0     31.9    348.0
    22     1    26     1     9     8     0     2    -7.0   22.861  120.273      0.0    966.1    290.8    288.0      0.0    368.2     56.8    203.4    268.9
    23     1    26     1     9     8     0     2    -7.0   22.934  120.282     52.7    940.3    290.9    285.7      0.0    111.5     60.5    393.4    137.7
    24     1    26     1     9     8     0     2    -7.0   22.737  120.414      0.0    947.9    292.0    287.5      0.0    676.5     66.4    480.5    352.7
    25     1    26     1     9     8     0     2    -7.0   24.446  120.871    243.9    951.6    287.6    283.5      0.0    716.5     65.9     92.5    416.6
    26     1    26     1     9     8     0     2    -7.0   24.480  121.120    415.5    930.5    287.8    281.9      0.0    836.6     69.1    112.2    425.5
    27     1    26     1     9     8     0     2    -7.0   23.870  120.541      0.0    988.5    288.6    287.7      0.0    694.7     55.7     19.8    345.6
     1     1    26     1     9     7     0     1    -8.0   23.526  120.352      0.0   1010.2    289.8    290.6      0.0    690.0     44.9     69.1    329.2
     2     1    26     1     9     7     0     1    -8.0   23.994  120.484      0.0   1016.6    287.5    288.9      0.0    706.2     53.4     21.9    486.9
     3     1    26     1     9     7     0     1    -8.0   23.174  120.302     31.3   1010.6    289.3    290.2      0.0    510.0     48.6     46.2    221.1
     4     1    26     1     9     7     0     1    -8.0   22.958  120.283    123.2    972.0    290.1    287.7      0.0    328.7     57.6    272.5    198.3
     5     1    26     1     9     7     0     1    -8.0   22.942  120.271     74.4    969.7    289.6    287.0      0.0    165.3     58.8    356.9    153.2
     6     1    26     1     9     7     0     1    -8.0   22.743  120.405      0.0    963.7    292.6    289.5      0.0    798.3     58.8    464.7    412.4
     7     1    26     1     9     7     0     1    -8.0   24.478  120.770      0.0   1016.8    286.7    288.1      0.0    782.8     55.8     15.3    512.5
     8     1    26     1     9     7     0     1    -8.0   24.594  120.994      0.0   1019.3    286.3    287.9      0.0    923.4     54.6      0.0    512.7
     9     1    26     1     9     7     0     1    -8.0   23.870  120.502      0.0   1017.7    289.0    290.4      0.0    818.0     48.0      0.8    393.1
    10     1    26     1     9     7     0     1    -8.0   23.456  120.357    249.1   1007.9    289.8    290.4      0.0    624.2     45.3     90.3    292.8
    11     1    26     1     9     7     0     1    -8.0   23.950  120.468    249.8   1016.4    287.7    289.1      0.0    729.8     52.4     20.4    484.3
    12     1    26     1     9     7     0     1    -8.0   23.169  120.301    276.4   1011.3    289.3    290.3      0.0    513.1     48.4     45.3    224.2
    13     1    26     1     9     7     0     1    -8.0   22.956  120.283    363.4    972.6    290.1    287.7      0.0    330.9     57.4    274.3    199.4
    14     1    26     1     9     7     0     1    -8.0   22.941  120.272    314.3    970.2    289.6    287.1      0.0    166.6     58.7    358.9    153.6
    15     1    26     1     9     7     0     1    -8.0   22.743  120.412    245.2    961.7    292.7    289.4      0.0    796.2     59.1    481.7    411.8
    16     1    26     1     9     7     0     1    -8.0   24.472  120.767    249.9   1017.0    286.7    288.1      0.0    780.1     55.9     13.8    511.8
    17     1    26     1     9     7     0     1    -8.0   24.593  120.994    250.0   1019.3    286.3    287.9      0.0    923.4     54.6      0.0    512.7
    18     1    26     1     9     7     0     1    -8.0   23.870  120.502    250.0   1017.7    289.0    290.4      0.0    818.0     48.0      0.8    393.1
    19     1    26     1     9     7     0     1    -8.0   23.536  120.401      0.0    983.2    289.6    288.2      0.0    633.2     49.6     99.7    316.4
    20     1    26     1     9     7     0     1    -8.0   23.923  120.543     13.6    980.4    288.3    286.7      0.0    755.2     54.8     70.8    474.7
    21     1    26     1     9     7     0     1    -8.0   23.051  120.257      0.0    988.3    289.4    288.4      0.0    565.4     55.0     25.6    303.2
    22     1    26     1     9     7     0     1    -8.0   22.905  120.269     16.2    963.6    290.4    287.3      0.0    414.8     58.1    199.9    236.4
    23     1    26     1     9     7     0     1    -8.0   22.967  120.288     91.4    931.7    291.1    285.2      0.0    162.5     61.5    435.6    157.7
    24     1    26     1     9     7     0     1    -8.0   22.755  120.378      0.0    957.7    292.2    288.6      0.0    803.7     61.5    401.8    415.7
    25     1    26     1     9     7     0     1    -8.0   24.677  121.033    355.6    939.0    287.5    282.4      0.0    856.8     66.0     92.2    513.5
    26     1    26     1     9     7     0     1    -8.0   24.640  121.287    467.1    923.8    287.6    281.1      0.0   1031.2     70.2    124.0    508.3
    27     1    26     1     9     7     0     1    -8.0   24.116  120.600      0.0    987.7    288.1    287.1      0.0    805.7     56.5     16.2    442.3
     1     1    26     1     9     6     0     0    -9.0   23.639  120.356      0.0   1012.5    289.5    290.5      0.0    874.3     44.7     47.5    403.7
     2     1    26     1     9     6     0     0    -9.0   24.283  120.593      0.0   1013.0    287.2    288.2      0.0    863.8     51.6     48.7    600.4
     3     1    26     1     9     6     0     0    -9.0   23.220  120.304     27.3   1010.9    288.9    289.8      0.0    523.2     48.5     49.2    214.4
     4     1    26     1     9     6     0     0    -9.0   22.998  120.297    166.0    959.6    290.1    286.6      0.0    364.7     60.5    341.2    177.0
     5     1    26     1     9     6     0     0    -9.0   22.972  120.278     92.6    963.1    289.6    286.4      0.0    209.4     60.1    401.1    175.7
     6     1    26     1     9     6     0     0    -9.0   22.762  120.351      0.0    978.6    292.7    290.9      0.0    942.7     53.6    331.6    480.2
     7     1    26     1     9     6     0     0    -9.0   24.762  120.914      0.0   1019.3    286.2    287.8      0.0    903.2     53.6      0.0    600.4
     8     1    26     1     9     6     0     0    -9.0   24.830  121.164      0.0   1018.8    286.0    287.5      0.0   1105.7     52.2     10.5    595.2
     9     1    26     1     9     6     0     0    -9.0   24.096  120.542      0.0   1017.5    288.1    289.6      0.0    859.6     50.8      7.2    528.6
    10     1    26     1     9     6     0     0    -9.0   23.543  120.356    249.3   1010.0    289.8    290.6      0.0    804.7     43.6     68.6    349.5
    11     1    26     1     9     6     0     0    -9.0   24.244  120.572    249.5   1013.3    287.2    288.2      0.0    845.0     52.1     45.1    600.4
    12     1    26     1     9     6     0     0    -9.0   23.215  120.300    272.5   1011.6    289.0    289.9      0.0    526.7     48.3     47.4    217.6
    13     1    26     1     9     6     0     0    -9.0   22.996  120.297    399.5    961.1    290.0    286.7      0.0    367.1     60.0    341.1    178.0
    14     1    26     1     9     6     0     0    -9.0   22.970  120.278    326.8    964.5    289.6    286.5      0.0    210.5     59.7    400.3    175.6
    15     1    26     1     9     6     0     0    -9.0   22.760  120.361    246.4    975.4    292.8    290.7      0.0    938.6     54.0    358.8    479.1
    16     1    26     1     9     6     0     0    -9.0   24.757  120.910    250.0   1019.4    286.2    287.8      0.0    900.6     53.6      0.0    600.4
    17     1    26     1     9     6     0     0    -9.0   24.830  121.164    249.9   1018.8    286.0    287.5      0.0   1105.6     52.2     10.5    595.2
    18     1    26     1     9     6     0     0    -9.0   24.096  120.542    249.9   1017.5    288.1    289.6      0.0    859.6     50.8      7.2    528.6
    19     1    26     1     9     6     0     0    -9.0   23.634  120.405      0.0    983.9    289.4    288.0      0.0    856.4     49.7     71.0    382.6
    20     1    26     1     9     6     0     0    -9.0   24.182  120.644     36.3    972.6    288.2    285.9      0.0    885.2     53.5    115.1    600.4
    21     1    26     1     9     6     0     0    -9.0   23.105  120.230      0.0    989.6    288.8    287.9      0.0    567.6     55.6     21.5    276.5
    22     1    26     1     9     6     0     0    -9.0   22.945  120.280     70.5    951.4    290.5    286.3      0.0    458.7     60.3    256.3    211.7
    23     1    26     1     9     6     0     0    -9.0   22.987  120.301    161.4    917.3    291.9    284.7      0.0    216.1     62.3    500.2    189.2
    24     1    26     1     9     6     0     0    -9.0   22.791  120.315      0.0    972.6    292.0    289.6      0.0    941.8     56.7    243.5    472.3
    25     1    26     1     9     6     0     0    -9.0   24.865  121.203    447.9    931.3    287.2    281.5      0.0   1101.3     67.0     75.0    597.4
    26     1    26     1     9     6     0     0    -9.0   24.757  121.460    518.4    921.1    287.3    280.6      0.0   1278.7     69.6    101.0    592.4
    27     1    26     1     9     6     0     0    -9.0   24.397  120.685      0.3    988.1    287.7    286.7      0.0    823.2     54.3     17.3    598.0
     1     1    26     1     9     5     0     1   -10.0   23.776  120.372      0.0   1015.7    288.6    289.9      0.0    861.2     45.5     25.5    440.6
     2     1    26     1     9     5     0     1   -10.0   24.556  120.741      0.0   1019.9    286.0    287.7      0.0    950.3     52.4      0.0    565.8
     3     1    26     1     9     5     0     1   -10.0   23.266  120.315     26.0   1010.6    288.3    289.2      0.0    459.5     48.1     59.1    174.5
     4     1    26     1     9     5     0     1   -10.0   23.033  120.306    214.4    948.7    290.1    285.7      0.0    315.3     62.0    399.6    177.3
     5     1    26     1     9     5     0     1   -10.0   22.996  120.279     98.7    961.4    289.5    286.2      0.0    266.0     60.1    418.9    193.2
     6     1    26     1     9     5     0     1   -10.0   22.797  120.277      0.0   1002.1    291.4    291.6      0.0    917.7     50.8    138.7    403.0
     7     1    26     1     9     5     0     1   -10.0   25.021  121.096      0.0   1020.0    285.7    287.3      0.0   1104.1     52.3      8.2    562.8
     8     1    26     1     9     5     0     1   -10.0   25.020  121.358      0.0   1021.4    285.3    287.0      0.0   1261.8     51.9      0.0    560.2
     9     1    26     1     9     5     0     1   -10.0   24.375  120.628      0.0   1017.8    287.3    288.7      0.0    799.4     51.1     12.0    563.7
    10     1    26     1     9     5     0     1   -10.0   23.646  120.364    249.5   1013.2    288.9    290.0      0.0    802.0     44.6     49.6    384.4
    11     1    26     1     9     5     0     1   -10.0   24.520  120.718    250.0   1019.8    286.1    287.7      0.0    929.1     52.3      0.0    565.8
    12     1    26     1     9     5     0     1   -10.0   23.260  120.310    271.4   1011.5    288.3    289.3      0.0    461.1     47.9     55.7    173.5
    13     1    26     1     9     5     0     1   -10.0   23.032  120.306    441.9    950.9    290.0    285.8      0.0    315.5     61.7    398.6    177.1
    14     1    26     1     9     5     0     1   -10.0   22.995  120.278    325.9    964.0    289.5    286.4      0.0    265.5     59.5    414.5    192.6
    15     1    26     1     9     5     0     1   -10.0   22.793  120.292    248.2    997.4    291.6    291.3      0.0    913.6     51.5    179.4    404.7
    16     1    26     1     9     5     0     1   -10.0   25.017  121.092    249.9   1020.0    285.7    287.3      0.0   1101.8     52.4      8.0    562.9
    17     1    26     1     9     5     0     1   -10.0   25.020  121.358    250.0   1021.4    285.3    287.0      0.0   1261.8     51.9      0.0    560.2
    18     1    26     1     9     5     0     1   -10.0   24.375  120.628    249.9   1017.8    287.3    288.7      0.0    799.4     51.1     12.0    563.7
    19     1    26     1     9     5     0     1   -10.0   23.739  120.417      0.0    987.0    288.6    287.5      0.0    866.5     49.9     40.8    408.7
    20     1    26     1     9     5     0     1   -10.0   24.444  120.787     14.3    980.3    286.9    285.2      0.0    931.8     53.5     79.6    566.6
    21     1    26     1     9     5     0     1   -10.0   23.164  120.215      0.0    990.4    288.2    287.4      0.0    545.7     54.6     20.2    206.9
    22     1    26     1     9     5     0     1   -10.0   22.969  120.290    125.7    940.9    290.5    285.4      0.0    361.1     61.9    304.2    181.0
    23     1    26     1     9     5     0     1   -10.0   22.985  120.309    251.1    905.1    292.4    284.0      0.0    286.9     64.1    530.5    207.3
    24     1    26     1     9     5     0     1   -10.0   22.841  120.244      0.0    987.1    290.6    289.5      0.0    870.0     55.2     65.6    375.4
    25     1    26     1     9     5     0     1   -10.0   25.009  121.402    550.8    920.1    286.5    279.8      0.0   1212.7     71.4     78.9    559.4
    26     1    26     1     9     5     0     1   -10.0   24.834  121.642    547.5    914.7    286.4    279.2      0.0   1317.2     74.3    126.5    557.4
    27     1    26     1     9     5     0     1   -10.0   24.722  120.842     73.7    974.8    286.8    284.7      0.0    844.5     57.0     63.9    565.8
     1     1    26     1     9     4     0     2   -11.0   23.953  120.416      0.0   1017.0    287.9    289.3      0.0    791.6     45.3     19.5    498.3
     2     1    26     1     9     4     0     2   -11.0   24.795  120.943      0.8   1019.6    285.7    287.3      0.0   1153.3     49.5     14.9    525.7
     3     1    26     1     9     4     0     2   -11.0   23.320  120.320     21.9   1010.7    288.0    288.8      0.0    430.0     47.6     71.6    172.4
     4     1    26     1     9     4     0     2   -11.0   23.057  120.299    222.0    950.3    289.7    285.4      0.0    293.8     61.6    385.9    176.9
     5     1    26     1     9     4     0     2   -11.0   23.009  120.261     53.6    975.1    289.1    287.0      0.0    339.6     57.3    348.5    205.4
     6     1    26     1     9     4     0     2   -11.0   22.838  120.204      0.0   1012.9    290.0    291.1      0.0    791.2     51.3     55.9    307.3
     7     1    26     1     9     4     0     2   -11.0   25.222  121.310      4.1   1021.4    285.2    286.9      0.0   1265.3     50.7      5.3    528.0
     8     1    26     1     9     4     0     2   -11.0   25.181  121.563      0.0   1021.0    285.0    286.7      0.0   1357.6     50.5      8.3    524.4
     9     1    26     1     9     4     0     2   -11.0   24.699  120.779      0.0   1017.3    286.2    287.6      0.0    821.5     52.5     25.3    531.1
    10     1    26     1     9     4     0     2   -11.0   23.778  120.386    249.7   1016.1    288.0    289.3      0.0    763.3     45.0     28.1    403.7
    11     1    26     1     9     4     0     2   -11.0   24.767  120.918    249.9   1019.6    285.7    287.3      0.0   1137.0     49.8     14.7    526.0
    12     1    26     1     9     4     0     2   -11.0   23.315  120.315    268.0   1011.6    287.9    288.9      0.0    431.4     47.3     67.4    170.4
    13     1    26     1     9     4     0     2   -11.0   23.057  120.298    448.3    952.9    289.6    285.5      0.0    293.4     61.3    382.4    176.6
    14     1    26     1     9     4     0     2   -11.0   23.009  120.258    271.2    979.6    289.1    287.4      0.0    338.2     56.3    338.5    204.2
    15     1    26     1     9     4     0     2   -11.0   22.833  120.221    249.4   1012.5    290.2    291.2      0.0    813.7     50.8     59.2    309.5
    16     1    26     1     9     4     0     2   -11.0   25.218  121.306    254.2   1021.4    285.2    287.0      0.0   1262.6     50.7      5.7    527.9
    17     1    26     1     9     4     0     2   -11.0   25.181  121.563    249.9   1021.0    285.0    286.7      0.0   1357.6     50.5      8.3    524.4
    18     1    26     1     9     4     0     2   -11.0   24.699  120.779    249.7   1017.3    286.2    287.6      0.0    821.5     52.5     25.3    531.1
    19     1    26     1     9     4     0     2   -11.0   23.877  120.448      0.0    988.2    287.8    286.8      0.0    775.2     49.6     31.1    448.5
    20     1    26     1     9     4     0     2   -11.0   24.690  121.003     45.4    980.7    286.0    284.4      0.0   1120.4     54.1     56.3    525.1
    21     1    26     1     9     4     0     2   -11.0   23.239  120.217      0.0    990.5    287.5    286.7      0.0    493.8     52.8     20.3    145.6
    22     1    26     1     9     4     0     2   -11.0   22.973  120.290    149.7    939.0    290.3    285.1      0.0    302.5     62.9    304.2    164.8
    23     1    26     1     9     4     0     2   -11.0   22.956  120.311    321.1    899.2    292.4    283.5      0.0    342.5     66.1    518.6    215.0
    24     1    26     1     9     4     0     2   -11.0   22.881  120.185      0.0    986.7    289.4    288.3      0.0    710.5     57.8     56.6    278.5
    25     1    26     1     9     4     0     2   -11.0   25.099  121.624    611.2    909.7    285.9    278.2      0.0   1295.2     76.1    115.0    525.3
    26     1    26     1     9     4     0     2   -11.0   24.881  121.820    595.2    906.4    285.8    277.9      0.0   1303.0     79.2    157.2    518.1
    27     1    26     1     9     4     0     2   -11.0   25.015  121.056    147.5    970.9    286.0    283.5      0.0    980.4     57.2     32.2    531.0
     1     1    26     1     9     3     0     3   -12.0   24.181  120.503      0.0   1017.9    286.8    288.3      0.0    744.5     46.7     27.0    493.7
     2     1    26     1     9     3     0     3   -12.0   24.978  121.172      4.7   1022.0    285.1    286.9      0.0   1329.5     49.9      7.8    496.2
     3     1    26     1     9     3     0     3   -12.0   23.381  120.315      9.2   1012.9    287.6    288.6      0.0    416.3     46.5     78.3    188.8
     4     1    26     1     9     3     0     3   -12.0   23.073  120.277    189.9    963.6    288.8    285.7      0.0    279.1     59.9    304.9    171.2
     5     1    26     1     9     3     0     3   -12.0   23.018  120.227      0.0    989.3    288.7    287.9      0.0    424.5     53.3    276.6    226.0
     6     1    26     1     9     3     0     3   -12.0   22.874  120.139      0.0   1015.5    288.9    290.2      0.0    670.8     52.8     44.9    218.7
     7     1    26     1     9     3     0     3   -12.0   25.392  121.538      0.0   1021.9    284.8    286.6      0.0   1379.2     50.0      7.9    491.5
     8     1    26     1     9     3     0     3   -12.0   25.324  121.754      0.0   1022.9    284.7    286.6      0.0   1436.7     49.6      0.0    494.1
     9     1    26     1     9     3     0     3   -12.0   24.997  120.987      0.0   1020.8    285.6    287.3      0.0    978.0     50.3      1.9    496.4
    10     1    26     1     9     3     0     3   -12.0   23.940  120.434    249.8   1017.3    287.4    288.8      0.0    709.3     44.1     22.8    454.5
    11     1    26     1     9     3     0     3   -12.0   24.954  121.147    257.8   1021.1    285.2    286.9      0.0   1309.1     49.5     14.6    495.8
    12     1    26     1     9     3     0     3   -12.0   23.376  120.310    256.5   1013.4    287.5    288.6      0.0    416.1     46.4     73.9    186.1
    13     1    26     1     9     3     0     3   -12.0   23.074  120.274    415.5    966.9    288.7    285.8      0.0    278.8     59.4    297.2    170.6
    14     1    26     1     9     3     0     3   -12.0   23.018  120.225    247.3    989.7    288.7    287.9      0.0    425.5     53.2    273.8    226.5
    15     1    26     1     9     3     0     3   -12.0   22.868  120.157    249.5   1015.1    289.0    290.3      0.0    684.9     52.5     48.4    220.1
    16     1    26     1     9     3     0     3   -12.0   25.389  121.535    249.9   1021.9    284.8    286.6      0.0   1378.8     50.0      7.3    491.6
    17     1    26     1     9     3     0     3   -12.0   25.324  121.754    250.0   1022.9    284.7    286.6      0.0   1436.7     49.6      0.0    494.1
    18     1    26     1     9     3     0     3   -12.0   24.997  120.987    250.0   1020.8    285.6    287.3      0.0    978.0     50.3      1.9    496.4
    19     1    26     1     9     3     0     3   -12.0   24.064  120.515      0.0    988.4    287.2    286.2      0.0    726.3     48.7     39.7    483.6
    20     1    26     1     9     3     0     3   -12.0   24.860  121.270     92.9    974.7    285.3    283.2      0.0   1275.2     56.2     73.9    495.9
    21     1    26     1     9     3     0     3   -12.0   23.333  120.228     10.8    989.9    287.0    286.1      0.0    461.3     51.7     21.3    162.1
    22     1    26     1     9     3     0     3   -12.0   22.958  120.278    136.9    946.5    289.6    285.0      0.0    254.6     62.8    254.4    143.5
    23     1    26     1     9     3     0     3   -12.0   22.904  120.306    340.6    902.3    291.9    283.3      0.0    353.1     67.6    470.8    208.7
    24     1    26     1     9     3     0     3   -12.0   22.908  120.131      0.0    988.6    288.4    287.5      0.0    609.3     59.1     46.6    196.1
    25     1    26     1     9     3     0     3   -12.0   25.154  121.825    675.3    899.6    285.3    276.8      0.0   1313.2     81.6    144.7    486.8
    26     1    26     1     9     3     0     3   -12.0   24.946  121.979    651.5    908.5    285.2    277.4      0.0   1388.0     80.2     96.0    490.6
    27     1    26     1     9     3     0     3   -12.0   25.236  121.333    258.1    955.2    285.5    281.8      0.0   1167.2     59.7     70.7    491.7