    10     1
    GFSQ    25    10    30     0     0
    GFSQ    25    10    31     0     0
    GFSQ    25    11     1     0     0
    GFSQ    25    11     2     0     0
    GFSQ    25    11     3     0     0
    GFSQ    25    11     4     0     0
    GFSQ    25    11     5     0     0
    GFSQ    25    11     6     0     0
    GFSQ    25    11     7     0     0
    GFSQ    25    11     8     0     0
    27 BACKWARD OMEGA   
    25    11     7     2   24.218  120.618    10.0
    25    11     7     2   24.218  120.618    10.0
    25    11     7     2   24.218  120.618    10.0
    25    11     7     2   24.218  120.618    10.0
    25    11     7     2   24.218  120.618    10.0
    25    11     7     2   24.218  120.618    10.0
    25    11     7     2   24.218  120.618    10.0
    25    11     7     2   24.218  120.618    10.0
    25    11     7     2   24.218  120.618    10.0
    25    11     7     2   24.218  120.618    10.0
    25    11     7     2   24.218  120.618    10.0
    25    11     7     2   24.218  120.618    10.0
    25    11     7     2   24.218  120.618    10.0
    25    11     7     2   24.218  120.618    10.0
    25    11     7     2   24.218  120.618    10.0
    25    11     7     2   24.218  120.618    10.0
    25    11     7     2   24.218  120.618    10.0
    25    11     7     2   24.218  120.618    10.0
    25    11     7     2   24.218  120.618    10.0
    25    11     7     2   24.218  120.618    10.0
    25    11     7     2   24.218  120.618    10.0
    25    11     7     2   24.218  120.618    10.0
    25    11     7     2   24.218  120.618    10.0
    25    11     7     2   24.218  120.618    10.0
    25    11     7     2   24.218  120.618    10.0
    25    11     7     2   24.218  120.618    10.0
    25    11     7     2   24.218  120.618    10.0
     8 PRESSURE THETA    AIR_TEMP RAINFALL MIXDEPTH RELHUMID TERR_MSL SUN_FLUX
     1     1    25    11     7     2     0     2     0.0   24.218  120.618     10.0    996.4    299.7    299.3      0.0    555.6     67.3    157.4    403.3
     2     1    25    11     7     2     0     2     0.0   24.218  120.618     10.0   1005.2    298.4    298.8      0.0    429.2     74.0     82.7    400.8
     3     1    25    11     7     2     0     2     0.0   24.218  120.618     10.0    994.4    301.1    300.6      0.0    758.4     59.4    165.7    406.5
     4     1    25    11     7     2     0     2     0.0   24.218  120.618     10.0    926.7    304.5    297.7      0.0    750.4     57.8    810.8    416.7
     5     1    25    11     7     2     0     2     0.0   24.218  120.618     10.0    949.1    302.8    298.2      0.0    635.8     61.2    595.2    412.0
     6     1    25    11     7     2     0     2     0.0   24.218  120.618     10.0    940.7    303.9    298.6      0.0    740.3     54.3    664.3    417.9
     7     1    25    11     7     2     0     2     0.0   24.218  120.618     10.0   1013.0    297.0    298.1      0.0    358.7     82.0     11.1    398.3
     8     1    25    11     7     2     0     2     0.0   24.218  120.618     10.0   1014.6    296.6    297.9      0.0    369.9     85.3      1.4    397.9
     9     1    25    11     7     2     0     2     0.0   24.218  120.618     10.0   1011.9    298.5    299.5      0.0    517.7     73.6     13.0    400.8
    10     1    25    11     7     2     0     2     0.0   24.218  120.618     10.0    996.4    299.7    299.3      0.0    555.6     67.3    157.4    403.3
    11     1    25    11     7     2     0     2     0.0   24.218  120.618     10.0   1005.2    298.4    298.8      0.0    429.2     74.0     82.7    400.8
    12     1    25    11     7     2     0     2     0.0   24.218  120.618     10.0    994.4    301.1    300.6      0.0    758.4     59.4    165.7    406.5
    13     1    25    11     7     2     0     2     0.0   24.218  120.618     10.0    926.7    304.5    297.7      0.0    750.4     57.8    810.8    416.7
    14     1    25    11     7     2     0     2     0.0   24.218  120.618     10.0    949.1    302.8    298.2      0.0    635.8     61.2    595.2    412.0
    15     1    25    11     7     2     0     2     0.0   24.218  120.618     10.0    940.7    303.9    298.6      0.0    740.3     54.2    664.3    417.9
    16     1    25    11     7     2     0     2     0.0   24.218  120.618     10.0   1013.0    297.0    298.1      0.0    358.7     82.0     11.1    398.3
    17     1    25    11     7     2     0     2     0.0   24.218  120.618     10.0   1014.6    296.6    297.9      0.0    369.9     85.3      1.4    397.9
    18     1    25    11     7     2     0     2     0.0   24.218  120.618     10.0   1011.9    298.5    299.5      0.0    517.7     73.6     13.0    400.8
    19     1    25    11     7     2     0     2     0.0   24.218  120.618     10.0    968.7    300.0    297.2      0.0    555.6     71.0    157.4    403.3
    20     1    25    11     7     2     0     2     0.0   24.218  120.618     10.0    977.1    298.8    296.9      0.0    429.2     74.5     82.7    400.8
    21     1    25    11     7     2     0     2     0.0   24.218  120.618     10.0    966.9    300.9    297.9      0.0    758.4     67.2    165.7    406.5
    22     1    25    11     7     2     0     2     0.0   24.218  120.618     10.0    901.3    304.1    295.1      0.0    750.4     64.6    810.8    416.7
    23     1    25    11     7     2     0     2     0.0   24.218  120.618     10.0    923.0    302.6    295.7      0.0    635.8     66.3    595.2    412.0
    24     1    25    11     7     2     0     2     0.0   24.218  120.618     10.0    914.9    303.7    296.0      0.0    740.3     59.6    664.3    417.9
    25     1    25    11     7     2     0     2     0.0   24.218  120.618     10.0    984.6    297.8    296.5      0.0    358.7     81.3     11.1    398.3
    26     1    25    11     7     2     0     2     0.0   24.218  120.618     10.0    986.0    297.2    296.0      0.0    369.9     85.6      1.4    397.9
    27     1    25    11     7     2     0     2     0.0   24.218  120.618     10.0    983.6    298.7    297.3      0.0    517.7     77.3     13.0    400.8
     1     1    25    11     7     1     0     1    -1.0   24.269  120.590      0.0    998.1    298.8    298.6      0.0    354.1     69.5    147.3    225.6
     2     1    25    11     7     1     0     1    -1.0   24.330  120.647      0.0   1007.3    297.8    298.4      0.0    332.6     74.6     64.4    224.0
     3     1    25    11     7     1     0     1    -1.0   24.227  120.569      0.0    998.9    299.8    299.7      0.0    510.5     62.3    126.2    227.0
     4     1    25    11     7     1     0     1    -1.0   24.224  120.559      0.0    938.2    302.9    297.3      0.0    506.1     59.7    705.7    232.3
     5     1    25    11     7     1     0     1    -1.0   24.256  120.584      0.0    959.8    301.4    297.7      0.0    413.9     63.7    496.4    230.1
     6     1    25    11     7     1     0     1    -1.0   24.211  120.565      0.0    950.1    302.4    297.9      0.0    485.7     55.8    576.8    233.1
     7     1    25    11     7     1     0     1    -1.0   24.361  120.657      5.4   1013.5    296.7    297.9      0.0    286.7     81.6      8.4    223.2
     8     1    25    11     7     1     0     1    -1.0   24.428  120.730      9.7   1014.0    296.7    297.9      0.0    381.7     84.2      1.3    221.2
     9     1    25    11     7     1     0     1    -1.0   24.306  120.612      3.4   1012.2    297.7    298.7      0.0    361.4     76.0     13.3    224.3
    10     1    25    11     7     1     0     1    -1.0   24.269  120.590    248.5    998.1    298.8    298.6      0.0    354.1     69.5    147.3    225.6
    11     1    25    11     7     1     0     1    -1.0   24.330  120.647    249.4   1007.3    297.8    298.4      0.0    332.6     74.6     64.4    224.0
    12     1    25    11     7     1     0     1    -1.0   24.227  120.569    248.7    998.9    299.8    299.7      0.0    510.5     62.3    126.2    227.0
    13     1    25    11     7     1     0     1    -1.0   24.224  120.559    242.9    938.2    302.9    297.3      0.0    506.1     59.7    705.7    232.3
    14     1    25    11     7     1     0     1    -1.0   24.256  120.584    245.0    959.8    301.4    297.7      0.0    413.9     63.7    496.4    230.1
    15     1    25    11     7     1     0     1    -1.0   24.211  120.565    244.2    950.1    302.4    297.9      0.0    485.7     55.8    576.9    233.1
    16     1    25    11     7     1     0     1    -1.0   24.361  120.657    249.9   1013.5    296.7    297.9      0.0    286.7     81.6      8.4    223.2
    17     1    25    11     7     1     0     1    -1.0   24.428  120.730    250.0   1014.0    296.7    297.9      0.0    381.7     84.2      1.3    221.2
    18     1    25    11     7     1     0     1    -1.0   24.306  120.612    249.9   1012.2    297.7    298.7      0.0    361.4     76.0     13.3    224.3
    19     1    25    11     7     1     0     1    -1.0   24.266  120.600      0.0    970.2    299.3    296.7      0.0    365.4     72.2    159.5    225.8
    20     1    25    11     7     1     0     1    -1.0   24.336  120.679      0.0    979.8    298.5    296.7      0.0    331.6     74.5     73.2    224.3
    21     1    25    11     7     1     0     1    -1.0   24.231  120.573      0.0    972.3    299.7    297.3      0.0    509.6     69.4    129.3    227.0
    22     1    25    11     7     1     0     1    -1.0   24.236  120.567      0.0    912.3    302.9    294.9      0.0    504.1     65.8    738.3    232.6
    23     1    25    11     7     1     0     1    -1.0   24.266  120.605      0.0    932.3    301.6    295.5      0.0    421.3     67.5    541.2    230.6
    24     1    25    11     7     1     0     1    -1.0   24.219  120.568      0.0    926.4    302.4    295.8      0.0    485.2     59.7    571.9    233.0
    25     1    25    11     7     1     0     1    -1.0   24.360  120.680     14.8    984.3    297.7    296.3      0.0    272.9     80.3      9.5    223.2
    26     1    25    11     7     1     0     1    -1.0   24.456  120.792      0.0    986.7    297.4    296.2      0.0    367.6     83.8      4.1    221.6
    27     1    25    11     7     1     0     1    -1.0   24.283  120.616      7.5    984.0    298.3    296.9      0.0    375.5     78.3     13.7    224.4
     1     1    25    11     7     0     0     0    -2.0   24.326  120.613      0.0    998.1    298.2    298.0      0.0    207.7     69.4    149.3     45.5
     2     1    25    11     7     0     0     0    -2.0   24.456  120.744      0.0   1010.4    296.8    297.7      0.0    273.4     77.6     35.5     45.5
     3     1    25    11     7     0     0     0    -2.0   24.241  120.576      4.6    998.3    298.7    298.5      0.0    256.8     64.5    132.6     45.5
     4     1    25    11     7     0     0     0    -2.0   24.248  120.552      0.0    943.2    301.7    296.5      0.0    252.4     61.8    662.4     46.8
     5     1    25    11     7     0     0     0    -2.0   24.313  120.607      0.0    965.7    300.1    297.0      0.0    235.2     66.3    442.9     46.9
     6     1    25    11     7     0     0     0    -2.0   24.220  120.567      9.0    950.9    301.3    296.9      0.0    213.4     57.1    569.5     47.2
     7     1    25    11     7     0     0     0    -2.0   24.499  120.751      3.6   1012.3    296.6    297.6      0.0    259.2     80.0     17.4     45.5
     8     1    25    11     7     0     0     0    -2.0   24.640  120.919      8.8   1015.4    296.6    297.9      0.0    424.1     82.8      0.0     45.0
     9     1    25    11     7     0     0     0    -2.0   24.389  120.655      1.0   1012.1    297.2    298.2      0.0    211.7     76.0     17.3     45.5
    10     1    25    11     7     0     0     0    -2.0   24.326  120.613    248.5    998.1    298.2    298.0      0.0    207.7     69.4    149.3     45.5
    11     1    25    11     7     0     0     0    -2.0   24.456  120.744    249.6   1010.4    296.8    297.7      0.0    273.4     77.6     35.5     45.5
    12     1    25    11     7     0     0     0    -2.0   24.241  120.576    253.3    998.3    298.7    298.5      0.0    256.8     64.5    132.6     45.5
    13     1    25    11     7     0     0     0    -2.0   24.248  120.552    243.4    943.2    301.7    296.5      0.0    252.4     61.8    662.4     46.8
    14     1    25    11     7     0     0     0    -2.0   24.313  120.606    245.6    965.7    300.1    297.0      0.0    235.1     66.3    442.9     46.9
    15     1    25    11     7     0     0     0    -2.0   24.220  120.567    253.4    950.9    301.3    296.9      0.0    213.4     57.1    569.5     47.2
    16     1    25    11     7     0     0     0    -2.0   24.499  120.751    249.8   1012.3    296.6    297.6      0.0    259.2     80.0     17.4     45.5
    17     1    25    11     7     0     0     0    -2.0   24.640  120.919    250.0   1015.4    296.6    297.9      0.0    424.1     82.8      0.0     45.0
    18     1    25    11     7     0     0     0    -2.0   24.389  120.655    249.8   1012.1    297.2    298.2      0.0    211.7     76.0     17.3     45.5
    19     1    25    11     7     0     0     0    -2.0   24.318  120.634      8.0    968.0    299.0    296.2      0.0    212.1     72.3    172.3     45.5
    20     1    25    11     7     0     0     0    -2.0   24.452  120.796      0.0    977.9    298.0    296.1      0.0    261.7     75.0     87.0     45.6
    21     1    25    11     7     0     0     0    -2.0   24.249  120.586     15.8    968.7    299.1    296.3      0.0    252.5     71.2    143.4     45.5
    22     1    25    11     7     0     0     0    -2.0   24.272  120.574     11.7    909.7    302.2    294.0      0.0    249.3     67.4    733.2     47.2
    23     1    25    11     7     0     0     0    -2.0   24.326  120.654      0.0    931.1    301.0    294.8      0.0    239.3     68.1    527.5     47.3
    24     1    25    11     7     0     0     0    -2.0   24.236  120.579     34.0    919.7    302.1    294.9      0.0    210.5     59.4    592.5     47.2
    25     1    25    11     7     0     0     0    -2.0   24.478  120.782     17.4    980.9    297.7    296.1      0.0    238.9     77.4     38.1     45.5
    26     1    25    11     7     0     0     0    -2.0   24.675  121.047      0.6    986.3    297.2    296.0      0.0    432.9     82.9     15.8     45.5
    27     1    25    11     7     0     0     0    -2.0   24.340  120.660     16.4    982.7    298.1    296.6      0.0    228.6     78.9     17.8     45.5
     1     1    25    11     6    23     0     1    -3.0   24.376  120.647      0.0    996.6    297.9    297.6      0.0    181.6     70.9    157.0     30.3
     2     1    25    11     6    23     0     1    -3.0   24.572  120.872      3.5   1007.4    297.0    297.7      0.0    322.2     75.4     63.4     30.3
     3     1    25    11     6    23     0     1    -3.0   24.248  120.597     26.1    993.4    298.3    297.8      0.0    178.2     66.7    154.7     30.3
     4     1    25    11     6    23     0     1    -3.0   24.268  120.562     15.8    939.7    301.1    295.6      0.0    176.8     65.0    683.1     31.3
     5     1    25    11     6    23     0     1    -3.0   24.365  120.649      2.9    968.7    299.2    296.4      0.0    191.2     68.8    413.5     31.2
     6     1    25    11     6    23     0     1    -3.0   24.225  120.593    108.8    932.9    301.3    295.3      0.0    148.9     59.8    634.5     31.7
     7     1    25    11     6    23     0     1    -3.0   24.634  120.868      0.3   1010.0    296.8    297.6      0.0    307.5     78.8     34.4     30.3
     8     1    25    11     6    23     0     1    -3.0   24.829  121.164     19.7   1012.4    296.8    297.9      0.0    512.1     81.0     11.0     30.1
     9     1    25    11     6    23     0     1    -3.0   24.452  120.698      1.0   1011.5    297.0    298.0      0.0    162.8     76.9     21.3     30.3
    10     1    25    11     6    23     0     1    -3.0   24.376  120.647    248.4    996.6    297.9    297.6      0.0    181.6     70.9    157.0     30.3
    11     1    25    11     6    23     0     1    -3.0   24.572  120.872    252.8   1007.4    297.0    297.7      0.0    322.2     75.4     63.4     30.3
    12     1    25    11     6    23     0     1    -3.0   24.248  120.597    274.6    993.4    298.3    297.8      0.0    178.2     66.7    154.7     30.3
    13     1    25    11     6    23     0     1    -3.0   24.268  120.562    259.0    939.6    301.1    295.6      0.0    176.8     65.0    683.1     31.3
    14     1    25    11     6    23     0     1    -3.0   24.365  120.649    248.8    968.7    299.2    296.4      0.0    191.2     68.8    413.6     31.2
    15     1    25    11     6    23     0     1    -3.0   24.225  120.593    352.4    932.9    301.3    295.3      0.0    148.9     59.8    634.5     31.7
    16     1    25    11     6    23     0     1    -3.0   24.634  120.868    249.7   1010.0    296.8    297.6      0.0    307.5     78.8     34.4     30.3
    17     1    25    11     6    23     0     1    -3.0   24.828  121.162    260.4   1013.5    296.8    298.0      0.0    512.2     81.1     10.9     30.1
    18     1    25    11     6    23     0     1    -3.0   24.452  120.698    249.8   1011.5    297.0    298.0      0.0    162.8     76.9     21.3     30.3
    19     1    25    11     6    23     0     1    -3.0   24.357  120.671     22.3    964.1    299.1    296.0      0.0    174.4     72.9    187.6     30.3
    20     1    25    11     6    23     0     1    -3.0   24.548  120.935      4.6    975.9    298.1    296.1      0.0    268.3     73.8    100.5     30.3
    21     1    25    11     6    23     0     1    -3.0   24.253  120.608     55.6    961.2    299.5    296.1      0.0    176.2     72.0    166.3     30.3
    22     1    25    11     6    23     0     1    -3.0   24.300  120.593     50.9    899.8    302.6    293.5      0.0    175.4     68.9    781.5     31.6
    23     1    25    11     6    23     0     1    -3.0   24.371  120.713     16.2    930.5    301.0    294.7      0.0    175.7     67.8    514.6     31.5
    24     1    25    11     6    23     0     1    -3.0   24.247  120.605    100.6    903.6    302.9    294.1      0.0    149.4     62.7    677.9     31.8
    25     1    25    11     6    23     0     1    -3.0   24.592  120.897     11.3    978.8    297.8    296.0      0.0    263.2     78.0     59.2     30.3
    26     1    25    11     6    23     0     1    -3.0   24.830  121.376     39.1    977.9    297.4    295.5      0.0    453.7     83.7     50.0     30.3
    27     1    25    11     6    23     0     1    -3.0   24.363  120.698     30.8    980.1    298.2    296.5      0.0    179.7     78.9     21.4     30.3
     1     1    25    11     6    22     0     2    -4.0   24.427  120.685     11.0    995.5    297.3    296.9      0.0    131.7     72.8    160.1     15.2
     2     1    25    11     6    22     0     2    -4.0   24.677  121.038     41.5    999.1    296.9    296.8      0.0    378.9     78.4    102.5     15.2
     3     1    25    11     6    22     0     2    -4.0   24.252  120.621     58.5    986.3    298.2    297.0      0.0    103.9     68.2    180.0     15.2
     4     1    25    11     6    22     0     2    -4.0   24.287  120.579     90.0    925.2    301.4    294.6      0.0    104.4     67.0    738.1     15.7
     5     1    25    11     6    22     0     2    -4.0   24.407  120.705     59.2    966.8    298.8    295.8      0.0    120.8     69.3    382.4     15.5
     6     1    25    11     6    22     0     2    -4.0   24.225  120.625    218.9    911.3    302.5    294.5      0.0     87.6     60.9    725.6     16.0
     7     1    25    11     6    22     0     2    -4.0   24.777  121.022      2.3   1010.4    296.6    297.5      0.0    329.4     78.2     26.6     15.2
     8     1    25    11     6    22     0     2    -4.0   24.977  121.457     32.1   1012.0    297.0    298.0      0.0    461.6     80.3      1.4     15.2
     9     1    25    11     6    22     0     2    -4.0   24.527  120.740      1.6   1008.8    296.9    297.6      0.0    177.0     78.4     39.8     15.2
    10     1    25    11     6    22     0     2    -4.0   24.427  120.685    259.4    995.5    297.3    296.9      0.0    131.7     72.8    160.1     15.2
    11     1    25    11     6    22     0     2    -4.0   24.677  121.038    290.4    999.1    296.9    296.8      0.0    378.9     78.4    102.5     15.2
    12     1    25    11     6    22     0     2    -4.0   24.252  120.621    306.7    986.3    298.2    297.0      0.0    103.9     68.2    180.0     15.2
    13     1    25    11     6    22     0     2    -4.0   24.287  120.579    332.6    925.2    301.4    294.6      0.0    104.4     67.0    738.1     15.7
    14     1    25    11     6    22     0     2    -4.0   24.407  120.705    305.4    966.8    298.8    295.8      0.0    120.8     69.3    382.4     15.5
    15     1    25    11     6    22     0     2    -4.0   24.225  120.625    461.7    911.3    302.5    294.5      0.0     87.6     60.9    725.7     16.0
    16     1    25    11     6    22     0     2    -4.0   24.777  121.022    251.9   1010.4    296.6    297.5      0.0    329.4     78.2     26.6     15.2
    17     1    25    11     6    22     0     2    -4.0   24.975  121.444    272.3   1013.0    297.0    298.1      0.0    466.8     80.6      2.4     15.2
    18     1    25    11     6    22     0     2    -4.0   24.527  120.740    250.2   1008.8    296.9    297.6      0.0    177.0     78.4     39.8     15.2
    19     1    25    11     6    22     0     2    -4.0   24.386  120.697     19.7    963.2    299.0    295.8      0.0    119.3     74.1    192.9     15.2
    20     1    25    11     6    22     0     2    -4.0   24.620  121.130     47.7    953.4    299.0    294.9      0.0    277.7     77.0    267.7     15.5
    21     1    25    11     6    22     0     2    -4.0   24.243  120.620     80.0    956.5    299.7    295.9      0.0    103.3     73.2    178.3     15.2
    22     1    25    11     6    22     0     2    -4.0   24.317  120.603     61.9    895.5    302.7    293.2      0.0    104.4     70.5    806.1     15.9
    23     1    25    11     6    22     0     2    -4.0   24.404  120.771     27.8    926.0    301.0    294.3      0.0    108.1     69.0    553.6     15.8
    24     1    25    11     6    22     0     2    -4.0   24.251  120.625    135.6    893.2    303.3    293.6      0.0     88.6     65.8    741.0     16.0
    25     1    25    11     6    22     0     2    -4.0   24.710  121.042      8.3    977.3    297.7    295.8      0.0    254.3     77.0     71.9     15.2
    26     1    25    11     6    22     0     2    -4.0   24.866  121.682    135.1    957.0    297.8    294.0      0.0    388.7     88.1    134.2     14.5
    27     1    25    11     6    22     0     2    -4.0   24.364  120.719     40.8    978.0    298.3    296.4      0.0    133.1     79.0     23.3     15.2
     1     1    25    11     6    21     0     3    -5.0   24.467  120.721     34.2    991.9    296.9    296.2      0.0     59.1     75.0    163.7      0.0
     2     1    25    11     6    21     0     3    -5.0   24.761  121.279    103.3    990.4    296.5    295.7      0.0    329.0     83.9    121.2      0.0
     3     1    25    11     6    21     0     3    -5.0   24.250  120.648     97.1    978.2    298.4    296.5      0.0     31.8     68.5    207.7      0.0
     4     1    25    11     6    21     0     3    -5.0   24.299  120.592    132.8    915.8    301.7    294.0      0.0     33.4     68.9    777.2      0.0
     5     1    25    11     6    21     0     3    -5.0   24.439  120.772    128.8    955.6    299.1    295.1      0.0     50.1     70.6    420.3      0.0
     6     1    25    11     6    21     0     3    -5.0   24.221  120.649    286.0    896.3    303.1    293.7      0.0     28.9     63.6    800.3      0.0
     7     1    25    11     6    21     0     3    -5.0   24.903  121.207     34.3   1003.9    296.7    297.1      0.0    356.8     77.8     59.6      0.0
     8     1    25    11     6    21     0     3    -5.0   25.039  121.733     76.0    996.3    297.0    296.7      0.0    454.7     81.6     87.4      0.0
     9     1    25    11     6    21     0     3    -5.0   24.627  120.804     11.4   1003.4    296.8    297.1      0.0    207.5     79.0     79.5      0.0
    10     1    25    11     6    21     0     3    -5.0   24.467  120.721    282.5    991.9    296.9    296.2      0.0     59.1     75.0    163.7      0.0
    11     1    25    11     6    21     0     3    -5.0   24.761  121.279    352.1    990.4    296.5    295.7      0.0    329.0     83.9    121.2      0.0
    12     1    25    11     6    21     0     3    -5.0   24.250  120.648    345.0    978.2    298.4    296.5      0.0     31.8     68.5    207.7      0.0
    13     1    25    11     6    21     0     3    -5.0   24.299  120.592    375.0    915.8    301.7    294.0      0.0     33.4     68.9    777.3      0.0
    14     1    25    11     6    21     0     3    -5.0   24.439  120.772    374.6    955.6    299.1    295.1      0.0     50.1     70.6    420.4      0.0
    15     1    25    11     6    21     0     3    -5.0   24.221  120.649    528.0    896.3    303.1    293.7      0.0     28.9     63.6    800.3      0.0
    16     1    25    11     6    21     0     3    -5.0   24.903  121.206    283.5   1003.9    296.7    297.1      0.0    356.8     77.8     59.6      0.0
    17     1    25    11     6    21     0     3    -5.0   25.041  121.713    311.0    997.8    297.0    296.8      0.0    445.8     81.7     87.7      0.0
    18     1    25    11     6    21     0     3    -5.0   24.627  120.804    259.6   1003.5    296.8    297.1      0.0    207.5     79.0     79.5      0.0
    19     1    25    11     6    21     0     3    -5.0   24.404  120.709      4.1    964.3    298.8    295.7      0.0     63.0     75.8    191.6      0.0
    20     1    25    11     6    21     0     3    -5.0   24.630  121.359    137.3    928.1    299.4    293.1      0.0    181.3     84.2    408.1      0.0
    21     1    25    11     6    21     0     3    -5.0   24.217  120.622     88.4    953.6    299.9    295.8      0.0     29.5     75.0    189.8      0.0
    22     1    25    11     6    21     0     3    -5.0   24.323  120.605     44.7    896.5    302.6    293.1      0.0     34.3     72.0    807.0      0.0
    23     1    25    11     6    21     0     3    -5.0   24.424  120.829     54.6    916.2    301.4    293.8      0.0     43.0     70.3    623.0      0.0
    24     1    25    11     6    21     0     3    -5.0   24.248  120.639    148.2    888.0    303.4    293.2      0.0     28.9     68.3    776.7      0.0
    25     1    25    11     6    21     0     3    -5.0   24.811  121.216     13.3    973.6    298.0    295.8      0.0    200.2     74.9    107.8      0.0
    26     1    25    11     6    21     0     3    -5.0   24.813  121.948    248.1    935.4    298.2    292.5      0.1    310.4     93.5    230.6      0.0
    27     1    25    11     6    21     0     3    -5.0   24.348  120.725     44.1    976.2    298.3    296.3      0.0     88.2     79.1     29.3      0.0
     1     1    25    11     6    20     0     2    -6.0   24.501  120.759     70.6    976.7    298.0    295.9      0.0     84.5     74.5    264.9      0.0
     2     1    25    11     6    20     0     2    -6.0   24.771  121.520    206.8    969.2    297.4    294.8      0.1    281.0     86.2    196.4      0.0
     3     1    25    11     6    20     0     2    -6.0   24.238  120.673    135.4    971.7    299.0    296.5      0.0     34.2     68.4    231.9      0.0
     4     1    25    11     6    20     0     2    -6.0   24.303  120.598    149.6    911.9    302.0    293.9      0.0     33.5     69.5    798.0      0.0
     5     1    25    11     6    20     0     2    -6.0   24.457  120.844    211.2    935.6    300.3    294.6      0.0     51.8     71.1    521.4      0.0
     6     1    25    11     6    20     0     2    -6.0   24.212  120.664    316.1    887.3    303.6    293.3      0.0     27.4     64.8    858.1      0.0
     7     1    25    11     6    20     0     2    -6.0   25.011  121.465     96.6    993.5    296.4    295.9      0.0    400.3     82.5    103.0      0.0
     8     1    25    11     6    20     0     2    -6.0   25.043  122.020     90.0   1005.4    297.2    297.7      0.0    734.8     76.0     14.0      0.0
     9     1    25    11     6    20     0     2    -6.0   24.731  120.884     32.5    999.0    296.8    296.7      0.0    176.8     78.0     99.2      0.0
    10     1    25    11     6    20     0     2    -6.0   24.501  120.759    317.9    976.7    298.0    295.9      0.0     84.5     74.5    264.9      0.0
    11     1    25    11     6    20     0     2    -6.0   24.771  121.520    454.8    969.2    297.4    294.8      0.1    281.0     86.2    196.4      0.0
    12     1    25    11     6    20     0     2    -6.0   24.238  120.673    383.1    971.7    299.0    296.5      0.0     34.2     68.4    231.9      0.0
    13     1    25    11     6    20     0     2    -6.0   24.303  120.598    391.7    911.9    302.0    293.9      0.0     33.5     69.5    798.1      0.0
    14     1    25    11     6    20     0     2    -6.0   24.457  120.844    456.0    935.6    300.3    294.6      0.0     51.8     71.1    521.4      0.0
    15     1    25    11     6    20     0     2    -6.0   24.212  120.664    557.5    887.3    303.6    293.3      0.0     27.4     64.8    858.2      0.0
    16     1    25    11     6    20     0     2    -6.0   25.011  121.464    345.4    993.5    296.4    295.9      0.0    400.4     82.5    103.0      0.0
    17     1    25    11     6    20     0     2    -6.0   25.047  121.999    333.1   1006.1    297.2    297.7      0.0    727.6     76.0     15.2      0.0
    18     1    25    11     6    20     0     2    -6.0   24.731  120.884    280.8    999.0    296.8    296.7      0.0    176.7     78.0     99.3      0.0
    19     1    25    11     6    20     0     2    -6.0   24.412  120.715      0.0    965.5    298.8    295.8      0.0     63.4     75.2    191.2      0.0
    20     1    25    11     6    20     0     2    -6.0   24.566  121.541    293.9    898.7    299.8    290.7      0.2    135.6     92.5    526.3      0.0
    21     1    25    11     6    20     0     2    -6.0   24.180  120.616     81.7    952.4    300.0    295.9      0.0     43.3     75.6    213.0      0.0
    22     1    25    11     6    20     0     2    -6.0   24.319  120.601     20.4    900.4    302.5    293.4      0.0     34.6     72.0    794.3      0.0
    23     1    25    11     6    20     0     2    -6.0   24.430  120.880    107.3    899.5    302.4    293.2      0.0     45.2     70.5    730.2      0.0
    24     1    25    11     6    20     0     2    -6.0   24.238  120.646    143.5    887.5    303.5    293.3      0.0     27.4     67.9    786.3      0.0
    25     1    25    11     6    20     0     2    -6.0   24.870  121.437     71.1    943.9    299.5    294.5      0.0    240.4     77.3    333.1      0.0
    26     1    25    11     6    20     0     2    -6.0   24.756  122.168    188.9    958.7    297.6    294.0      0.1    600.9     88.9     81.5      0.0
    27     1    25    11     6    20     0     2    -6.0   24.323  120.726     46.3    975.9    298.5    296.5      0.0     97.3     78.0     30.3      0.0
     1     1    25    11     6    19     0     1    -7.0   24.542  120.813    109.8    961.2    299.1    295.6      0.0    109.2     73.7    369.5      0.0
     2     1    25    11     6    19     0     1    -7.0   24.718  121.724    286.8    946.0    297.7    293.0      0.3    146.9     92.5    334.4      0.0
     3     1    25    11     6    19     0     1    -7.0   24.219  120.689    159.7    966.3    299.5    296.5      0.0     34.1     69.4    261.0      0.0
     4     1    25    11     6    19     0     1    -7.0   24.296  120.597    160.5    910.0    302.1    293.9      0.0     32.9     70.0    805.7      0.0
     5     1    25    11     6    19     0     1    -7.0   24.447  120.909    343.1    900.6    302.5    293.4      0.0     51.3     70.8    722.2      0.0
     6     1    25    11     6    19     0     1    -7.0   24.200  120.671    325.3    881.8    303.9    293.1      0.0     26.0     65.6    902.6      0.0
     7     1    25    11     6    19     0     1    -7.0   25.037  121.726    198.1    973.0    297.4    295.1      0.0    376.8     84.3    171.2      0.0
     8     1    25    11     6    19     0     1    -7.0   25.059  122.306     74.4   1008.2    297.5    298.2      0.0    851.8     72.1      0.0      0.0
     9     1    25    11     6    19     0     1    -7.0   24.822  120.978     55.0    994.8    297.1    296.6      0.0    180.4     76.5    115.1      0.0
    10     1    25    11     6    19     0     1    -7.0   24.542  120.813    356.1    961.2    299.1    295.6      0.0    109.2     73.7    369.5      0.0
    11     1    25    11     6    19     0     1    -7.0   24.718  121.724    533.5    946.0    297.7    293.0      0.3    146.9     92.5    334.4      0.0
    12     1    25    11     6    19     0     1    -7.0   24.219  120.689    407.0    966.3    299.5    296.5      0.0     34.1     69.4    261.0      0.0
    13     1    25    11     6    19     0     1    -7.0   24.296  120.597    402.5    910.0    302.1    293.9      0.0     32.9     70.0    805.8      0.0
    14     1    25    11     6    19     0     1    -7.0   24.447  120.909    585.9    900.6    302.5    293.4      0.0     51.3     70.8    722.2      0.0
    15     1    25    11     6    19     0     1    -7.0   24.200  120.671    566.3    881.8    303.9    293.1      0.0     26.0     65.6    902.6      0.0
    16     1    25    11     6    19     0     1    -7.0   25.037  121.726    446.2    973.1    297.4    295.1      0.0    376.9     84.3    171.1      0.0
    17     1    25    11     6    19     0     1    -7.0   25.062  122.284    315.5   1009.2    297.5    298.3      0.0    845.7     72.0      0.0      0.0
    18     1    25    11     6    19     0     1    -7.0   24.821  120.978    303.4    994.9    297.1    296.6      0.0    180.2     76.5    114.7      0.0
    19     1    25    11     6    19     0     1    -7.0   24.408  120.721      0.0    963.7    299.1    295.9      0.0     63.7     74.5    202.7      0.0
    20     1    25    11     6    19     0     1    -7.0   24.497  121.672    372.5    907.2    299.0    290.7      0.3     55.4     96.3    359.6      0.0
    21     1    25    11     6    19     0     1    -7.0   24.137  120.604     60.9    953.3    300.1    296.0      0.0     61.3     76.2    229.7      0.0
    22     1    25    11     6    19     0     1    -7.0   24.303  120.593      8.0    903.5    302.4    293.6      0.0     33.9     72.1    777.9      0.0
    23     1    25    11     6    19     0     1    -7.0   24.416  120.913    189.3    875.7    303.8    292.3      0.0     47.2     70.1    883.6      0.0
    24     1    25    11     6    19     0     1    -7.0   24.222  120.649    127.3    887.9    303.6    293.4      0.0     26.0     67.4    798.1      0.0
    25     1    25    11     6    19     0     1    -7.0   24.842  121.656    209.5    908.2    300.0    291.8      0.1    220.1     87.4    523.9      0.0
    26     1    25    11     6    19     0     1    -7.0   24.733  122.383     18.3    985.1    297.7    296.4      0.0    794.7     79.8      8.1      0.0
    27     1    25    11     6    19     0     1    -7.0   24.287  120.725     52.0    975.6    298.8    296.7      0.0    107.8     77.0     28.5      0.0
     1     1    25    11     6    18     0     0    -8.0   24.579  120.874    145.6    948.8    299.9    295.3      0.0    108.5     73.1    449.9      0.0
     2     1    25    11     6    18     0     0    -8.0   24.661  121.902    222.5    980.1    297.6    295.9      0.2    614.4     81.3     98.8      0.0
     3     1    25    11     6    18     0     0    -8.0   24.192  120.697    161.2    962.2    299.8    296.5      0.0     33.9     70.9    300.6      0.0
     4     1    25    11     6    18     0     0    -8.0   24.276  120.591    169.5    909.7    302.2    294.0      0.0     30.7     70.5    801.0      0.0
     5     1    25    11     6    18     0     0    -8.0   24.416  120.937    464.9    865.7    304.4    291.9      0.0     51.5     70.0    945.9      0.0
     6     1    25    11     6    18     0     0    -8.0   24.183  120.671    322.0    878.8    304.0    292.9      0.0     24.6     66.5    935.3      0.0
     7     1    25    11     6    18     0     0    -8.0   24.979  121.952    301.7    944.5    297.6    292.8      0.3    170.8     92.4    331.5      0.0
     8     1    25    11     6    18     0     0    -8.0   25.086  122.588     74.4   1008.0    297.5    298.2      0.0    952.3     71.3      0.0      0.0
     9     1    25    11     6    18     0     0    -8.0   24.907  121.095     96.6    979.0    298.1    296.2      0.0    181.1     74.2    223.9      0.0
    10     1    25    11     6    18     0     0    -8.0   24.579  120.874    391.1    948.8    299.9    295.3      0.0    108.5     73.1    449.9      0.0
    11     1    25    11     6    18     0     0    -8.0   24.661  121.902    471.6    980.1    297.6    295.9      0.2    614.4     81.3     98.8      0.0
    12     1    25    11     6    18     0     0    -8.0   24.192  120.697    408.2    962.2    299.8    296.5      0.0     33.9     70.9    300.6      0.0
    13     1    25    11     6    18     0     0    -8.0   24.276  120.591    411.5    909.7    302.2    294.0      0.0     30.7     70.5    801.1      0.0
    14     1    25    11     6    18     0     0    -8.0   24.416  120.937    705.5    865.7    304.4    291.9      0.0     51.5     70.0    945.9      0.0
    15     1    25    11     6    18     0     0    -8.0   24.183  120.671    562.7    878.8    304.0    292.9      0.0     24.6     66.5    935.3      0.0
    16     1    25    11     6    18     0     0    -8.0   24.979  121.951    548.3    944.5    297.6    292.8      0.3    171.1     92.4    331.4      0.0
    17     1    25    11     6    18     0     0    -8.0   25.088  122.566    315.5   1009.0    297.5    298.3      0.0    951.6     70.9      0.0      0.0
    18     1    25    11     6    18     0     0    -8.0   24.907  121.095    344.1    979.0    298.1    296.2      0.0    181.2     74.2    224.2      0.0
    19     1    25    11     6    18     0     0    -8.0   24.389  120.726      0.0    959.9    299.5    296.0      0.0     64.3     73.8    233.8      0.0
    20     1    25    11     6    18     0     0    -8.0   24.451  121.798    267.4    935.7    297.9    292.3      0.4    188.1     94.2    198.5      0.0
    21     1    25    11     6    18     0     0    -8.0   24.086  120.580     23.3    957.6    299.9    296.2      0.0     88.6     76.6    228.1      0.0
    22     1    25    11     6    18     0     0    -8.0   24.274  120.580      4.4    906.3    302.4    293.8      0.0     30.9     72.3    755.4      0.0
    23     1    25    11     6    18     0     0    -8.0   24.389  120.919    261.7    854.3    305.0    291.3      0.0     49.1     70.0   1026.9      0.0
    24     1    25    11     6    18     0     0    -8.0   24.200  120.646    106.1    887.2    303.6    293.3      0.0     24.6     67.7    828.0      0.0
    25     1    25    11     6    18     0     0    -8.0   24.758  121.801    407.9    877.9    300.5    289.5      0.3    135.3     95.6    611.7      0.0
    26     1    25    11     6    18     0     0    -8.0   24.745  122.629      0.0    988.2    297.7    296.7      0.0    890.0     77.8      0.0      0.0
    27     1    25    11     6    18     0     0    -8.0   24.234  120.715     56.3    976.0    299.0    296.9      0.0    127.0     76.1     22.9      0.0
     1     1    25    11     6    17     0     1    -9.0   24.612  120.939    178.9    940.1    300.6    295.2      0.0    101.3     71.2    498.9      0.0
     2     1    25    11     6    17     0     1    -9.0   24.643  122.113     88.2   1006.0    297.7    298.2      0.1    868.0     72.1      6.6      0.0
     3     1    25    11     6    17     0     1    -9.0   24.160  120.701    154.8    958.1    300.2    296.5      0.0     31.2     71.7    343.4      0.0
     4     1    25    11     6    17     0     1    -9.0   24.249  120.583    174.1    909.8    302.6    294.3      0.0     31.6     69.4    795.4      0.0
     5     1    25    11     6    17     0     1    -9.0   24.381  120.939    557.8    839.2    305.8    290.6      0.0     59.4     69.5   1124.0      0.0
     6     1    25    11     6    17     0     1    -9.0   24.164  120.668    302.7    878.0    304.2    293.0      0.0     31.5     66.9    962.4      0.0
     7     1    25    11     6    17     0     1    -9.0   24.922  122.144    238.0    977.4    297.6    295.6      0.2    635.3     81.5    110.2      0.0
     8     1    25    11     6    17     0     1    -9.0   25.132  122.870     75.4   1007.8    297.4    298.1      0.0   1003.9     71.4      0.0      0.0
     9     1    25    11     6    17     0     1    -9.0   24.980  121.216    140.1    982.7    298.0    296.5      0.0    133.7     72.1    149.8      0.0
    10     1    25    11     6    17     0     1    -9.0   24.612  120.939    423.9    940.1    300.6    295.2      0.0    101.3     71.2    498.9      0.0
    11     1    25    11     6    17     0     1    -9.0   24.643  122.113    338.1   1006.0    297.7    298.2      0.1    868.0     72.1      6.6      0.0
    12     1    25    11     6    17     0     1    -9.0   24.160  120.701    401.4    958.1    300.2    296.5      0.0     31.2     71.7    343.4      0.0
    13     1    25    11     6    17     0     1    -9.0   24.249  120.583    416.1    909.8    302.6    294.3      0.0     31.6     69.4    795.4      0.0
    14     1    25    11     6    17     0     1    -9.0   24.381  120.939    796.6    839.2    305.8    290.6      0.0     59.4     69.5   1123.9      0.0
    15     1    25    11     6    17     0     1    -9.0   24.164  120.668    543.1    878.0    304.2    293.0      0.0     31.5     66.9    962.4      0.0
    16     1    25    11     6    17     0     1    -9.0   24.922  122.144    486.9    977.4    297.6    295.6      0.2    634.9     81.5    110.4      0.0
    17     1    25    11     6    17     0     1    -9.0   25.133  122.849    316.2   1008.8    297.5    298.2      0.0   1006.1     71.1      0.0      0.0
    18     1    25    11     6    17     0     1    -9.0   24.979  121.216    388.3    982.7    298.0    296.5      0.0    134.0     72.2    150.9      0.0
    19     1    25    11     6    17     0     1    -9.0   24.370  120.735      0.0    955.4    300.0    296.1      0.0     66.6     72.3    282.3      0.0
    20     1    25    11     6    17     0     1    -9.0   24.432  121.935    106.1    971.1    297.5    295.0      0.3    528.1     84.8     43.6      0.0
    21     1    25    11     6    17     0     1    -9.0   24.030  120.550      0.0    964.8    299.8    296.7      0.0    105.7     75.7    205.0      0.0
    22     1    25    11     6    17     0     1    -9.0   24.237  120.565      0.0    909.4    302.6    294.3      0.0     30.8     70.7    731.8      0.0
    23     1    25    11     6    17     0     1    -9.0   24.360  120.910    324.3    836.8    305.9    290.5      0.0     57.4     69.3   1144.0      0.0
    24     1    25    11     6    17     0     1    -9.0   24.176  120.640     76.6    887.5    303.7    293.5      0.0     30.3     67.9    854.3      0.0
    25     1    25    11     6    17     0     1    -9.0   24.691  121.913    441.9    890.9    299.7    289.9      0.3     68.2     97.4    452.9      0.0
    26     1    25    11     6    17     0     1    -9.0   24.779  122.894      0.1    987.9    297.8    296.7      0.0    979.3     76.5      0.0      0.0
    27     1    25    11     6    17     0     1    -9.0   24.180  120.704     48.5    976.2    299.2    297.2      0.0    139.0     74.3     27.9      0.0
     1     1    25    11     6    16     0     2   -10.0   24.643  121.014    218.0    928.5    301.2    294.8      0.0    110.2     70.8    575.9      0.0
     2     1    25    11     6    16     0     2   -10.0   24.674  122.367     72.2   1008.0    297.9    298.6      0.0    979.0     69.4      0.0      0.0
     3     1    25    11     6    16     0     2   -10.0   24.119  120.703    161.9    951.5    300.6    296.3      0.0     29.2     73.0    395.0      0.0
     4     1    25    11     6    16     0     2   -10.0   24.217  120.576    173.6    911.7    302.8    294.7      0.0     33.7     68.1    776.7      0.0
     5     1    25    11     6    16     0     2   -10.0   24.351  120.930    640.7    819.2    307.0    289.7      0.0     63.6     68.1   1246.9      0.0
     6     1    25    11     6    16     0     2   -10.0   24.144  120.668    273.9    877.3    304.4    293.1      0.0     38.4     67.0    998.3      0.0
     7     1    25    11     6    16     0     2   -10.0   24.920  122.369     95.7   1005.1    297.8    298.2      0.1    935.4     71.4      7.2      0.0
     8     1    25    11     6    16     0     2   -10.0   25.196  123.152     77.6   1007.4    297.3    297.9      0.0   1017.0     72.5      0.0      0.0
     9     1    25    11     6    16     0     2   -10.0   25.030  121.376    276.3    939.6    300.1    294.8      0.0    212.0     74.4    409.0      0.0
    10     1    25    11     6    16     0     2   -10.0   24.643  121.014    462.2    928.5    301.2    294.8      0.0    110.2     70.8    575.9      0.0
    11     1    25    11     6    16     0     2   -10.0   24.674  122.367    322.2   1008.0    297.9    298.6      0.0    979.0     69.4      0.0      0.0
    12     1    25    11     6    16     0     2   -10.0   24.119  120.703    408.0    951.5    300.6    296.3      0.0     29.2     73.0    395.0      0.0
    13     1    25    11     6    16     0     2   -10.0   24.217  120.576    415.9    911.7    302.8    294.7      0.0     33.7     68.1    776.6      0.0
    14     1    25    11     6    16     0     2   -10.0   24.351  120.930    878.3    819.2    307.0    289.7      0.0     63.6     68.1   1246.9      0.0
    15     1    25    11     6    16     0     2   -10.0   24.144  120.668    513.9    877.3    304.4    293.1      0.0     38.4     67.0    998.3      0.0
    16     1    25    11     6    16     0     2   -10.0   24.920  122.368    345.7   1005.1    297.8    298.2      0.1    935.3     71.4      7.2      0.0
    17     1    25    11     6    16     0     2   -10.0   25.197  123.130    317.6   1008.6    297.3    298.0      0.0   1025.6     71.9      0.0      0.0
    18     1    25    11     6    16     0     2   -10.0   25.029  121.375    521.5    939.8    300.1    294.8      0.0    211.8     74.4    408.0      0.0
    19     1    25    11     6    16     0     2   -10.0   24.361  120.753      0.0    948.2    300.7    296.1      0.0     69.2     71.0    358.5      0.0
    20     1    25    11     6    16     0     2   -10.0   24.443  122.123      5.7    987.2    297.8    296.7      0.2    855.8     77.4      0.0      0.0
    21     1    25    11     6    16     0     2   -10.0   23.964  120.522      0.0    965.6    299.9    296.9      0.0    123.3     75.3    186.4      0.0
    22     1    25    11     6    16     0     2   -10.0   24.197  120.554      0.0    917.1    302.6    295.0      0.0     34.8     69.0    662.7      0.0
    23     1    25    11     6    16     0     2   -10.0   24.333  120.896    386.5    822.3    306.8    289.9      0.0     61.3     67.9   1230.0      0.0
    24     1    25    11     6    16     0     2   -10.0   24.151  120.637     43.6    887.3    303.9    293.6      0.0     35.8     68.1    890.2      0.0
    25     1    25    11     6    16     0     2   -10.0   24.662  122.042    242.1    934.1    297.9    292.2      0.4    237.0     94.9    244.3      0.0
    26     1    25    11     6    16     0     2   -10.0   24.841  123.163      5.2    987.2    297.7    296.6      0.0    996.6     76.8      0.0      0.0
    27     1    25    11     6    16     0     2   -10.0   24.135  120.703     30.7    977.5    299.4    297.4      0.0    142.1     72.8     33.2      0.0
     1     1    25    11     6    15     0     3   -11.0   24.653  121.111    361.9    890.5    303.2    293.1      0.0    115.4     70.9    802.6      0.0
     2     1    25    11     6    15     0     3   -11.0   24.746  122.652     72.4   1007.9    297.9    298.6      0.0   1038.6     68.4      0.0      0.0
     3     1    25    11     6    15     0     3   -11.0   24.068  120.700    193.5    941.7    301.2    296.1      0.0     29.6     74.6    451.1      0.0
     4     1    25    11     6    15     0     3   -11.0   24.181  120.575    175.9    914.8    302.9    295.1      0.0     37.6     67.2    742.0      0.0
     5     1    25    11     6    15     0     3   -11.0   24.326  120.912    698.3    807.0    307.7    289.2      0.0     65.3     66.8   1315.9      0.0
     6     1    25    11     6    15     0     3   -11.0   24.124  120.673    252.4    873.9    304.7    293.1      0.0     46.0     67.2   1052.6      0.0
     7     1    25    11     6    15     0     3   -11.0   24.969  122.639     78.2   1007.3    298.0    298.6      0.0   1021.9     68.4      0.0      0.0
     8     1    25    11     6    15     0     3   -11.0   25.286  123.448     78.4   1007.2    297.1    297.7      0.0    964.5     74.0      0.0      0.0
     9     1    25    11     6    15     0     3   -11.0   24.983  121.528    619.6    870.4    303.8    292.0      0.0    135.8     76.6    726.4      0.0
    10     1    25    11     6    15     0     3   -11.0   24.653  121.111    603.8    890.5    303.2    293.1      0.0    115.4     70.9    802.6      0.0
    11     1    25    11     6    15     0     3   -11.0   24.746  122.652    322.4   1007.9    297.9    298.6      0.0   1038.6     68.4      0.0      0.0
    12     1    25    11     6    15     0     3   -11.0   24.068  120.700    439.0    941.7    301.2    296.1      0.0     29.6     74.6    451.1      0.0
    13     1    25    11     6    15     0     3   -11.0   24.181  120.575    418.5    914.8    302.9    295.1      0.0     37.6     67.2    742.0      0.0
    14     1    25    11     6    15     0     3   -11.0   24.326  120.912    935.2    807.0    307.7    289.2      0.0     65.3     66.8   1315.9      0.0
    15     1    25    11     6    15     0     3   -11.0   24.124  120.673    491.8    873.8    304.7    293.1      0.0     46.0     67.2   1052.6      0.0
    16     1    25    11     6    15     0     3   -11.0   24.969  122.639    328.1   1007.3    298.0    298.6      0.0   1022.0     68.4      0.0      0.0
    17     1    25    11     6    15     0     3   -11.0   25.286  123.426    318.0   1008.4    297.1    297.8      0.0    973.8     73.6      0.0      0.0
    18     1    25    11     6    15     0     3   -11.0   24.983  121.528    861.5    870.5    303.8    292.0      0.0    135.7     76.5    725.9      0.0
    19     1    25    11     6    15     0     3   -11.0   24.363  120.778      0.0    938.8    301.4    295.9      0.0     70.8     69.6    455.6      0.0
    20     1    25    11     6    15     0     3   -11.0   24.493  122.382      0.0    989.5    298.0    297.1      0.0   1012.7     74.3      0.0      0.0
    21     1    25    11     6    15     0     3   -11.0   23.891  120.509     11.7    959.9    300.3    296.7      0.0    137.5     75.9    222.2      0.0
    22     1    25    11     6    15     0     3   -11.0   24.153  120.547      0.0    923.0    302.5    295.6      0.0     38.5     68.0    606.4      0.0
    23     1    25    11     6    15     0     3   -11.0   24.309  120.878    429.4    813.0    307.4    289.5      0.0     61.4     66.6   1281.9      0.0
    24     1    25    11     6    15     0     3   -11.0   24.124  120.638     19.2    884.5    304.2    293.6      0.0     41.6     68.4    942.0      0.0
    25     1    25    11     6    15     0     3   -11.0   24.674  122.198     48.8    979.1    297.6    295.8      0.3    717.8     81.4     28.5      0.0
    26     1    25    11     6    15     0     3   -11.0   24.929  123.429      0.0    987.8    297.6    296.6      0.0    997.4     77.0      0.0      0.0
    27     1    25    11     6    15     0     3   -11.0   24.086  120.709     13.9    978.5    299.6    297.7      0.0    140.8     71.4     40.1      0.0
     1     1    25    11     6    14     0     2   -12.0   24.622  121.174    564.7    838.0    306.0    290.6      0.0     93.3     71.5   1128.1     37.4
     2     1    25    11     6    14     0     2   -12.0   24.856  122.931     75.0   1007.6    297.8    298.4      0.0   1064.5     69.9      0.0     34.0
     3     1    25    11     6    14     0     2   -12.0   24.018  120.691    236.3    932.5    301.8    295.8      0.0     36.6     75.1    492.3     43.0
     4     1    25    11     6    14     0     2   -12.0   24.150  120.581    190.7    913.1    303.1    295.2      0.0     44.2     68.2    741.3     53.0
     5     1    25    11     6    14     0     2   -12.0   24.306  120.889    727.3    802.6    307.9    288.9      0.0     64.7     68.4   1331.3     35.4
     6     1    25    11     6    14     0     2   -12.0   24.105  120.685    261.6    865.2    305.2    292.7      0.0     42.4     69.5   1128.0     47.4
     7     1    25    11     6    14     0     2   -12.0   25.062  122.930     79.6   1007.1    297.8    298.4      0.0   1091.9     68.9      0.0     36.9
     8     1    25    11     6    14     0     2   -12.0   25.401  123.751     78.8   1007.2    297.0    297.6      0.0    961.4     73.3      0.0     42.3
     9     1    25    11     6    14     0     2   -12.0   24.918  121.581    837.4    821.1    305.6    288.8      0.0    132.9     81.9   1018.0     27.1
    10     1    25    11     6    14     0     2   -12.0   24.622  121.174    803.4    838.0    306.0    290.6      0.0     93.3     71.5   1128.1     37.4
    11     1    25    11     6    14     0     2   -12.0   24.856  122.931    325.0   1007.6    297.8    298.4      0.0   1064.5     69.9      0.0     34.0
    12     1    25    11     6    14     0     2   -12.0   24.018  120.691    481.4    932.5    301.8    295.8      0.0     36.6     75.1    492.3     43.0
    13     1    25    11     6    14     0     2   -12.0   24.150  120.581    433.3    913.1    303.1    295.2      0.0     44.2     68.2    741.3     53.0
    14     1    25    11     6    14     0     2   -12.0   24.306  120.889    964.0    802.6    307.9    288.9      0.0     64.7     68.4   1331.3     35.4
    15     1    25    11     6    14     0     2   -12.0   24.105  120.685    500.3    865.2    305.2    292.7      0.0     42.4     69.5   1128.0     47.4
    16     1    25    11     6    14     0     2   -12.0   25.062  122.930    329.5   1007.1    297.8    298.4      0.0   1091.9     68.9      0.0     36.9
    17     1    25    11     6    14     0     2   -12.0   25.401  123.729    318.2   1008.4    297.0    297.7      0.0    961.5     73.0      0.0     42.3
    18     1    25    11     6    14     0     2   -12.0   24.918  121.581   1076.4    821.2    305.6    288.8      0.0    132.7     81.8   1017.6     27.2
    19     1    25    11     6    14     0     2   -12.0   24.382  120.814      0.0    925.5    302.1    295.4      0.0     81.3     70.3    574.9     51.3
    20     1    25    11     6    14     0     2   -12.0   24.577  122.669      0.0    988.2    298.0    297.0      0.0   1075.7     74.7      0.0     36.9
    21     1    25    11     6    14     0     2   -12.0   23.835  120.511     49.5    950.3    300.7    296.3      0.0    149.6     77.1    280.0     47.2
    22     1    25    11     6    14     0     2   -12.0   24.114  120.548      0.0    923.8    302.6    295.7      0.0     43.8     68.4    587.4     53.0
    23     1    25    11     6    14     0     2   -12.0   24.289  120.856    450.6    809.6    307.5    289.3      0.0     58.4     68.3   1293.0     37.4
    24     1    25    11     6    14     0     2   -12.0   24.099  120.646     25.8    876.7    304.6    293.2      0.0     38.1     70.4   1012.0     47.0
    25     1    25    11     6    14     0     2   -12.0   24.726  122.424      0.0    990.9    297.9    297.2      0.3    994.2     74.2      0.0     29.3
    26     1    25    11     6    14     0     2   -12.0   25.040  123.708      0.0    988.3    297.5    296.5      0.0   1002.6     76.7      0.0     44.1
    27     1    25    11     6    14     0     2   -12.0   24.048  120.716      3.6    978.7    299.6    297.8      0.0    168.0     71.9     46.0     53.0
