    10     1
    GFSQ    25    11    10     0     0
    GFSQ    25    11    11     0     0
    GFSQ    25    11    12     0     0
    GFSQ    25    11    13     0     0
    GFSQ    25    11    14     0     0
    GFSQ    25    11    15     0     0
    GFSQ    25    11    16     0     0
    GFSQ    25    11    17     0     0
    GFSQ    25    11    18     0     0
    GFSQ    25    11    19     0     0
    27 BACKWARD OMEGA   
    25    11    18     9   24.218  120.618    10.0
    25    11    18     9   24.218  120.618    10.0
    25    11    18     9   24.218  120.618    10.0
    25    11    18     9   24.218  120.618    10.0
    25    11    18     9   24.218  120.618    10.0
    25    11    18     9   24.218  120.618    10.0
    25    11    18     9   24.218  120.618    10.0
    25    11    18     9   24.218  120.618    10.0
    25    11    18     9   24.218  120.618    10.0
    25    11    18     9   24.218  120.618    10.0
    25    11    18     9   24.218  120.618    10.0
    25    11    18     9   24.218  120.618    10.0
    25    11    18     9   24.218  120.618    10.0
    25    11    18     9   24.218  120.618    10.0
    25    11    18     9   24.218  120.618    10.0
    25    11    18     9   24.218  120.618    10.0
    25    11    18     9   24.218  120.618    10.0
    25    11    18     9   24.218  120.618    10.0
    25    11    18     9   24.218  120.618    10.0
    25    11    18     9   24.218  120.618    10.0
    25    11    18     9   24.218  120.618    10.0
    25    11    18     9   24.218  120.618    10.0
    25    11    18     9   24.218  120.618    10.0
    25    11    18     9   24.218  120.618    10.0
    25    11    18     9   24.218  120.618    10.0
    25    11    18     9   24.218  120.618    10.0
    25    11    18     9   24.218  120.618    10.0
     8 PRESSURE THETA    AIR_TEMP RAINFALL MIXDEPTH RELHUMID TERR_MSL SUN_FLUX
     1     1    25    11    18     9     0     3     0.0   24.218  120.618     10.0    999.2    292.4    292.4      0.0    633.6     72.3    157.4    148.4
     2     1    25    11    18     9     0     3     0.0   24.218  120.618     10.0   1009.3    290.9    291.7      0.0    971.4     77.9     82.7    153.0
     3     1    25    11    18     9     0     3     0.0   24.218  120.618     10.0    996.7    294.2    293.9      0.0    399.3     65.2    165.7    192.3
     4     1    25    11    18     9     0     3     0.0   24.218  120.618     10.0    927.6    297.0    290.5      0.0    297.0     73.7    810.8    189.2
     5     1    25    11    18     9     0     3     0.0   24.218  120.618     10.0    951.2    294.1    289.8      0.0    543.3     77.0    595.2    160.5
     6     1    25    11    18     9     0     3     0.0   24.218  120.618     10.0    941.8    297.3    292.1      0.0    184.1     69.5    664.3    213.2
     7     1    25    11    18     9     0     3     0.0   24.218  120.618     10.0   1017.1    291.1    292.5      0.0    953.7     77.4     11.1    136.2
     8     1    25    11    18     9     0     3     0.0   24.218  120.618     10.0   1019.0    290.4    292.0      0.0   1202.0     79.1      1.4    160.8
     9     1    25    11    18     9     0     3     0.0   24.218  120.618     10.0   1015.1    292.1    293.4      0.0    744.0     71.6     13.0    177.8
    10     1    25    11    18     9     0     3     0.0   24.218  120.618     10.0    999.2    292.4    292.4      0.0    633.6     72.3    157.4    148.4
    11     1    25    11    18     9     0     3     0.0   24.218  120.618     10.0   1009.3    290.9    291.7      0.0    971.4     77.9     82.7    153.0
    12     1    25    11    18     9     0     3     0.0   24.218  120.618     10.0    996.7    294.2    293.9      0.0    399.3     65.2    165.7    192.3
    13     1    25    11    18     9     0     3     0.0   24.218  120.618     10.0    927.7    297.0    290.5      0.0    297.0     73.7    810.8    189.2
    14     1    25    11    18     9     0     3     0.0   24.218  120.618     10.0    951.2    294.1    289.8      0.0    543.3     77.0    595.2    160.5
    15     1    25    11    18     9     0     3     0.0   24.218  120.618     10.0    941.8    297.3    292.1      0.0    184.1     69.5    664.3    213.2
    16     1    25    11    18     9     0     3     0.0   24.218  120.618     10.0   1017.1    291.1    292.5      0.0    953.7     77.4     11.1    136.2
    17     1    25    11    18     9     0     3     0.0   24.218  120.618     10.0   1019.0    290.4    292.0      0.0   1202.0     79.1      1.4    160.8
    18     1    25    11    18     9     0     3     0.0   24.218  120.618     10.0   1015.1    292.1    293.4      0.0    744.0     71.6     13.0    177.8
    19     1    25    11    18     9     0     3     0.0   24.218  120.618     10.0    970.7    292.4    289.9      0.0    633.6     78.4    157.4    148.4
    20     1    25    11    18     9     0     3     0.0   24.218  120.618     10.0    980.3    290.5    288.9      0.0    971.4     83.4     82.7    153.0
    21     1    25    11    18     9     0     3     0.0   24.218  120.618     10.0    968.4    294.3    291.6      0.0    399.3     70.7    165.7    192.3
    22     1    25    11    18     9     0     3     0.0   24.218  120.618     10.0    901.7    297.8    288.9      0.0    297.0     76.0    810.8    189.2
    23     1    25    11    18     9     0     3     0.0   24.218  120.618     10.0    924.3    294.8    288.1      0.0    543.3     80.0    595.2    160.5
    24     1    25    11    18     9     0     3     0.0   24.218  120.618     10.0    915.5    298.3    290.7      0.0    184.1     69.8    664.3    213.2
    25     1    25    11    18     9     0     3     0.0   24.218  120.618     10.0    987.9    290.4    289.4      0.0    953.7     82.4     11.1    136.2
    26     1    25    11    18     9     0     3     0.0   24.218  120.618     10.0    989.6    289.7    288.8      0.0   1202.0     83.4      1.4    160.8
    27     1    25    11    18     9     0     3     0.0   24.218  120.618     10.0    986.0    291.5    290.3      0.0    744.0     78.9     13.0    177.8
     1     1    25    11    18     8     0     2    -1.0   24.414  120.648      0.0    986.9    292.3    291.1      0.0    954.4     75.4    279.8    240.8
     2     1    25    11    18     8     0     2    -1.0   24.480  120.780      0.0   1014.8    289.7    290.9      0.3   1323.2     77.4     58.5     99.7
     3     1    25    11    18     8     0     2    -1.0   24.284  120.510     14.2    988.5    293.8    292.8      0.0    565.9     68.8    238.8    254.5
     4     1    25    11    18     8     0     2    -1.0   24.143  120.499     69.3    899.3    298.8    289.7      0.0    447.9     73.0   1014.0    289.5
     5     1    25    11    18     8     0     2    -1.0   24.257  120.624     42.4    959.6    292.8    289.2      0.1    925.4     79.6    509.1    180.5
     6     1    25    11    18     8     0     2    -1.0   24.063  120.482    228.2    908.8    299.5    291.3      0.0    418.3     66.9    748.2    303.2
     7     1    25    11    18     8     0     2    -1.0   24.624  120.804      1.8   1020.1    289.9    291.6      0.0   1372.8     77.3      0.0    182.9
     8     1    25    11    18     8     0     2    -1.0   24.599  120.844      8.0   1022.4    289.1    290.9      0.1   1401.8     75.8      2.0     70.4
     9     1    25    11    18     8     0     2    -1.0   24.591  120.702     12.0   1009.8    291.0    291.8      0.0   1040.7     77.2     73.5    245.0
    10     1    25    11    18     8     0     2    -1.0   24.402  120.638    247.3    987.6    292.3    291.2      0.0    943.2     75.3    271.9    242.4
    11     1    25    11    18     8     0     2    -1.0   24.480  120.780    249.4   1014.8    289.7    290.9      0.3   1323.2     77.4     58.5     99.7
    12     1    25    11    18     8     0     2    -1.0   24.284  120.510    257.1    989.1    293.9    292.9      0.0    565.9     68.7    238.5    254.5
    13     1    25    11    18     8     0     2    -1.0   24.139  120.495    295.2    902.3    298.7    289.9      0.0    449.6     72.8    999.7    288.6
    14     1    25    11    18     8     0     2    -1.0   24.234  120.595    247.1    961.3    293.4    290.0      0.0    883.0     77.0    519.9    209.2
    15     1    25    11    18     8     0     2    -1.0   24.063  120.480    457.7    910.9    299.4    291.5      0.0    417.7     66.6    742.2    303.1
    16     1    25    11    18     8     0     2    -1.0   24.620  120.801    250.0   1020.1    289.9    291.6      0.0   1372.0     77.4      0.0    185.0
    17     1    25    11    18     8     0     2    -1.0   24.598  120.844    250.0   1022.5    289.1    290.9      0.1   1402.0     75.8      2.0     70.4
    18     1    25    11    18     8     0     2    -1.0   24.579  120.694    251.6   1010.1    291.1    291.9      0.0   1031.1     77.3     72.5    247.6
    19     1    25    11    18     8     0     2    -1.0   24.522  120.815    140.3    941.9    292.4    287.4      0.0   1014.6     85.4    312.3    208.1
    20     1    25    11    18     8     0     2    -1.0   24.577  120.942     69.1    979.2    289.2    287.4      0.5   1318.9     88.9     68.4     35.1
    21     1    25    11    18     8     0     2    -1.0   24.389  120.606    134.8    928.9    295.0    288.7      0.0    578.7     79.7    416.5    259.2
    22     1    25    11    18     8     0     2    -1.0   24.129  120.533    114.6    852.9    300.8    287.4      0.0    408.4     78.2   1177.4    297.0
    23     1    25    11    18     8     0     2    -1.0   24.275  120.753    280.6    880.9    294.5    283.9      0.2    863.4     92.2    764.7     94.6
    24     1    25    11    18     8     0     2    -1.0   24.040  120.520    224.2    868.6    301.0    289.0      0.0    425.3     72.5    898.3    297.3
    25     1    25    11    18     8     0     2    -1.0   24.743  120.959     82.6    979.8    289.3    287.6      0.3   1358.1     86.1     35.0    100.3
    26     1    25    11    18     8     0     2    -1.0   24.691  120.967     60.5    986.5    288.5    287.4      0.4   1351.8     83.5      7.1     59.3
    27     1    25    11    18     8     0     2    -1.0   24.746  120.860     67.5    971.8    290.7    288.2      0.0   1174.4     84.8    103.2    222.7
     1     1    25    11    18     7     0     1    -2.0   24.712  120.912      0.0   1001.0    290.4    290.4      0.4   1231.3     79.8    185.2    104.4
     2     1    25    11    18     7     0     1    -2.0   24.813  121.099      0.0   1021.3    289.4    291.1      1.0   1358.1     75.7     17.0     40.6
     3     1    25    11    18     7     0     1    -2.0   24.595  120.663      0.0    968.6    294.4    291.6      0.0    859.9     71.5    431.6    370.5
     4     1    25    11    18     7     0     1    -2.0   24.237  120.561      0.0    892.6    300.2    290.5      0.0    604.8     69.4   1118.4    415.0
     5     1    25    11    18     7     0     1    -2.0   24.427  120.887    206.6    945.7    291.4    286.7      0.9   1029.9     90.0    481.8     37.3
     6     1    25    11    18     7     0     1    -2.0   24.050  120.556    430.5    862.9    301.8    289.3      0.0    713.5     70.8    983.6    373.0
     7     1    25    11    18     7     0     1    -2.0   25.049  121.180      6.9   1022.7    289.1    291.0      0.8   1319.2     75.2      5.4     59.5
     8     1    25    11    18     7     0     1    -2.0   25.050  121.202     12.8   1023.0    288.3    290.2      0.4   1257.4     75.0      0.0     56.7
     9     1    25    11    18     7     0     1    -2.0   25.031  121.061      0.5   1017.1    289.7    291.1      0.5   1349.7     77.4     41.7     92.7
    10     1    25    11    18     7     0     1    -2.0   24.706  120.903    248.2   1001.3    290.4    290.5      0.3   1232.1     79.5    181.9    111.5
    11     1    25    11    18     7     0     1    -2.0   24.813  121.099    249.8   1021.3    289.4    291.1      1.0   1358.1     75.7     17.0     40.6
    12     1    25    11    18     7     0     1    -2.0   24.585  120.656    245.8    969.4    294.3    291.6      0.0    850.6     71.4    423.9    372.3
    13     1    25    11    18     7     0     1    -2.0   24.232  120.552    239.1    895.5    300.0    290.6      0.0    610.7     69.4   1093.0    412.3
    14     1    25    11    18     7     0     1    -2.0   24.393  120.783    290.6    965.5    291.4    288.4      0.3   1077.3     85.7    466.4     68.5
    15     1    25    11    18     7     0     1    -2.0   24.053  120.552    656.4    866.4    301.7    289.5      0.0    712.7     70.2    964.7    373.9
    16     1    25    11    18     7     0     1    -2.0   25.046  121.177    256.8   1022.6    289.1    291.0      0.8   1318.0     75.2      6.2     59.7
    17     1    25    11    18     7     0     1    -2.0   25.048  121.201    254.3   1023.4    288.3    290.3      0.4   1258.0     75.1      0.0     56.8
    18     1    25    11    18     7     0     1    -2.0   25.023  121.052    249.6   1016.8    289.8    291.2      0.5   1344.4     77.2     44.0     99.5
    19     1    25    11    18     7     0     1    -2.0   24.750  121.198    360.7    917.9    291.3    284.2      1.0   1092.5     98.2    326.2     29.5
    20     1    25    11    18     7     0     1    -2.0   24.974  121.309      0.0    993.3    288.9    288.3      0.8   1270.7     81.2     43.9     42.4
    21     1    25    11    18     7     0     1    -2.0   24.661  120.867    242.6    873.1    297.2    285.7      0.0    781.5     83.9    855.5    309.8
    22     1    25    11    18     7     0     1    -2.0   24.152  120.598     32.9    838.8    301.9    287.1      0.0    557.3     77.7   1398.1    375.2
    23     1    25    11    18     7     0     1    -2.0   24.391  121.061    400.5    878.1    293.3    282.5      2.5    822.3     99.1    660.9     15.4
    24     1    25    11    18     7     0     1    -2.0   24.003  120.614    385.3    815.9    302.9    285.7      0.1    638.7     80.4   1271.5    311.3
    25     1    25    11    18     7     0     1    -2.0   25.217  121.410     47.0    987.2    288.5    287.5      0.8   1291.0     83.3     17.7     45.1
    26     1    25    11    18     7     0     1    -2.0   25.193  121.369    110.7    982.2    287.5    286.1      0.4   1261.8     85.1      0.0     52.7
    27     1    25    11    18     7     0     1    -2.0   25.173  121.336    113.9    973.5    289.3    287.1      0.6   1285.0     89.5     75.8     36.9
     1     1    25    11    18     6     0     0    -3.0   24.920  121.140      0.0   1011.6    289.7    290.6      0.7   1255.3     80.4     95.9     42.1
     2     1    25    11    18     6     0     0    -3.0   25.236  121.368      5.9   1023.4    288.6    290.5      0.6   1305.6     75.1      0.0     65.8
     3     1    25    11    18     6     0     0    -3.0   24.869  120.881      0.0    994.4    291.5    291.0      0.2   1210.7     76.8    237.6    208.4
     4     1    25    11    18     6     0     0    -3.0   24.319  120.600      0.0    889.8    300.4    290.5      0.0    742.6     66.8   1137.7    503.8
     5     1    25    11    18     6     0     0    -3.0   24.572  121.086    120.9    985.4    289.8    288.6      1.0   1161.7     87.2    193.3     27.5
     6     1    25    11    18     6     0     0    -3.0   24.006  120.648    573.7    810.0    303.1    285.3      0.1    795.1     83.3   1381.8    332.6
     7     1    25    11    18     6     0     0    -3.0   25.490  121.476      4.6   1023.4    288.3    290.2      0.5   1269.3     75.5      0.0     64.9
     8     1    25    11    18     6     0     0    -3.0   25.501  121.478     14.4   1024.3    287.1    289.1      0.1   1269.9     75.6      0.0     67.4
     9     1    25    11    18     6     0     0    -3.0   25.383  121.378      0.0   1020.7    289.4    291.1      0.9   1306.8     75.7     20.7     50.7
    10     1    25    11    18     6     0     0    -3.0   24.916  121.133    249.0   1011.7    289.7    290.6      0.7   1256.0     80.5     95.2     42.4
    11     1    25    11    18     6     0     0    -3.0   25.236  121.368    255.9   1023.4    288.6    290.5      0.6   1305.6     75.1      0.0     65.8
    12     1    25    11    18     6     0     0    -3.0   24.863  120.874    247.7    995.2    291.5    291.1      0.2   1212.6     76.3    229.4    218.3
    13     1    25    11    18     6     0     0    -3.0   24.318  120.592    239.0    893.0    300.4    290.8      0.0    753.5     65.8   1104.4    518.1
    14     1    25    11    18     6     0     0    -3.0   24.527  120.990    306.2    984.6    290.2    288.9      1.0   1129.8     86.3    274.1     31.5
    15     1    25    11    18     6     0     0    -3.0   24.008  120.642    798.8    813.3    303.0    285.5      0.1    809.0     82.4   1358.9    340.8
    16     1    25    11    18     6     0     0    -3.0   25.486  121.473    254.5   1023.4    288.3    290.2      0.5   1268.6     75.5      0.0     64.7
    17     1    25    11    18     6     0     0    -3.0   25.494  121.474    255.4   1024.8    287.2    289.2      0.1   1268.9     75.7      0.0     67.4
    18     1    25    11    18     6     0     0    -3.0   25.374  121.370    249.8   1020.9    289.5    291.2      0.9   1312.3     75.6     18.7     50.7
    19     1    25    11    18     6     0     0    -3.0   25.024  121.448     34.8    978.2    289.9    288.1      1.0   1238.3     85.0    106.1     40.6
    20     1    25    11    18     6     0     0    -3.0   25.479  121.586      0.0    995.7    287.7    287.3      0.6   1319.3     80.9      0.0     70.7
    21     1    25    11    18     6     0     0    -3.0   24.761  121.144    558.2    828.3    296.6    280.9      1.0    834.0     97.6   1006.3     58.3
    22     1    25    11    18     6     0     0    -3.0   24.178  120.652      0.0    833.2    301.9    286.4      0.0    664.9     78.8   1558.7    398.2
    23     1    25    11    18     6     0     0    -3.0   24.636  121.270      0.0    969.9    290.0    287.5      1.0   1158.3     90.1    240.2     32.9
    24     1    25    11    18     6     0     0    -3.0   23.973  120.702    479.4    777.0    303.8    282.6      0.2    656.6     89.4   1592.4    251.2
    25     1    25    11    18     6     0     0    -3.0   25.721  121.711     56.7    988.7    287.3    286.4      0.5   1307.7     83.7      0.0     69.2
    26     1    25    11    18     6     0     0    -3.0   25.701  121.670    172.0    976.1    286.2    284.2      0.1   1273.2     88.6      0.0     74.1
    27     1    25    11    18     6     0     0    -3.0   25.577  121.657      0.0    999.0    289.1    289.0      0.5   1315.6     79.1      0.0     59.7
     1     1    25    11    18     5     0     1    -4.0   25.207  121.380      0.0   1018.4    289.7    291.2      0.5   1278.9     75.8     43.7     47.3
     2     1    25    11    18     5     0     1    -4.0   25.712  121.590      7.3   1024.8    287.7    289.7      0.1   1327.8     75.6      0.0     66.4
     3     1    25    11    18     5     0     1    -4.0   25.052  121.087      0.0   1004.6    290.0    290.3      0.4   1176.1     84.0    166.0     41.4
     4     1    25    11    18     5     0     1    -4.0   24.422  120.689      0.0    904.8    297.1    288.5      0.2    807.8     79.1   1050.7    263.7
     5     1    25    11    18     5     0     1    -4.0   24.800  121.260      0.0   1016.2    290.2    291.5      0.7   1268.7     75.8     67.0     42.5
     6     1    25    11    18     5     0     1    -4.0   23.972  120.743    695.6    767.6    303.9    281.7      0.2    591.8     91.8   1718.6    178.2
     7     1    25    11    18     5     0     1    -4.0   25.958  121.710      5.8   1025.1    287.3    289.3      0.1   1302.7     75.8      0.0     68.0
     8     1    25    11    18     5     0     1    -4.0   25.978  121.710     17.5   1024.7    286.2    288.2      0.0   1274.6     74.8      0.0     84.6
     9     1    25    11    18     5     0     1    -4.0   25.812  121.642      5.9   1024.1    288.7    290.6      0.3   1311.3     75.2      0.0     67.0
    10     1    25    11    18     5     0     1    -4.0   25.202  121.374    249.5   1018.0    289.7    291.2      0.5   1275.7     76.0     46.6     46.7
    11     1    25    11    18     5     0     1    -4.0   25.712  121.590    257.3   1024.8    287.7    289.7      0.1   1327.8     75.6      0.0     66.4
    12     1    25    11    18     5     0     1    -4.0   25.049  121.082    248.3   1004.2    290.0    290.3      0.4   1175.4     84.0    170.2     41.9
    13     1    25    11    18     5     0     1    -4.0   24.428  120.682    240.0    910.2    296.9    288.8      0.2    829.2     78.5    999.1    269.2
    14     1    25    11    18     5     0     1    -4.0   24.654  121.131    248.2   1001.0    290.0    290.1      0.7   1156.2     83.8    180.1     29.6
    15     1    25    11    18     5     0     1    -4.0   23.974  120.738    919.0    770.0    303.8    281.9      0.2    602.5     91.5   1702.2    184.9
    16     1    25    11    18     5     0     1    -4.0   25.953  121.708    255.8   1025.1    287.3    289.4      0.1   1302.6     75.8      0.0     67.9
    17     1    25    11    18     5     0     1    -4.0   25.964  121.703    257.3   1025.6    286.3    288.4      0.0   1274.4     75.0      0.0     84.1
    18     1    25    11    18     5     0     1    -4.0   25.802  121.636    255.6   1024.1    288.7    290.7      0.3   1310.3     75.2      0.0     66.4
    19     1    25    11    18     5     0     1    -4.0   25.466  121.708      0.0    996.8    289.3    289.0      0.3   1360.8     77.6      0.0     66.4
    20     1    25    11    18     5     0     1    -4.0   26.030  121.828     13.9    994.8    286.5    286.0      0.0   1336.6     81.1      0.0     63.9
    21     1    25    11    18     5     0     1    -4.0   24.908  121.398    215.6    913.7    292.4    284.9      1.7    786.3     98.5    513.5     18.3
    22     1    25    11    18     5     0     1    -4.0   24.203  120.734     13.7    800.2    301.8    283.0      0.1    554.7     87.4   1831.6    264.7
    23     1    25    11    18     5     0     1    -4.0   25.055  121.506      0.0    997.7    290.0    289.8      0.3   1365.2     75.7      0.4     56.9
    24     1    25    11    18     5     0     1    -4.0   23.951  120.781    581.7    746.3    304.9    280.4      0.3    505.5     91.7   1832.9    126.4
    25     1    25    11    18     5     0     1    -4.0   26.263  121.970     83.1    986.7    286.2    285.1      0.0   1325.1     84.1      0.0     68.9
    26     1    25    11    18     5     0     1    -4.0   26.232  121.925    209.3    972.1    285.2    282.9      0.0   1284.4     89.0      0.0     88.3
    27     1    25    11    18     5     0     1    -4.0   26.091  121.930      0.0    995.9    287.8    287.5      0.2   1345.7     80.5      0.0     67.8
     1     1    25    11    18     4     0     2    -5.0   25.633  121.627      2.3   1024.8    289.2    291.3      0.3   1351.6     73.8      0.0     66.5
     2     1    25    11    18     4     0     2    -5.0   26.200  121.785      7.3   1025.5    286.7    288.8      0.0   1318.1     75.5      0.0     71.0
     3     1    25    11    18     4     0     2    -5.0   25.235  121.279      0.0   1008.4    289.9    290.6      0.6   1176.1     81.6    124.6     32.1
     4     1    25    11    18     4     0     2    -5.0   24.493  120.828     91.7    892.7    295.1    285.5      0.6    720.1     93.0   1100.2     61.4
     5     1    25    11    18     4     0     2    -5.0   25.204  121.483      0.0   1024.4    290.0    292.0      0.3   1368.6     71.9      0.0     63.8
     6     1    25    11    18     4     0     2    -5.0   23.948  120.822    821.0    737.1    305.2    279.7      0.3    437.8     92.6   1933.3     73.6
     7     1    25    11    18     4     0     2    -5.0   26.442  121.909      6.1   1025.8    286.3    288.4      0.0   1282.8     75.4      0.0     79.1
     8     1    25    11    18     4     0     2    -5.0   26.481  121.899     17.7   1025.7    284.9    287.0      0.0   1188.8     74.5      0.0     93.8
     9     1    25    11    18     4     0     2    -5.0   26.283  121.873      6.0   1025.2    287.9    290.0      0.0   1368.5     75.6      0.0     62.0
    10     1    25    11    18     4     0     2    -5.0   25.627  121.621    252.6   1024.8    289.3    291.3      0.3   1350.4     73.8      0.0     66.5
    11     1    25    11    18     4     0     2    -5.0   26.200  121.785    257.3   1025.5    286.7    288.8      0.0   1318.1     75.5      0.0     71.0
    12     1    25    11    18     4     0     2    -5.0   25.232  121.274    248.8   1008.6    289.9    290.6      0.6   1177.4     81.6    123.4     32.4
    13     1    25    11    18     4     0     2    -5.0   24.507  120.822    320.1    901.4    294.7    285.9      0.6    751.1     92.4   1027.8     59.4
    14     1    25    11    18     4     0     2    -5.0   24.939  121.322    249.9   1023.7    290.2    292.2      0.5   1330.1     72.7     12.2     49.2
    15     1    25    11    18     4     0     2    -5.0   23.949  120.819   1044.6    736.8    305.2    279.7      0.3    438.7     92.7   1942.8     74.1
    16     1    25    11    18     4     0     2    -5.0   26.437  121.907    256.1   1025.8    286.3    288.4      0.0   1283.6     75.4      0.0     78.9
    17     1    25    11    18     4     0     2    -5.0   26.456  121.889    257.4   1026.6    285.1    287.3      0.0   1193.1     74.8      0.0     94.0
    18     1    25    11    18     4     0     2    -5.0   26.272  121.868    255.9   1025.2    287.9    290.0      0.1   1366.9     75.6      0.0     61.9
    19     1    25    11    18     4     0     2    -5.0   25.988  121.969      3.4    995.9    288.3    288.0      0.0   1413.2     78.7      0.0     70.5
    20     1    25    11    18     4     0     2    -5.0   26.601  122.029     23.2    995.1    285.2    284.8      0.0   1312.7     82.2      0.0     78.2
    21     1    25    11    18     4     0     2    -5.0   25.183  121.585      0.0    990.7    290.3    289.5      0.7   1202.5     84.0    188.0     33.2
    22     1    25    11    18     4     0     2    -5.0   24.193  120.840    216.8    754.1    303.0    279.5      0.2    394.2     96.4   2126.6    126.4
    23     1    25    11    18     4     0     2    -5.0   25.565  121.767      5.0    995.8    289.0    288.7      0.0   1404.6     77.0      0.0     74.4
    24     1    25    11    18     4     0     2    -5.0   23.932  120.835    675.9    736.4    305.5    279.8      0.3    434.3     90.5   1860.6     74.0
    25     1    25    11    18     4     0     2    -5.0   26.829  122.185     90.5    987.1    284.9    283.8      0.0   1280.0     85.3      0.0     80.2
    26     1    25    11    18     4     0     2    -5.0   26.800  122.126    231.7    970.2    283.7    281.2      0.0   1179.4     90.1      0.0     74.1
    27     1    25    11    18     4     0     2    -5.0   26.638  122.175      5.9    995.9    286.8    286.5      0.0   1358.4     80.5      0.0     67.8
     1     1    25    11    18     3     0     3    -6.0   26.094  121.857      2.3   1025.4    288.6    290.7      0.0   1430.1     74.0      0.0     63.2
     2     1    25    11    18     3     0     3    -6.0   26.716  121.928      7.6   1027.4    285.1    287.3      0.0   1203.8     77.4      0.0     65.3
     3     1    25    11    18     3     0     3    -6.0   25.547  121.519      0.0   1025.0    290.1    292.2      0.4   1329.3     72.7      4.0     51.5
     4     1    25    11    18     3     0     3    -6.0   24.547  121.008    166.6    906.7    293.9    285.8      2.0    612.7     97.6    889.0     22.2
     5     1    25    11    18     3     0     3    -6.0   25.660  121.712      0.0   1025.4    289.4    291.4      0.0   1434.9     71.9      0.0     69.4
     6     1    25    11    18     3     0     3    -6.0   23.947  120.885    883.2    762.9    303.7    280.8      0.3    478.4     92.7   1613.4     89.5
     7     1    25    11    18     3     0     3    -6.0   26.957  122.061      6.6   1027.4    284.6    286.8      0.0   1148.7     77.6      0.0     62.6
     8     1    25    11    18     3     0     3    -6.0   27.018  122.035     24.8   1025.8    283.0    285.0      0.0   1136.3     75.2      0.0     91.6
     9     1    25    11    18     3     0     3    -6.0   26.771  122.069      6.0   1025.4    287.1    289.1      0.0   1318.7     76.0      0.0     67.5
    10     1    25    11    18     3     0     3    -6.0   26.087  121.853    252.6   1025.4    288.6    290.7      0.0   1430.3     74.1      0.0     63.2
    11     1    25    11    18     3     0     3    -6.0   26.716  121.928    257.6   1027.4    285.1    287.3      0.0   1203.7     77.4      0.0     65.3
    12     1    25    11    18     3     0     3    -6.0   25.541  121.514    249.9   1024.8    290.1    292.2      0.4   1328.2     72.8      5.2     50.9
    13     1    25    11    18     3     0     3    -6.0   24.565  121.005    403.8    913.4    293.6    286.1      2.1    639.6     97.5    829.6     21.2
    14     1    25    11    18     3     0     3    -6.0   25.373  121.562    250.0   1025.4    289.9    291.9      0.3   1401.1     71.6      0.0     70.3
    15     1    25    11    18     3     0     3    -6.0   23.946  120.882   1115.1    761.8    303.8    280.8      0.3    476.3     92.6   1626.0     88.6
    16     1    25    11    18     3     0     3    -6.0   26.953  122.059    256.5   1027.4    284.6    286.8      0.0   1150.1     77.6      0.0     63.0
    17     1    25    11    18     3     0     3    -6.0   26.979  122.025    260.4   1027.6    283.3    285.5      0.0   1130.3     75.8      0.0     86.7
    18     1    25    11    18     3     0     3    -6.0   26.760  122.065    255.9   1025.5    287.1    289.2      0.0   1321.1     75.9      0.0     67.1
    19     1    25    11    18     3     0     3    -6.0   26.532  122.202      8.0    995.9    287.4    287.1      0.0   1418.2     79.1      0.0     70.6
    20     1    25    11    18     3     0     3    -6.0   27.198  122.136     40.3    994.3    283.4    283.0      0.0   1302.1     82.7      0.0     91.6
    21     1    25    11    18     3     0     3    -6.0   25.638  121.840      0.0    996.0    290.2    289.9      0.3   1400.9     76.6      0.0     59.1
    22     1    25    11    18     3     0     3    -6.0   24.178  120.911    391.2    750.4    303.6    279.6      0.3    362.2     94.0   1996.0     95.9
    23     1    25    11    18     3     0     3    -6.0   26.102  122.009     11.0    995.6    288.1    287.7      0.0   1448.5     78.2      0.0     70.6
    24     1    25    11    18     3     0     3    -6.0   23.934  120.882    707.3    757.3    304.2    280.7      0.3    472.8     91.0   1616.0     86.9
    25     1    25    11    18     3     0     3    -6.0   27.422  122.313    141.5    982.2    283.1    281.7      0.0   1272.6     86.6      0.0     96.1
    26     1    25    11    18     3     0     3    -6.0   27.368  122.251    371.9    956.0    282.2    278.6      0.0   1291.0     93.9      0.0    146.4
    27     1    25    11    18     3     0     3    -6.0   27.211  122.364      0.0    998.5    285.4    285.3      0.0   1292.5     82.0      0.0     70.4
     1     1    25    11    18     2     0     2    -7.0   26.584  122.056      2.3   1025.5    287.5    289.6      1.0   1363.6     75.2      0.0     48.9
     2     1    25    11    18     2     0     2    -7.0   27.245  122.005     11.1   1028.3    283.6    285.9      0.3   1250.6     74.9      0.0     82.6
     3     1    25    11    18     2     0     2    -7.0   25.991  121.775      0.0   1025.4    289.6    291.7      0.4   1394.4     72.9      0.0     47.3
     4     1    25    11    18     2     0     2    -7.0   24.595  121.115      0.0    945.5    292.6    287.9      2.6    571.3     96.1    692.2     10.3
     5     1    25    11    18     2     0     2    -7.0   26.140  121.918      0.0   1025.4    288.3    290.4      1.0   1394.0     73.3      0.0     48.9
     6     1    25    11    18     2     0     2    -7.0   23.985  120.960    826.0    798.5    301.2    282.2      0.2    476.7     95.8   1296.7     77.2
     7     1    25    11    18     2     0     2    -7.0   27.483  122.155     11.4   1028.4    283.1    285.4      0.2   1199.2     74.8      0.0     94.9
     8     1    25    11    18     2     0     2    -7.0   27.549  122.121     43.5   1025.2    281.6    283.6      0.1   1156.8     70.7      0.0    165.1
     9     1    25    11    18     2     0     2    -7.0   27.295  122.208      7.0   1027.4    285.2    287.4      0.4   1208.4     77.7      0.0     44.6
    10     1    25    11    18     2     0     2    -7.0   26.577  122.052    252.6   1025.5    287.5    289.6      1.0   1363.4     75.2      0.0     48.9
    11     1    25    11    18     2     0     2    -7.0   27.245  122.005    261.1   1028.3    283.6    285.9      0.3   1250.6     74.9      0.0     82.6
    12     1    25    11    18     2     0     2    -7.0   25.984  121.770    250.0   1025.4    289.6    291.7      0.4   1393.5     72.9      0.0     47.2
    13     1    25    11    18     2     0     2    -7.0   24.619  121.116    243.6    951.3    292.4    288.2      2.4    626.8     95.2    639.5     10.8
    14     1    25    11    18     2     0     2    -7.0   25.841  121.788    250.0   1025.4    288.9    291.0      0.7   1416.4     72.9      0.0     48.2
    15     1    25    11    18     2     0     2    -7.0   23.982  120.957   1066.8    797.3    301.3    282.2      0.2    476.9     95.6   1306.3     76.6
    16     1    25    11    18     2     0     2    -7.0   27.479  122.154    261.3   1028.3    283.2    285.4      0.2   1198.2     74.8      0.0     94.0
    17     1    25    11    18     2     0     2    -7.0   27.489  122.113    268.3   1028.3    282.0    284.2      0.1   1162.3     71.8      0.0    155.5
    18     1    25    11    18     2     0     2    -7.0   27.284  122.205    256.8   1027.4    285.2    287.4      0.4   1210.4     77.7      0.0     44.8
    19     1    25    11    18     2     0     2    -7.0   27.102  122.363      8.8    997.3    285.9    285.7      0.4   1361.5     80.6      0.0     44.5
    20     1    25    11    18     2     0     2    -7.0   27.768  122.174     46.9    994.3    282.1    281.7      0.2   1279.1     79.2      0.0    100.5
    21     1    25    11    18     2     0     2    -7.0   26.168  122.118     15.4    995.0    289.2    288.8      0.5   1427.7     77.0      0.0     48.3
    22     1    25    11    18     2     0     2    -7.0   24.191  120.970    466.8    756.4    302.9    279.6      0.4    309.6     95.0   1856.1     50.1
    23     1    25    11    18     2     0     2    -7.0   26.661  122.187     17.6    995.1    286.9    286.5      0.8   1403.7     79.3      0.0     53.8
    24     1    25    11    18     2     0     2    -7.0   23.967  120.945    660.6    787.6    302.0    281.8      0.2    477.7     94.0   1341.7     73.8
    25     1    25    11    18     2     0     2    -7.0   27.986  122.373    185.0    977.8    281.9    280.1      0.2   1256.5     84.6      0.0    106.4
    26     1    25    11    18     2     0     2    -7.0   27.913  122.312    440.9    947.6    281.2    276.9      0.0   1211.3     94.1      0.0    134.3
    27     1    25    11    18     2     0     2    -7.0   27.805  122.460     15.0    997.1    283.8    283.6      0.3   1324.4     81.3      0.0     67.5
     1     1    25    11    18     1     0     1    -8.0   27.110  122.193      2.3   1027.3    286.1    288.3      0.3   1325.2     76.0      0.0     26.0
     2     1    25    11    18     1     0     1    -8.0   27.760  122.022     12.7   1029.0    282.2    284.5      0.1   1171.3     72.5      0.0     72.8
     3     1    25    11    18     1     0     1    -8.0   26.477  121.999      0.0   1025.4    288.5    290.5      0.9   1348.8     74.3      0.0     26.1
     4     1    25    11    18     1     0     1    -8.0   24.664  121.188      0.0    972.1    291.6    289.2      2.0    725.3     92.8    452.6      5.9
     5     1    25    11    18     1     0     1    -8.0   26.652  122.071      0.0   1026.0    287.2    289.3      0.8   1380.8     74.3      0.0     28.2
     6     1    25    11    18     1     0     1    -8.0   24.056  121.054    511.9    854.1    297.8    284.6      0.3    385.8     97.1   1039.8     48.0
     7     1    25    11    18     1     0     1    -8.0   27.999  122.196     16.1   1028.6    281.9    284.1      0.0   1134.5     71.8      0.0     89.9
     8     1    25    11    18     1     0     1    -8.0   28.093  122.125     66.3   1022.5    280.1    281.9      0.0   1096.1     67.6      0.0    134.9
     9     1    25    11    18     1     0     1    -8.0   27.823  122.286      9.3   1028.2    283.9    286.2      0.3   1241.9     75.7      0.0     46.7
    10     1    25    11    18     1     0     1    -8.0   27.103  122.190    252.6   1027.3    286.1    288.3      0.3   1324.8     76.1      0.0     26.0
    11     1    25    11    18     1     0     1    -8.0   27.760  122.022    262.7   1029.0    282.2    284.5      0.1   1171.3     72.5      0.0     72.8
    12     1    25    11    18     1     0     1    -8.0   26.471  121.995    250.0   1025.4    288.5    290.6      0.8   1349.8     74.3      0.0     26.0
    13     1    25    11    18     1     0     1    -8.0   24.696  121.195    245.9    977.3    291.3    289.4      1.9    818.2     92.1    405.4      6.2
    14     1    25    11    18     1     0     1    -8.0   26.343  121.975    250.0   1025.4    287.9    290.0      1.0   1364.7     73.9      0.0     27.5
    15     1    25    11    18     1     0     1    -8.0   24.053  121.051    767.4    852.2    297.9    284.5      0.3    390.6     97.2   1043.3     47.9
    16     1    25    11    18     1     0     1    -8.0   27.994  122.196    266.0   1028.6    281.9    284.2      0.0   1135.0     71.9      0.0     89.5
    17     1    25    11    18     1     0     1    -8.0   28.010  122.130    279.8   1026.9    280.6    282.8      0.0   1099.5     68.5      0.0    128.1
    18     1    25    11    18     1     0     1    -8.0   27.811  122.285    259.1   1028.2    284.0    286.2      0.3   1242.2     75.8      0.0     46.1
    19     1    25    11    18     1     0     1    -8.0   27.685  122.453     18.4    996.2    284.7    284.4      0.3   1341.2     79.4      0.0     36.2
    20     1    25    11    18     1     0     1    -8.0   28.329  122.117     68.5    992.7    280.6    280.1      0.3   1235.3     75.1      0.0     76.7
    21     1    25    11    18     1     0     1    -8.0   26.737  122.353     19.5    994.5    288.1    287.7      1.0   1388.9     78.0      0.0     27.5
    22     1    25    11    18     1     0     1    -8.0   24.254  121.049    474.7    778.2    300.6    279.8      0.7    246.0     98.0   1614.8     13.6
    23     1    25    11    18     1     0     1    -8.0   27.245  122.299     28.1    995.2    285.6    285.2      0.3   1375.7     79.3      0.0     27.7
    24     1    25    11    18     1     0     1    -8.0   24.031  121.031    432.9    834.9    298.9    283.7      0.3    417.5     97.6   1075.2     46.8
    25     1    25    11    18     1     0     1    -8.0   28.544  122.345    242.9    971.8    280.6    278.3      0.3   1221.3     82.8      0.0     78.7
    26     1    25    11    18     1     0     1    -8.0   28.447  122.288    542.7    936.6    280.2    275.0      0.3   1195.8     94.0      0.0    107.9
    27     1    25    11    18     1     0     1    -8.0   28.384  122.488      8.9    999.1    282.5    282.4      0.2   1281.7     78.2      0.0     50.1
     1     1    25    11    18     0     0     0    -9.0   27.628  122.278      2.5   1027.4    285.3    287.5      0.3   1295.7     73.8      0.0      5.6
     2     1    25    11    18     0     0     0    -9.0   28.264  121.962     15.1   1030.2    280.5    282.9      0.1   1111.4     69.6      0.0     17.1
     3     1    25    11    18     0     0     0    -9.0   27.002  122.180      0.0   1026.1    287.4    289.5      0.8   1343.6     75.5      0.0      5.6
     4     1    25    11    18     0     0     0    -9.0   24.791  121.285      0.0    986.1    290.9    289.7      1.6   1137.7     91.8    322.3      0.0
     5     1    25    11    18     0     0     0    -9.0   27.172  122.178      0.0   1027.3    286.2    288.4      0.3   1374.0     72.6      0.0      5.6
     6     1    25    11    18     0     0     0    -9.0   24.213  121.166    138.1    904.2    295.9    287.3      0.2    526.1     88.4    952.8     10.5
     7     1    25    11    18     0     0     0    -9.0   28.510  122.157     22.7   1029.2    280.0    282.3      0.1   1071.1     69.1      0.0     18.9
     8     1    25    11    18     0     0     0    -9.0   28.615  122.017    109.9   1018.3    278.1    279.6      0.0    938.5     64.7      5.4     29.6
     9     1    25    11    18     0     0     0    -9.0   28.342  122.292      9.9   1029.3    282.3    284.7      0.0   1147.4     73.5      0.0      7.2
    10     1    25    11    18     0     0     0    -9.0   27.622  122.276    252.8   1027.4    285.3    287.5      0.3   1295.7     73.8      0.0      5.6
    11     1    25    11    18     0     0     0    -9.0   28.264  121.962    265.1   1030.2    280.5    282.9      0.1   1111.4     69.6      0.0     17.1
    12     1    25    11    18     0     0     0    -9.0   26.995  122.176    250.0   1026.1    287.4    289.5      0.8   1342.4     75.6      0.0      5.6
    13     1    25    11    18     0     0     0    -9.0   24.845  121.306    247.0    988.3    290.9    289.9      1.6   1238.7     90.7    304.1      0.6
    14     1    25    11    18     0     0     0    -9.0   26.873  122.114    250.0   1027.3    286.7    288.9      0.4   1389.0     74.1      0.0      5.6
    15     1    25    11    18     0     0     0    -9.0   24.204  121.163    370.8    905.3    295.9    287.4      0.2    523.4     88.4    949.5     10.2
    16     1    25    11    18     0     0     0    -9.0   28.505  122.158    272.5   1029.2    280.0    282.3      0.1   1072.1     69.1      0.0     18.8
    17     1    25    11    18     0     0     0    -9.0   28.521  122.047    303.3   1025.9    278.3    280.4      0.0    950.8     65.1      0.0     27.9
    18     1    25    11    18     0     0     0    -9.0   28.331  122.293    259.7   1029.3    282.4    284.7      0.0   1146.8     73.6      0.0      6.9
    19     1    25    11    18     0     0     0    -9.0   28.261  122.474     14.2    998.2    283.5    283.3      0.3   1346.3     78.7      0.0      5.6
    20     1    25    11    18     0     0     0    -9.0   28.868  121.941     82.4    990.8    278.9    278.2      0.0   1094.0     69.8     12.0     21.1
    21     1    25    11    18     0     0     0    -9.0   27.340  122.529     23.3    995.8    286.8    286.4      0.6   1436.4     79.1      0.0      5.6
    22     1    25    11    18     0     0     0    -9.0   24.387  121.162    253.2    858.9    296.4    283.6      1.4    320.9     99.1   1021.0      0.0
    23     1    25    11    18     0     0     0    -9.0   27.825  122.352     30.2    994.8    284.5    284.1      0.3   1324.6     79.0      0.0      5.6
    24     1    25    11    18     0     0     0    -9.0   24.152  121.137      0.0    897.4    296.2    287.0      0.2    484.4     90.0    954.0      8.5
    25     1    25    11    18     0     0     0    -9.0   29.087  122.208    272.8    967.9    279.1    276.5      0.0   1100.3     77.3     10.5     20.6
    26     1    25    11    18     0     0     0    -9.0   28.970  122.164    568.9    933.2    279.2    273.7      0.0   1110.7     87.1     14.6     20.6
    27     1    25    11    18     0     0     0    -9.0   28.940  122.408      0.0   1001.3    280.9    281.0      0.3   1252.1     73.2      0.0     12.2
     1     1    25    11    17    23     0     1   -10.0   28.159  122.288      2.5   1028.5    283.8    286.1      0.2   1259.3     75.4      0.0      4.0
     2     1    25    11    17    23     0     1   -10.0   28.740  121.801     47.3   1024.7    278.5    280.4      0.0    940.3     68.3     17.6     19.8
     3     1    25    11    17    23     0     1   -10.0   27.544  122.309      0.0   1026.5    286.4    288.6      0.2   1335.7     73.8      0.0      3.8
     4     1    25    11    17    23     0     1   -10.0   25.085  121.466      0.0   1023.7    291.1    293.1      1.2   1438.3     77.7      9.2      3.8
     5     1    25    11    17    23     0     1   -10.0   27.699  122.223      0.0   1027.2    285.1    287.3      0.2   1292.7     74.3      0.0      3.8
     6     1    25    11    17    23     0     1   -10.0   24.467  121.249    262.1    906.9    294.9    286.6      1.0    495.5     94.5    784.7      4.7
     7     1    25    11    17    23     0     1   -10.0   28.995  122.003     69.5   1021.4    278.4    280.0      0.0    933.3     68.3     22.4     19.8
     8     1    25    11    17    23     0     1   -10.0   29.070  121.767    302.7    979.0    277.3    275.6      0.0    889.0     77.9    144.6     18.6
     9     1    25    11    17    23     0     1   -10.0   28.843  122.211     11.2   1030.3    280.6    283.0      0.1   1127.2     72.9      0.0     11.6
    10     1    25    11    17    23     0     1   -10.0   28.153  122.287    252.8   1028.5    283.8    286.1      0.2   1257.7     75.5      0.0      4.0
    11     1    25    11    17    23     0     1   -10.0   28.740  121.801    297.1   1024.7    278.5    280.4      0.0    940.3     68.3     17.6     19.8
    12     1    25    11    17    23     0     1   -10.0   27.537  122.306    250.0   1026.5    286.4    288.6      0.2   1336.1     73.9      0.0      3.8
    13     1    25    11    17    23     0     1   -10.0   25.197  121.516    250.0   1024.3    291.1    293.1      1.1   1476.1     76.4      2.5      3.8
    14     1    25    11    17    23     0     1   -10.0   27.398  122.199    250.0   1026.8    285.9    288.1      0.2   1326.9     73.6      0.0      3.8
    15     1    25    11    17    23     0     1   -10.0   24.459  121.247    501.9    906.8    295.0    286.7      0.9    502.5     94.2    788.8      5.0
    16     1    25    11    17    23     0     1   -10.0   28.991  122.005    318.1   1021.6    278.4    280.1      0.0    934.1     68.3     21.7     19.8
    17     1    25    11    17    23     0     1   -10.0   28.974  121.831    456.8    994.6    277.5    277.1      0.0    882.2     73.3    110.8     19.6
    18     1    25    11    17    23     0     1   -10.0   28.832  122.214    260.9   1030.3    280.7    283.1      0.1   1130.1     73.0      0.0     11.5
    19     1    25    11    17    23     0     1   -10.0   28.807  122.401      0.0   1000.9    282.4    282.4      0.2   1359.5     76.3      0.0      7.2
    20     1    25    11    17    23     0     1   -10.0   29.329  121.652    238.6    965.0    278.0    275.2      0.1   1044.5     72.8     64.8     16.1
    21     1    25    11    17    23     0     1   -10.0   27.946  122.638     51.4    991.6    285.8    285.1      0.3   1358.3     79.5      0.0      3.8
    22     1    25    11    17    23     0     1   -10.0   24.542  121.254      0.0    952.5    292.4    288.3      2.0    529.5     94.3    454.9      0.0
    23     1    25    11    17    23     0     1   -10.0   28.378  122.317     34.9    995.2    283.3    282.9      0.2   1395.3     80.1      0.0      3.8
    24     1    25    11    17    23     0     1   -10.0   24.407  121.232    122.6    891.7    295.8    286.0      0.6    538.4     93.6    830.3      7.0
    25     1    25    11    17    23     0     1   -10.0   29.572  121.951    411.5    945.8    278.3    273.9      0.1   1066.4     79.2     53.7     17.2
    26     1    25    11    17    23     0     1   -10.0   29.436  121.948    725.3    911.6    279.3    272.0      0.0   1127.4     86.2     40.1     15.9
    27     1    25    11    17    23     0     1   -10.0   29.477  122.202     10.8    999.3    279.4    279.4      0.1   1148.7     71.0     11.0     12.5
     1     1    25    11    17    22     0     2   -11.0   28.666  122.208      1.7   1029.3    282.5    284.8      0.2   1322.0     75.2      0.0      3.6
     2     1    25    11    17    22     0     2   -11.0   29.155  121.542    172.2    996.1    277.7    277.4      0.0    921.1     73.6    126.1      8.8
     3     1    25    11    17    22     0     2   -11.0   28.085  122.364      0.0   1026.8    285.2    287.4      0.2   1277.6     76.5      0.0      1.9
     4     1    25    11    17    22     0     2   -11.0   25.567  121.708      0.0   1023.7    290.8    292.8      0.5   1496.3     76.0      0.0      1.9
     5     1    25    11    17    22     0     2   -11.0   28.226  122.179      0.0   1028.1    283.9    286.2      0.2   1364.0     74.5      0.0      1.9
     6     1    25    11    17    22     0     2   -11.0   24.638  121.307      5.5    959.7    292.3    288.9      1.6    470.1     96.2    545.9      0.0
     7     1    25    11    17    22     0     2   -11.0   29.415  121.742    213.5    992.0    277.6    277.0      0.0    933.9     75.0    117.1      8.4
     8     1    25    11    17    22     0     2   -11.0   29.419  121.454    362.6    973.1    277.1    275.0      0.0    967.4     77.4    131.8      7.2
     9     1    25    11    17    22     0     2   -11.0   29.307  122.031     51.0   1023.3    278.7    280.5      0.0    935.5     73.1     26.9      9.9
    10     1    25    11    17    22     0     2   -11.0   28.660  122.207    252.0   1029.3    282.5    284.8      0.2   1321.6     75.2      0.0      3.6
    11     1    25    11    17    22     0     2   -11.0   29.155  121.542    421.0    996.1    277.7    277.4      0.0    921.1     73.6    126.1      8.8
    12     1    25    11    17    22     0     2   -11.0   28.078  122.362    250.0   1026.8    285.2    287.4      0.2   1278.5     76.5      0.0      1.9
    13     1    25    11    17    22     0     2   -11.0   25.704  121.757    250.0   1023.7    290.5    292.5      0.4   1453.2     76.4      0.0      1.9
    14     1    25    11    17    22     0     2   -11.0   27.947  122.196    250.0   1027.5    284.5    286.8      0.2   1288.4     75.7      0.0      1.9
    15     1    25    11    17    22     0     2   -11.0   24.633  121.306    256.4    958.3    292.4    288.8      1.6    466.7     96.3    555.7      0.0
    16     1    25    11    17    22     0     2   -11.0   29.412  121.744    462.7    991.8    277.6    277.0      0.0    932.3     75.1    118.2      8.4
    17     1    25    11    17    22     0     2   -11.0   29.340  121.534    519.6    989.5    277.2    276.3      0.0    981.6     75.0     87.7      7.2
    18     1    25    11    17    22     0     2   -11.0   29.297  122.036    297.0   1023.9    278.7    280.6      0.0    938.1     73.1     25.2      9.9
    19     1    25    11    17    22     0     2   -11.0   29.348  122.223      7.0    999.4    281.1    281.0      0.1   1268.0     74.6      0.0      4.7
    20     1    25    11    17    22     0     2   -11.0   29.693  121.332    186.9    977.2    277.9    276.1      0.0   1074.2     64.0     11.9      7.2
    21     1    25    11    17    22     0     2   -11.0   28.564  122.638     93.3    987.4    284.4    283.4      0.2   1339.3     83.1      0.0      1.9
    22     1    25    11    17    22     0     2   -11.0   24.787  121.383      0.0    978.6    291.4    289.6      1.2   1136.3     91.1    251.8      0.5
    23     1    25    11    17    22     0     2   -11.0   28.929  122.189     22.3    997.2    282.1    281.9      0.2   1326.5     77.7      0.0      3.3
    24     1    25    11    17    22     0     2   -11.0   24.618  121.304      0.0    938.0    292.9    287.6      1.6    455.7     97.5    584.9      0.0
    25     1    25    11    17    22     0     2   -11.0   29.960  121.645    370.6    955.7    278.1    274.5      0.0   1091.6     70.1     10.3      7.2
    26     1    25    11    17    22     0     2   -11.0   29.799  121.701    690.6    919.5    278.6    272.0      0.0   1094.6     80.5      2.0      7.2
    27     1    25    11    17    22     0     2   -11.0   29.918  121.896    148.1    977.5    278.5    276.7      0.0   1094.5     70.9     50.6      7.7
     1     1    25    11    17    21     0     3   -12.0   29.151  122.031      2.6   1028.8    281.4    283.7      0.1   1224.3     75.8      3.7      0.0
     2     1    25    11    17    21     0     3   -12.0   29.477  121.241    194.6    998.1    277.5    277.4      0.0    968.2     70.3     84.7      0.0
     3     1    25    11    17    21     0     3   -12.0   28.647  122.337      0.0   1027.4    284.0    286.2      0.2   1311.2     77.2      0.0      0.0
     4     1    25    11    17    21     0     3   -12.0   26.147  121.938      0.0   1023.2    289.7    291.6      0.4   1378.8     79.7      0.0      0.0
     5     1    25    11    17    21     0     3   -12.0   28.731  122.080      0.0   1028.8    282.9    285.2      0.2   1357.9     72.6      0.0      0.0
     6     1    25    11    17    21     0     3   -12.0   24.754  121.341      0.0    985.8    291.7    290.5      1.6    638.7     90.4    311.9      0.0
     7     1    25    11    17    21     0     3   -12.0   29.735  121.432    238.9    989.4    277.3    276.5      0.0    947.7     73.9    117.2      0.0
     8     1    25    11    17    21     0     3   -12.0   29.688  121.143    319.7    988.3    276.8    275.9      0.0    999.3     69.0     54.4      0.0
     9     1    25    11    17    21     0     3   -12.0   29.710  121.772    159.0    998.6    278.0    277.9      0.0    943.1     74.0    109.3      0.0
    10     1    25    11    17    21     0     3   -12.0   29.145  122.031    252.9   1028.8    281.4    283.7      0.1   1224.1     75.9      3.6      0.0
    11     1    25    11    17    21     0     3   -12.0   29.477  121.241    443.7    998.1    277.5    277.4      0.0    968.2     70.3     84.7      0.0
    12     1    25    11    17    21     0     3   -12.0   28.641  122.337    250.0   1027.4    284.0    286.2      0.2   1308.0     77.3      0.0      0.0
    13     1    25    11    17    21     0     3   -12.0   26.292  121.975    250.0   1023.5    289.3    291.3      0.6   1364.2     80.4      0.0      0.0
    14     1    25    11    17    21     0     3   -12.0   28.468  122.126    250.0   1028.4    283.5    285.8      0.2   1407.3     75.0      0.0      0.0
    15     1    25    11    17    21     0     3   -12.0   24.749  121.340    246.8    984.9    291.7    290.4      1.6    632.7     90.7    319.4      0.0
    16     1    25    11    17    21     0     3   -12.0   29.733  121.435    488.2    989.4    277.3    276.5      0.0    948.0     73.9    116.5      0.0
    17     1    25    11    17    21     0     3   -12.0   29.603  121.220    536.9    987.6    276.8    275.8      0.0    959.8     72.9     94.2      0.0
    18     1    25    11    17    21     0     3   -12.0   29.702  121.779    405.0    998.7    278.0    277.9      0.0    939.5     74.2    112.3      0.0
    19     1    25    11    17    21     0     3   -12.0   29.808  121.953     17.7    996.2    280.0    279.7      0.0   1170.8     72.2     22.8      0.0
    20     1    25    11    17    21     0     3   -12.0   30.014  121.048    118.9    988.0    277.5    276.5      0.0    969.8     51.3      4.8      0.0
    21     1    25    11    17    21     0     3   -12.0   29.151  122.559    139.3    981.9    283.3    281.8      0.2   1446.0     86.3      0.0      0.0
    22     1    25    11    17    21     0     3   -12.0   25.267  121.649      0.0    996.2    291.0    290.7      1.0   1528.8     83.9      0.0      0.0
    23     1    25    11    17    21     0     3   -12.0   29.430  121.959     42.7    993.9    280.9    280.4      0.0   1227.0     77.2      4.6      0.0
    24     1    25    11    17    21     0     3   -12.0   24.820  121.363      0.0    975.0    291.8    289.7      1.5    748.2     90.1    205.2      0.0
    25     1    25    11    17    21     0     3   -12.0   30.290  121.370    329.5    962.4    277.5    274.5      0.0    956.9     56.0      2.2      0.0
    26     1    25    11    17    21     0     3   -12.0   30.114  121.484    695.5    919.0    279.4    272.8      0.0    917.7     57.2      0.0      0.0
    27     1    25    11    17    21     0     3   -12.0   30.272  121.583     67.8    992.1    278.4    277.7      0.0   1065.0     58.4      4.5      0.0
