    10     1
    GFSQ    26     1     1     0     0
    GFSQ    26     1     2     0     0
    GFSQ    26     1     3     0     0
    GFSQ    26     1     4     0     0
    GFSQ    26     1     5     0     0
    GFSQ    26     1     6     0     0
    GFSQ    26     1     7     0     0
    GFSQ    26     1     8     0     0
    GFSQ    26     1     9     0     0
    GFSQ    26     1    10     0     0
    27 BACKWARD OMEGA   
    26     1     9     0   22.711  120.310    10.0
    26     1     9     0   22.711  120.310    10.0
    26     1     9     0   22.711  120.310    10.0
    26     1     9     0   22.711  120.310    10.0
    26     1     9     0   22.711  120.310    10.0
    26     1     9     0   22.711  120.310    10.0
    26     1     9     0   22.711  120.310    10.0
    26     1     9     0   22.711  120.310    10.0
    26     1     9     0   22.711  120.310    10.0
    26     1     9     0   22.711  120.310    10.0
    26     1     9     0   22.711  120.310    10.0
    26     1     9     0   22.711  120.310    10.0
    26     1     9     0   22.711  120.310    10.0
    26     1     9     0   22.711  120.310    10.0
    26     1     9     0   22.711  120.310    10.0
    26     1     9     0   22.711  120.310    10.0
    26     1     9     0   22.711  120.310    10.0
    26     1     9     0   22.711  120.310    10.0
    26     1     9     0   22.711  120.310    10.0
    26     1     9     0   22.711  120.310    10.0
    26     1     9     0   22.711  120.310    10.0
    26     1     9     0   22.711  120.310    10.0
    26     1     9     0   22.711  120.310    10.0
    26     1     9     0   22.711  120.310    10.0
    26     1     9     0   22.711  120.310    10.0
    26     1     9     0   22.711  120.310    10.0
    26     1     9     0   22.711  120.310    10.0
     8 PRESSURE THETA    AIR_TEMP RAINFALL MIXDEPTH RELHUMID TERR_MSL SUN_FLUX
     1     1    26     1     9     0     0     0     0.0   22.711  120.310     10.0   1016.9    287.4    288.8      0.0    396.4     49.7     34.8      7.6
     2     1    26     1     9     0     0     0     0.0   22.711  120.310     10.0   1015.4    286.2    287.4      0.0    252.1     48.7     51.7     12.7
     3     1    26     1     9     0     0     0     0.0   22.711  120.310     10.0   1018.3    289.2    290.7      0.0    708.6     59.3     11.2      7.6
     4     1    26     1     9     0     0     0     0.0   22.711  120.310     10.0    985.4    288.8    287.5      0.0    250.1     54.1    288.6      9.2
     5     1    26     1     9     0     0     0     0.0   22.711  120.310     10.0    975.7    288.4    286.2      0.0    123.5     57.7    381.9      7.9
     6     1    26     1     9     0     0     0     0.0   22.711  120.310     10.0    997.4    288.7    288.5      0.0    411.0     58.7    194.3      7.6
     7     1    26     1     9     0     0     0     0.0   22.711  120.310     10.0   1019.5    287.5    289.1      0.0    620.0     55.6      4.7      7.6
     8     1    26     1     9     0     0     0     0.0   22.711  120.310     10.0   1020.8    286.7    288.4      0.0    577.8     54.2      5.6      9.2
     9     1    26     1     9     0     0     0     0.0   22.711  120.310     10.0   1019.5    288.7    290.3      0.0    762.7     61.3      0.0      6.7
    10     1    26     1     9     0     0     0     0.0   22.711  120.310     10.0   1016.9    287.4    288.8      0.0    396.4     49.7     34.8      7.6
    11     1    26     1     9     0     0     0     0.0   22.711  120.310     10.0   1015.4    286.2    287.4      0.0    252.1     48.7     51.7     12.7
    12     1    26     1     9     0     0     0     0.0   22.711  120.310     10.0   1018.3    289.2    290.7      0.0    708.6     59.3     11.2      7.6
    13     1    26     1     9     0     0     0     0.0   22.711  120.310     10.0    985.4    288.8    287.5      0.0    250.1     54.1    288.6      9.2
    14     1    26     1     9     0     0     0     0.0   22.711  120.310     10.0    975.7    288.4    286.3      0.0    123.5     57.7    381.9      7.9
    15     1    26     1     9     0     0     0     0.0   22.711  120.310     10.0    997.4    288.7    288.5      0.0    411.0     58.7    194.3      7.6
    16     1    26     1     9     0     0     0     0.0   22.711  120.310     10.0   1019.5    287.5    289.1      0.0    620.0     55.6      4.7      7.6
    17     1    26     1     9     0     0     0     0.0   22.711  120.310     10.0   1020.8    286.7    288.4      0.0    577.8     54.2      5.6      9.2
    18     1    26     1     9     0     0     0     0.0   22.711  120.310     10.0   1019.5    288.7    290.3      0.0    762.7     61.3      0.0      6.7
    19     1    26     1     9     0     0     0     0.0   22.711  120.310     10.0    987.3    287.6    286.5      0.0    396.4     56.1     34.8      7.6
    20     1    26     1     9     0     0     0     0.0   22.711  120.310     10.0    985.7    286.6    285.4      0.0    252.1     55.0     51.7     12.7
    21     1    26     1     9     0     0     0     0.0   22.711  120.310     10.0    988.8    289.0    288.1      0.0    708.6     66.7     11.2      7.6
    22     1    26     1     9     0     0     0     0.0   22.711  120.310     10.0    956.8    289.4    285.7      0.0    250.1     58.7    288.6      9.2
    23     1    26     1     9     0     0     0     0.0   22.711  120.310     10.0    947.5    289.6    285.1      0.0    123.5     61.6    381.9      7.9
    24     1    26     1     9     0     0     0     0.0   22.711  120.310     10.0    968.5    289.0    286.4      0.0    411.0     64.3    194.3      7.6
    25     1    26     1     9     0     0     0     0.0   22.711  120.310     10.0    989.8    287.4    286.6      0.0    620.0     62.3      4.7      7.6
    26     1    26     1     9     0     0     0     0.0   22.711  120.310     10.0    991.0    286.5    285.8      0.0    577.8     59.8      5.6      9.2
    27     1    26     1     9     0     0     0     0.0   22.711  120.310     10.0    990.0    288.6    287.7      0.0    762.7     69.3      0.0      6.7
     1     1    26     1     8    23     0     1    -1.0   22.756  120.295     16.8   1015.6    286.9    288.2      0.0    314.8     48.0     35.3      5.2
     2     1    26     1     8    23     0     1    -1.0   22.791  120.320     13.8   1012.3    285.8    286.8      0.0    238.6     49.7     66.3      8.1
     3     1    26     1     8    23     0     1    -1.0   22.689  120.325     25.5   1016.0    289.0    290.3      0.0    647.5     58.6     12.6      5.1
     4     1    26     1     8    23     0     1    -1.0   22.723  120.314    102.5    972.3    288.8    286.4      0.0    194.6     56.1    305.7      6.3
     5     1    26     1     8    23     0     1    -1.0   22.726  120.309     31.9    972.1    288.2    285.8      0.0     89.1     58.1    383.6      5.2
     6     1    26     1     8    23     0     1    -1.0   22.735  120.385    218.9    949.0    289.0    284.6      0.0    307.1     68.4    402.0      5.1
     7     1    26     1     8    23     0     1    -1.0   22.834  120.350      9.4   1019.2    287.0    288.5      0.0    538.7     53.6      9.3      5.8
     8     1    26     1     8    23     0     1    -1.0   22.917  120.386     10.0   1019.6    285.8    287.4      0.0    513.7     52.6     12.8      6.0
     9     1    26     1     8    23     0     1    -1.0   22.729  120.328      6.2   1019.2    288.6    290.2      0.0    736.1     60.3      0.0      4.8
    10     1    26     1     8    23     0     1    -1.0   22.755  120.295    256.3   1016.4    286.9    288.3      0.0    314.7     47.8     35.3      5.2
    11     1    26     1     8    23     0     1    -1.0   22.789  120.319    252.8   1012.8    285.8    286.9      0.0    238.5     49.5     66.0      8.1
    12     1    26     1     8    23     0     1    -1.0   22.690  120.324    266.6   1017.0    289.0    290.4      0.0    648.5     58.3     12.4      5.1
    13     1    26     1     8    23     0     1    -1.0   22.723  120.313    338.9    973.7    288.8    286.5      0.0    194.2     55.9    304.0      6.3
    14     1    26     1     8    23     0     1    -1.0   22.725  120.309    265.3    973.5    288.2    285.9      0.0     89.4     58.1    384.2      5.2
    15     1    26     1     8    23     0     1    -1.0   22.735  120.384    455.3    950.3    288.9    284.7      0.0    307.3     68.3    400.5      5.1
    16     1    26     1     8    23     0     1    -1.0   22.834  120.350    249.9   1019.2    287.0    288.5      0.0    538.7     53.6      9.3      5.8
    17     1    26     1     8    23     0     1    -1.0   22.917  120.386    249.9   1019.6    285.8    287.4      0.0    513.7     52.6     12.8      6.0
    18     1    26     1     8    23     0     1    -1.0   22.729  120.328    250.0   1019.2    288.6    290.2      0.0    736.1     60.3      0.0      4.8
    19     1    26     1     8    23     0     1    -1.0   22.726  120.296      0.0    989.0    287.4    286.5      0.0    349.3     54.7     32.8      5.1
    20     1    26     1     8    23     0     1    -1.0   22.773  120.328      1.9    983.8    286.5    285.2      0.0    228.1     55.6     67.8      8.3
    21     1    26     1     8    23     0     1    -1.0   22.674  120.334      0.0    990.6    288.9    288.2      0.0    643.3     64.5     12.9      5.1
    22     1    26     1     8    23     0     1    -1.0   22.698  120.317     39.7    950.9    289.7    285.4      0.0    210.3     60.5    309.6      6.2
    23     1    26     1     8    23     0     1    -1.0   22.700  120.312     19.4    944.9    289.8    285.0      0.0     99.7     61.8    387.7      5.3
    24     1    26     1     8    23     0     1    -1.0   22.735  120.373    125.4    935.2    289.9    284.3      0.0    315.2     69.5    371.8      5.1
    25     1    26     1     8    23     0     1    -1.0   22.818  120.345      0.0    991.3    286.9    286.2      0.0    546.0     59.5      8.9      5.6
    26     1    26     1     8    23     0     1    -1.0   22.928  120.388      5.0    990.4    285.7    284.9      0.0    514.7     58.2     12.9      5.9
    27     1    26     1     8    23     0     1    -1.0   22.709  120.335      0.0    992.0    288.6    287.9      0.0    743.6     67.5      0.0      4.5
     1     1    26     1     8    22     0     2    -2.0   22.834  120.296     22.1   1013.6    286.5    287.6      0.0    274.5     48.2     39.2      3.3
     2     1    26     1     8    22     0     2    -2.0   22.888  120.336     16.3   1007.9    285.6    286.3      0.0    241.4     51.4     97.3      2.8
     3     1    26     1     8    22     0     2    -2.0   22.687  120.357     45.1   1012.7    288.8    289.8      0.0    567.5     57.5     17.8      2.5
     4     1    26     1     8    22     0     2    -2.0   22.730  120.320    172.5    961.2    289.3    285.9      0.0    139.6     57.9    329.8      3.2
     5     1    26     1     8    22     0     2    -2.0   22.745  120.299     48.5    972.6    288.0    285.6      0.0     55.1     57.8    352.6      2.5
     6     1    26     1     8    22     0     2    -2.0   22.761  120.465    450.4    896.0    291.3    282.2      0.0    213.6     74.5    642.6      2.6
     7     1    26     1     8    22     0     2    -2.0   23.011  120.405      9.1   1018.3    286.1    287.6      0.0    454.3     51.5     14.5      4.1
     8     1    26     1     8    22     0     2    -2.0   23.133  120.464     11.2   1019.1    285.0    286.5      0.0    472.5     50.8      9.4      2.7
     9     1    26     1     8    22     0     2    -2.0   22.788  120.339      3.3   1018.7    288.3    289.8      0.0    680.0     58.2      1.3      2.5
    10     1    26     1     8    22     0     2    -2.0   22.831  120.297    261.3   1014.8    286.6    287.8      0.0    274.4     48.0     39.2      3.2
    11     1    26     1     8    22     0     2    -2.0   22.883  120.335    254.5   1008.8    285.6    286.4      0.0    241.3     51.1     95.6      2.9
    12     1    26     1     8    22     0     2    -2.0   22.688  120.354    287.2   1013.7    288.8    289.9      0.0    570.0     57.4     17.4      2.5
    13     1    26     1     8    22     0     2    -2.0   22.732  120.318    410.4    962.7    289.2    286.0      0.0    138.8     57.6    325.4      3.2
    14     1    26     1     8    22     0     2    -2.0   22.743  120.300    283.7    973.7    288.0    285.7      0.0     55.8     57.7    354.6      2.6
    15     1    26     1     8    22     0     2    -2.0   22.761  120.465    688.8    896.4    291.3    282.3      0.0    213.3     74.5    643.9      2.6
    16     1    26     1     8    22     0     2    -2.0   23.011  120.405    249.9   1018.3    286.1    287.6      0.0    454.3     51.5     14.5      4.1
    17     1    26     1     8    22     0     2    -2.0   23.133  120.464    251.1   1019.2    285.0    286.5      0.0    472.5     50.8      9.4      2.7
    18     1    26     1     8    22     0     2    -2.0   22.788  120.339    250.0   1018.7    288.3    289.8      0.0    680.0     58.2      1.3      2.5
    19     1    26     1     8    22     0     2    -2.0   22.772  120.301      0.0    987.6    287.2    286.2      0.0    276.9     53.6     37.6      2.7
    20     1    26     1     8    22     0     2    -2.0   22.862  120.352     20.6    976.7    286.7    284.8      0.0    220.0     57.7    104.9      2.9
    21     1    26     1     8    22     0     2    -2.0   22.664  120.382      0.0    991.2    288.9    288.1      0.0    557.0     62.4     19.2      2.5
    22     1    26     1     8    22     0     2    -2.0   22.686  120.331     70.9    942.7    290.0    285.0      0.0    167.5     62.7    350.2      3.2
    23     1    26     1     8    22     0     2    -2.0   22.701  120.311     26.1    943.9    289.9    285.0      0.0     69.0     61.9    382.0      2.7
    24     1    26     1     8    22     0     2    -2.0   22.757  120.436    268.1    898.4    291.3    282.5      0.0    230.9     74.2    560.0      2.6
    25     1    26     1     8    22     0     2    -2.0   22.995  120.401      0.0    989.9    286.1    285.3      0.0    458.3     57.3     14.1      4.1
    26     1    26     1     8    22     0     2    -2.0   23.204  120.486     46.1    985.1    284.8    283.6      0.0    472.6     57.7      4.1      2.7
    27     1    26     1     8    22     0     2    -2.0   22.742  120.353      0.0    992.1    288.4    287.8      0.0    700.7     65.3      0.0      2.5
     1     1    26     1     8    21     0     3    -3.0   22.941  120.310     25.9   1010.7    286.0    286.9      0.0    246.5     49.0     50.3      0.0
     2     1    26     1     8    21     0     3    -3.0   23.001  120.358     14.3   1002.4    285.5    285.7      0.0    238.9     53.6    147.9      0.0
     3     1    26     1     8    21     0     3    -3.0   22.704  120.393     73.8   1008.1    288.7    289.3      0.0    464.0     56.3     25.9      0.0
     4     1    26     1     8    21     0     3    -3.0   22.735  120.327    221.2    952.2    289.7    285.6      0.0     84.6     59.8    357.0      0.0
     5     1    26     1     8    21     0     3    -3.0   22.771  120.280     50.6    978.6    287.5    285.7      0.0     34.1     56.6    288.9      0.0
     6     1    26     1     8    21     0     3    -3.0   22.800  120.528    630.6    867.7    292.6    280.9      0.0    212.8     78.3    724.6      0.0
     7     1    26     1     8    21     0     3    -3.0   23.209  120.465      9.1   1018.2    285.2    286.6      0.0    401.5     50.4     20.1      0.0
     8     1    26     1     8    21     0     3    -3.0   23.345  120.553     18.3   1014.3    284.7    285.9      0.0    479.1     52.0     28.4      0.0
     9     1    26     1     8    21     0     3    -3.0   22.908  120.365      1.0   1017.9    287.6    289.1      0.0    564.8     55.1      6.8      0.0
    10     1    26     1     8    21     0     3    -3.0   22.932  120.310    265.1   1012.0    286.1    287.0      0.0    245.9     48.7     49.9      0.0
    11     1    26     1     8    21     0     3    -3.0   22.990  120.356    251.3   1003.4    285.6    285.8      0.0    238.9     53.2    142.9      0.0
    12     1    26     1     8    21     0     3    -3.0   22.705  120.388    316.0   1009.0    288.7    289.4      0.0    467.8     56.2     25.2      0.0
    13     1    26     1     8    21     0     3    -3.0   22.737  120.325    459.4    953.9    289.6    285.7      0.0     83.5     59.4    349.9      0.0
    14     1    26     1     8    21     0     3    -3.0   22.767  120.281    289.3    979.4    287.5    285.7      0.0     33.0     56.6    290.0      0.0
    15     1    26     1     8    21     0     3    -3.0   22.801  120.530    869.6    868.4    292.5    280.9      0.0    215.7     78.3    721.9      0.0
    16     1    26     1     8    21     0     3    -3.0   23.209  120.465    249.8   1018.2    285.2    286.6      0.0    401.5     50.4     20.1      0.0
    17     1    26     1     8    21     0     3    -3.0   23.337  120.549    255.7   1015.4    284.7    286.0      0.0    478.5     51.8     27.4      0.0
    18     1    26     1     8    21     0     3    -3.0   22.908  120.365    249.9   1017.9    287.6    289.1      0.0    564.8     55.1      6.8      0.0
    19     1    26     1     8    21     0     3    -3.0   22.850  120.322      3.7    983.8    287.1    285.8      0.0    231.5     54.5     49.3      0.0
    20     1    26     1     8    21     0     3    -3.0   22.972  120.384     56.5    965.3    287.3    284.4      0.0    206.4     60.5    168.6      0.0
    21     1    26     1     8    21     0     3    -3.0   22.674  120.439      0.0    989.8    288.9    288.0      0.0    445.4     60.5     29.2      0.0
    22     1    26     1     8    21     0     3    -3.0   22.674  120.352    102.1    931.8    290.4    284.5      0.0    121.4     65.3    416.2      0.0
    23     1    26     1     8    21     0     3    -3.0   22.716  120.306     29.4    944.1    289.8    285.0      0.0     36.0     61.9    367.9      0.0
    24     1    26     1     8    21     0     3    -3.0   22.786  120.485    417.4    864.7    292.9    281.0      0.0    171.4     77.9    722.9      0.0
    25     1    26     1     8    21     0     3    -3.0   23.227  120.472     28.9    986.1    285.1    283.9      0.0    391.8     56.7     20.8      0.0
    26     1    26     1     8    21     0     3    -3.0   23.531  120.629     99.3    975.3    285.4    283.4      0.0    481.4     58.9     26.4      0.0
    27     1    26     1     8    21     0     3    -3.0   22.822  120.370      0.0    991.0    288.0    287.2      0.0    612.1     62.1      3.2      0.0
     1     1    26     1     8    20     0     2    -4.0   23.061  120.324     26.5   1008.4    285.8    286.5      0.0    237.5     49.8     72.8      0.0
     2     1    26     1     8    20     0     2    -4.0   23.119  120.387      9.7   1003.0    285.5    285.7      0.0    252.6     53.2    143.0      0.0
     3     1    26     1     8    20     0     2    -4.0   22.728  120.431    115.1   1002.1    288.7    288.9      0.0    413.5     56.0     36.5      0.0
     4     1    26     1     8    20     0     2    -4.0   22.733  120.336    265.3    943.9    290.1    285.2      0.0    107.2     61.1    388.4      0.0
     5     1    26     1     8    20     0     2    -4.0   22.802  120.261     51.1    985.5    287.2    286.0      0.0     31.3     56.0    228.9      0.0
     6     1    26     1     8    20     0     2    -4.0   22.876  120.569    686.9    860.1    292.8    280.4      0.0    213.7     79.4    746.2      0.0
     7     1    26     1     8    20     0     2    -4.0   23.395  120.521     10.3   1016.3    284.9    286.2      0.0    399.3     49.8     28.8      0.0
     8     1    26     1     8    20     0     2    -4.0   23.573  120.658     18.0   1014.7    284.3    285.4      0.0    464.4     53.5     29.2      0.0
     9     1    26     1     8    20     0     2    -4.0   23.078  120.408      0.0   1017.6    286.8    288.3      0.0    442.6     50.7     14.8      0.0
    10     1    26     1     8    20     0     2    -4.0   23.042  120.324    265.8   1009.9    285.9    286.7      0.0    234.4     49.3     69.0      0.0
    11     1    26     1     8    20     0     2    -4.0   23.105  120.383    248.6   1002.9    285.5    285.7      0.0    250.5     53.2    143.7      0.0
    12     1    26     1     8    20     0     2    -4.0   22.730  120.424    357.3   1003.1    288.7    288.9      0.0    417.6     55.7     35.4      0.0
    13     1    26     1     8    20     0     2    -4.0   22.737  120.333    502.7    946.0    290.0    285.3      0.0    105.8     60.6    378.1      0.0
    14     1    26     1     8    20     0     2    -4.0   22.795  120.262    291.6    986.5    287.2    286.0      0.0     30.2     55.9    227.3      0.0
    15     1    26     1     8    20     0     2    -4.0   22.878  120.573    923.7    861.1    292.7    280.4      0.0    216.6     79.4    742.6      0.0
    16     1    26     1     8    20     0     2    -4.0   23.395  120.521    251.0   1016.3    284.9    286.2      0.0    399.3     49.8     28.8      0.0
    17     1    26     1     8    20     0     2    -4.0   23.552  120.648    254.2   1015.6    284.3    285.6      0.0    463.9     53.4     29.0      0.0
    18     1    26     1     8    20     0     2    -4.0   23.078  120.408    249.9   1017.6    286.8    288.3      0.0    442.6     50.7     14.8      0.0
    19     1    26     1     8    20     0     2    -4.0   22.937  120.346     16.4    980.2    287.2    285.6      0.0    207.7     55.2     66.3      0.0
    20     1    26     1     8    20     0     2    -4.0   23.079  120.420     93.1    958.8    287.8    284.3      0.0    196.3     61.3    188.9      0.0
    21     1    26     1     8    20     0     2    -4.0   22.690  120.504      0.0    985.9    288.9    287.8      0.0    385.0     59.6     52.2      0.0
    22     1    26     1     8    20     0     2    -4.0   22.664  120.379    142.7    918.5    290.8    283.7      0.0    142.3     67.8    499.2      0.0
    23     1    26     1     8    20     0     2    -4.0   22.735  120.302     27.6    945.6    289.9    285.2      0.0     27.9     62.0    357.2      0.0
    24     1    26     1     8    20     0     2    -4.0   22.829  120.489    522.5    848.5    294.0    280.5      0.0    153.2     79.2    775.9      0.0
    25     1    26     1     8    20     0     2    -4.0   23.493  120.562     73.6    976.2    285.5    283.5      0.0    398.0     58.2     46.8      0.0
    26     1    26     1     8    20     0     2    -4.0   23.850  120.805    137.8    964.9    285.7    282.8      0.0    467.8     58.1     83.1      0.0
    27     1    26     1     8    20     0     2    -4.0   22.952  120.403      0.0    990.8    287.4    286.6      0.0    475.9     57.4     11.6      0.0
     1     1    26     1     8    19     0     1    -5.0   23.185  120.338     29.2   1004.8    285.8    286.2      0.0    236.0     51.0    110.6      0.0
     2     1    26     1     8    19     0     1    -5.0   23.234  120.421      2.4   1004.3    285.2    285.6      0.0    262.8     52.4    131.5      0.0
     3     1    26     1     8    19     0     1    -5.0   22.747  120.477    167.0    994.7    288.8    288.3      0.0    381.4     56.0     49.7      0.0
     4     1    26     1     8    19     0     1    -5.0   22.724  120.350    312.0    933.9    290.4    284.6      0.0    132.8     63.3    433.7      0.0
     5     1    26     1     8    19     0     1    -5.0   22.835  120.250     56.9    987.8    287.2    286.2      0.0     23.9     55.8    205.3      0.0
     6     1    26     1     8    19     0     1    -5.0   22.955  120.589    652.7    855.4    292.9    280.1      0.0    141.2     79.7    828.5      0.0
     7     1    26     1     8    19     0     1    -5.0   23.578  120.588      9.1   1013.1    284.9    286.0      0.0    414.3     51.4     50.7      0.0
     8     1    26     1     8    19     0     1    -5.0   23.780  120.765     18.0   1014.0    283.8    284.9      0.0    454.5     53.6     38.7      0.0
     9     1    26     1     8    19     0     1    -5.0   23.253  120.447      0.0   1017.1    286.1    287.5      0.0    394.5     47.8     18.5      0.0
    10     1    26     1     8    19     0     1    -5.0   23.154  120.336    267.3   1006.9    285.9    286.4      0.0    234.2     50.3    101.1      0.0
    11     1    26     1     8    19     0     1    -5.0   23.220  120.416    248.7   1004.1    285.3    285.6      0.0    260.8     52.5    133.2      0.0
    12     1    26     1     8    19     0     1    -5.0   22.751  120.467    409.6    995.7    288.7    288.4      0.0    384.9     55.8     48.1      0.0
    13     1    26     1     8    19     0     1    -5.0   22.728  120.346    548.7    936.4    290.3    284.8      0.0    131.4     62.6    420.0      0.0
    14     1    26     1     8    19     0     1    -5.0   22.826  120.250    297.1    989.2    287.1    286.3      0.0     23.3     55.6    200.1      0.0
    15     1    26     1     8    19     0     1    -5.0   22.960  120.597    885.4    856.6    292.8    280.1      0.0    139.3     79.8    825.5      0.0
    16     1    26     1     8    19     0     1    -5.0   23.576  120.588    249.5   1013.1    284.9    286.0      0.0    414.1     51.4     50.7      0.0
    17     1    26     1     8    19     0     1    -5.0   23.748  120.747    251.8   1016.7    283.7    285.0      0.0    450.5     52.7     23.3      0.0
    18     1    26     1     8    19     0     1    -5.0   23.253  120.447    249.8   1017.1    286.1    287.5      0.0    394.5     47.8     18.5      0.0
    19     1    26     1     8    19     0     1    -5.0   23.013  120.366     20.9    977.3    287.4    285.5      0.0    175.3     55.9     86.4      0.0
    20     1    26     1     8    19     0     1    -5.0   23.153  120.453    122.5    955.2    288.0    284.2      0.0    181.5     61.0    191.0      0.0
    21     1    26     1     8    19     0     1    -5.0   22.713  120.585     61.8    954.6    289.3    285.4      0.0    348.5     65.5    257.6      0.0
    22     1    26     1     8    19     0     1    -5.0   22.657  120.406    198.3    903.6    291.4    283.0      0.0    156.8     70.6    582.6      0.0
    23     1    26     1     8    19     0     1    -5.0   22.742  120.302     21.1    946.1    290.0    285.3      0.0     19.9     62.1    361.3      0.0
    24     1    26     1     8    19     0     1    -5.0   22.867  120.464    570.8    848.0    294.2    280.6      0.0    154.7     79.3    735.0      0.0
    25     1    26     1     8    19     0     1    -5.0   23.748  120.669    123.5    971.3    285.7    283.4      0.0    391.8     57.8     38.3      0.0
    26     1    26     1     8    19     0     1    -5.0   24.122  121.011    259.7    929.8    288.1    282.1      0.0    428.9     56.7    279.0      0.0
    27     1    26     1     8    19     0     1    -5.0   23.101  120.442      0.0    989.6    286.9    286.0      0.0    391.0     53.7     18.0      0.0
     1     1    26     1     8    18     0     0    -6.0   23.316  120.358     38.6   1001.6    285.8    285.9      0.0    246.7     51.7    129.4      0.0
     2     1    26     1     8    18     0     0    -6.0   23.347  120.456      0.0   1006.7    285.0    285.6      0.0    269.4     51.6    110.5      0.0
     3     1    26     1     8    18     0     0    -6.0   22.755  120.536    227.9    976.0    288.9    286.8      0.0    367.5     59.6    152.6      0.0
     4     1    26     1     8    18     0     0    -6.0   22.710  120.368    366.2    922.2    290.7    283.9      0.0    158.6     66.0    488.1      0.0
     5     1    26     1     8    18     0     0    -6.0   22.868  120.247     69.0    984.6    287.5    286.2      0.0     13.5     56.1    224.4      0.0
     6     1    26     1     8    18     0     0    -6.0   23.017  120.588    615.5    849.5    293.3    279.9      0.0     86.0     79.6    923.3      0.0
     7     1    26     1     8    18     0     0    -6.0   23.763  120.664      0.0   1015.0    284.7    285.9      0.0    411.9     51.3     35.3      0.0
     8     1    26     1     8    18     0     0    -6.0   24.017  120.912     68.8    989.4    284.5    283.6      0.0    432.8     56.8    202.3      0.0
     9     1    26     1     8    18     0     0    -6.0   23.422  120.474      0.0   1018.3    285.7    287.2      0.0    389.1     47.0     20.9      0.0
    10     1    26     1     8    18     0     0    -6.0   23.273  120.349    275.7   1003.0    285.9    286.1      0.0    236.8     51.3    131.9      0.0
    11     1    26     1     8    18     0     0    -6.0   23.333  120.452    248.9   1006.4    285.1    285.6      0.0    269.0     51.6    113.7      0.0
    12     1    26     1     8    18     0     0    -6.0   22.761  120.522    465.5    981.3    288.8    287.2      0.0    373.4     58.2    116.9      0.0
    13     1    26     1     8    18     0     0    -6.0   22.714  120.363    601.1    925.0    290.6    284.1      0.0    158.0     65.3    472.3      0.0
    14     1    26     1     8    18     0     0    -6.0   22.859  120.246    308.0    986.2    287.4    286.3      0.0     14.6     55.8    218.5      0.0
    15     1    26     1     8    18     0     0    -6.0   23.024  120.600    846.0    850.4    293.1    279.8      0.0     85.7     79.5    925.9      0.0
    16     1    26     1     8    18     0     0    -6.0   23.762  120.663    249.6   1015.0    284.7    285.9      0.0    411.9     51.3     35.3      0.0
    17     1    26     1     8    18     0     0    -6.0   23.959  120.872    280.7    998.6    284.4    284.2      0.0    441.5     56.5    161.8      0.0
    18     1    26     1     8    18     0     0    -6.0   23.422  120.474    249.8   1018.3    285.7    287.2      0.0    389.1     47.0     20.9      0.0
    19     1    26     1     8    18     0     0    -6.0   23.078  120.383     15.6    974.9    287.7    285.6      0.0    157.1     56.3    117.6      0.0
    20     1    26     1     8    18     0     0    -6.0   23.178  120.480    165.0    949.2    288.6    284.3      0.0    152.7     61.5    203.0      0.0
    21     1    26     1     8    18     0     0    -6.0   22.738  120.664    196.6    914.6    290.4    283.1      0.0    287.9     72.3    482.3      0.0
    22     1    26     1     8    18     0     0    -6.0   22.652  120.428    260.2    889.7    291.9    282.2      0.0    167.9     73.4    650.2      0.0
    23     1    26     1     8    18     0     0    -6.0   22.739  120.307     13.1    945.4    290.2    285.4      0.0     16.3     62.3    379.5      0.0
    24     1    26     1     8    18     0     0    -6.0   22.891  120.432    614.2    851.9    294.1    280.8      0.0    172.7     79.9    655.3      0.0
    25     1    26     1     8    18     0     0    -6.0   23.952  120.777    165.9    963.9    286.1    283.1      0.0    358.2     57.6     63.5      0.0
    26     1    26     1     8    18     0     0    -6.0   24.285  121.180    353.0    877.1    290.8    279.9      0.0    352.8     56.4    680.1      0.0
    27     1    26     1     8    18     0     0    -6.0   23.253  120.472      0.0    988.7    286.4    285.5      0.0    350.2     51.3     20.8      0.0
     1     1    26     1     8    17     0     1    -7.0   23.463  120.393     39.6   1002.7    285.4    285.6      0.0    285.8     51.4    117.4      0.0
     2     1    26     1     8    17     0     1    -7.0   23.458  120.486      0.0   1011.1    284.7    285.7      0.0    278.7     50.3     72.8      0.0
     3     1    26     1     8    17     0     1    -7.0   22.770  120.602    330.6    943.5    289.5    284.7      0.0    313.7     66.4    340.6      0.0
     4     1    26     1     8    17     0     1    -7.0   22.693  120.386    421.9    910.9    291.1    283.4      0.0    168.7     68.9    538.3      0.0
     5     1    26     1     8    17     0     1    -7.0   22.900  120.249     86.3    981.3    287.5    285.9      0.0     17.3     56.2    246.2      0.0
     6     1    26     1     8    17     0     1    -7.0   23.062  120.573    604.5    842.6    293.7    279.7      0.0     88.2     78.9   1005.0      0.0
     7     1    26     1     8    17     0     1    -7.0   23.947  120.740      0.0   1016.3    284.1    285.5      0.0    424.2     51.1     29.1      0.0
     8     1    26     1     8    17     0     1    -7.0   24.277  121.119    159.8    944.6    286.5    281.8      0.0    451.1     58.6    509.1      0.0
     9     1    26     1     8    17     0     1    -7.0   23.600  120.501      0.3   1018.8    285.2    286.8      0.0    423.1     47.1     15.4      0.0
    10     1    26     1     8    17     0     1    -7.0   23.412  120.379    281.8   1003.2    285.5    285.8      0.0    278.6     51.4    121.4      0.0
    11     1    26     1     8    17     0     1    -7.0   23.445  120.482    249.2   1010.6    284.8    285.7      0.0    278.7     50.4     77.7      0.0
    12     1    26     1     8    17     0     1    -7.0   22.774  120.586    554.7    951.0    289.3    285.2      0.0    322.4     64.8    296.8      0.0
    13     1    26     1     8    17     0     1    -7.0   22.697  120.380    655.1    913.9    291.0    283.5      0.0    168.2     68.3    522.4      0.0
    14     1    26     1     8    17     0     1    -7.0   22.892  120.248    324.3    983.0    287.4    286.0      0.0     18.9     56.0    240.4      0.0
    15     1    26     1     8    17     0     1    -7.0   23.073  120.588    836.5    842.2    293.6    279.5      0.0     87.3     78.9   1017.8      0.0
    16     1    26     1     8    17     0     1    -7.0   23.946  120.740    249.7   1016.3    284.1    285.5      0.0    424.2     51.1     29.1      0.0
    17     1    26     1     8    17     0     1    -7.0   24.213  121.060    361.6    962.8    285.5    282.3      0.0    464.3     58.2    392.9      0.0
    18     1    26     1     8    17     0     1    -7.0   23.600  120.501    250.1   1018.8    285.2    286.8      0.0    423.1     47.1     15.4      0.0
    19     1    26     1     8    17     0     1    -7.0   23.144  120.398     13.7    972.2    287.8    285.4      0.0    154.4     56.4    153.8      0.0
    20     1    26     1     8    17     0     1    -7.0   23.157  120.491    206.0    942.8    289.3    284.5      0.0    123.9     62.0    223.2      0.0
    21     1    26     1     8    17     0     1    -7.0   22.757  120.721    306.9    883.8    291.5    281.4      0.0    238.8     77.7    657.3      0.0
    22     1    26     1     8    17     0     1    -7.0   22.648  120.443    308.9    880.0    292.3    281.7      0.0    173.2     75.3    695.7      0.0
    23     1    26     1     8    17     0     1    -7.0   22.732  120.309      0.0    946.7    290.1    285.5      0.0     25.4     61.3    387.2      0.0
    24     1    26     1     8    17     0     1    -7.0   22.896  120.406    655.7    856.1    293.6    280.8      0.0    192.0     81.0    575.6      0.0
    25     1    26     1     8    17     0     1    -7.0   24.158  120.914    200.7    944.9    287.9    283.3      0.0    312.8     55.6    205.1      0.0
    26     1    26     1     8    17     0     1    -7.0   24.357  121.304    426.6    857.1    291.2    278.4      0.0    358.5     58.4    819.2      0.0
    27     1    26     1     8    17     0     1    -7.0   23.431  120.503      0.0    989.6    285.7    284.8      0.0    360.1     51.5     26.5      0.0
     1     1    26     1     8    16     0     2    -8.0   23.614  120.433     23.1   1007.9    285.2    285.8      0.0    316.4     50.2     91.6      0.0
     2     1    26     1     8    16     0     2    -8.0   23.580  120.513      0.0   1011.7    284.7    285.6      0.0    320.8     50.2     69.3      0.0
     3     1    26     1     8    16     0     2    -8.0   22.786  120.662    454.7    910.5    290.6    282.9      0.0    273.1     72.7    515.0      0.0
     4     1    26     1     8    16     0     2    -8.0   22.675  120.402    462.9    902.2    291.4    282.9      0.0    182.3     71.0    581.4      0.0
     5     1    26     1     8    16     0     2    -8.0   22.934  120.250    108.4    977.3    287.5    285.6      0.0     21.8     56.3    268.9      0.0
     6     1    26     1     8    16     0     2    -8.0   23.091  120.554    572.3    841.3    293.9    279.7      0.0     88.2     77.9   1051.4      0.0
     7     1    26     1     8    16     0     2    -8.0   24.153  120.843     16.3   1005.2    284.5    284.9      0.0    434.9     54.3    126.1      0.0
     8     1    26     1     8    16     0     2    -8.0   24.444  121.360    336.5    914.6    286.5    279.1      0.0    471.6     64.3    631.0      0.0
     9     1    26     1     8    16     0     2    -8.0   23.793  120.559      0.3   1015.3    285.3    286.5      0.0    458.0     48.4     38.3      0.0
    10     1    26     1     8    16     0     2    -8.0   23.559  120.417    270.2   1006.9    285.3    285.9      0.0    311.6     50.2    102.2      0.0
    11     1    26     1     8    16     0     2    -8.0   23.566  120.508    249.4   1012.5    284.6    285.7      0.0    317.4     49.9     62.7      0.0
    12     1    26     1     8    16     0     2    -8.0   22.789  120.645    671.9    918.6    290.3    283.3      0.0    281.0     71.1    470.2      0.0
    13     1    26     1     8    16     0     2    -8.0   22.677  120.397    696.3    905.0    291.3    283.0      0.0    182.2     70.4    565.8      0.0
    14     1    26     1     8    16     0     2    -8.0   22.927  120.249    345.0    979.1    287.4    285.6      0.0     23.5     56.1    263.6      0.0
    15     1    26     1     8    16     0     2    -8.0   23.107  120.569    806.6    839.7    293.9    279.5      0.0     85.2     78.1   1073.7      0.0
    16     1    26     1     8    16     0     2    -8.0   24.152  120.842    264.7   1005.3    284.5    284.9      0.0    435.2     54.3    125.1      0.0
    17     1    26     1     8    16     0     2    -8.0   24.405  121.290    482.6    929.1    286.8    280.7      0.0    491.0     60.5    592.2      0.0
    18     1    26     1     8    16     0     2    -8.0   23.793  120.559    249.9   1015.3    285.3    286.5      0.0    458.0     48.4     38.3      0.0
    19     1    26     1     8    16     0     2    -8.0   23.222  120.413     25.0    967.0    288.0    285.2      0.0    149.7     56.6    199.5      0.0
    20     1    26     1     8    16     0     2    -8.0   23.125  120.488    215.8    940.8    289.6    284.6      0.0    108.9     61.7    236.6      0.0
    21     1    26     1     8    16     0     2    -8.0   22.777  120.770    396.5    868.5    292.0    280.4      0.0    273.4     81.3    713.8      0.0
    22     1    26     1     8    16     0     2    -8.0   22.643  120.455    334.7    873.8    292.4    281.3      0.0    182.4     76.8    730.5      0.0
    23     1    26     1     8    16     0     2    -8.0   22.731  120.304      0.0    951.5    289.8    285.6      0.0     31.9     59.8    365.0      0.0
    24     1    26     1     8    16     0     2    -8.0   22.883  120.393    681.0    858.9    293.2    280.7      0.0    215.3     82.7    525.7      0.0
    25     1    26     1     8    16     0     2    -8.0   24.291  121.037    317.0    906.8    290.8    282.7      0.0    269.1     52.8    443.0      0.0
    26     1    26     1     8    16     0     2    -8.0   24.405  121.426    582.7    826.1    292.1    276.3      0.0    309.7     57.8    983.2      0.0
    27     1    26     1     8    16     0     2    -8.0   23.663  120.560     12.5    983.3    285.8    284.4      0.0    387.6     54.0     60.6      0.0
     1     1    26     1     8    15     0     3    -9.0   23.767  120.468      3.3   1014.8    284.9    286.1      0.0    349.1     48.6     46.5      0.0
     2     1    26     1     8    15     0     3    -9.0   23.733  120.562      3.3   1009.2    284.5    285.3      0.0    354.7     51.7     94.1      0.0
     3     1    26     1     8    15     0     3    -9.0   22.795  120.712    557.6    883.1    291.6    281.4      0.0    250.0     77.6    663.7      0.0
     4     1    26     1     8    15     0     3    -9.0   22.658  120.420    490.6    894.5    291.6    282.4      0.0    196.5     72.8    627.6      0.0
     5     1    26     1     8    15     0     3    -9.0   22.968  120.250    143.8    972.0    287.7    285.4      0.0     28.2     56.5    290.9      0.0
     6     1    26     1     8    15     0     3    -9.0   23.109  120.537    497.8    847.0    293.7    280.1      0.0     89.8     76.8   1072.7      0.0
     7     1    26     1     8    15     0     3    -9.0   24.410  121.019    108.3    976.3    284.9    282.9      0.0    446.3     56.7    283.7      0.0
     8     1    26     1     8    15     0     3    -9.0   24.505  121.593    769.8    854.4    287.7    275.1      0.0    269.1     71.3    742.0      0.0
     9     1    26     1     8    15     0     3    -9.0   24.012  120.632      0.0   1017.4    285.1    286.5      0.0    486.9     48.9     28.5      0.0
    10     1    26     1     8    15     0     3    -9.0   23.705  120.451    251.8   1013.0    285.1    286.2      0.0    341.5     48.9     63.0      0.0
    11     1    26     1     8    15     0     3    -9.0   23.719  120.555    251.4   1009.5    284.6    285.4      0.0    358.4     51.4     91.7      0.0
    12     1    26     1     8    15     0     3    -9.0   22.798  120.694    775.2    891.0    291.3    281.8      0.0    257.1     75.9    617.8      0.0
    13     1    26     1     8    15     0     3    -9.0   22.660  120.414    725.2    897.2    291.5    282.5      0.0    196.8     72.2    611.8      0.0
    14     1    26     1     8    15     0     3    -9.0   22.964  120.249    375.5    974.1    287.5    285.4      0.0     29.7     56.3    287.2      0.0
    15     1    26     1     8    15     0     3    -9.0   23.129  120.551    733.1    844.6    293.8    279.9      0.0     83.7     77.2   1101.0      0.0
    16     1    26     1     8    15     0     3    -9.0   24.408  121.018    355.1    976.8    284.9    282.9      0.0    446.5     56.7    279.8      0.0
    17     1    26     1     8    15     0     3    -9.0   24.496  121.545    879.7    868.7    287.2    275.9      0.0    284.0     70.6    741.7      0.0
    18     1    26     1     8    15     0     3    -9.0   24.012  120.632    249.7   1017.4    285.1    286.5      0.0    486.9     48.9     28.5      0.0
    19     1    26     1     8    15     0     3    -9.0   23.307  120.427     43.4    964.7    287.9    285.0      0.0    168.7     55.9    205.4      0.0
    20     1    26     1     8    15     0     3    -9.0   23.103  120.475    204.0    943.0    289.6    284.8      0.0    118.4     59.9    234.6      0.0
    21     1    26     1     8    15     0     3    -9.0   22.842  120.847    433.1    872.6    291.2    280.0      0.0    392.3     83.8    650.5      0.0
    22     1    26     1     8    15     0     3    -9.0   22.635  120.471    345.0    868.3    292.5    280.9      0.0    193.0     78.0    773.9      0.0
    23     1    26     1     8    15     0     3    -9.0   22.731  120.293      0.0    957.4    289.5    285.8      0.0     36.9     58.2    319.2      0.0
    24     1    26     1     8    15     0     3    -9.0   22.857  120.393    690.7    860.1    292.9    280.4      0.0    242.1     84.6    508.4      0.0
    25     1    26     1     8    15     0     3    -9.0   24.370  121.127    425.5    864.7    292.7    280.6      0.0    244.4     53.0    741.7      0.0
    26     1    26     1     8    15     0     3    -9.0   24.417  121.487    732.7    800.0    293.9    275.5      0.0    247.9     50.5   1096.9      0.0
    27     1    26     1     8    15     0     3    -9.0   23.938  120.643     16.0    984.3    285.4    284.2      0.0    427.2     53.5     49.7      0.0
     1     1    26     1     8    14     0     2   -10.0   23.949  120.518      0.0   1013.7    284.9    286.0      0.0    423.6     49.1     52.3     58.4
     2     1    26     1     8    14     0     2   -10.0   23.928  120.654     40.1    994.2    285.2    284.7      0.0    368.9     53.9    195.4     57.7
     3     1    26     1     8    14     0     2   -10.0   22.806  120.761    639.9    863.8    292.4    280.3      0.0    259.2     82.5    763.7     23.9
     4     1    26     1     8    14     0     2   -10.0   22.646  120.442    524.1    884.2    292.1    281.9      0.0    203.0     75.7    691.7     31.5
     5     1    26     1     8    14     0     2   -10.0   23.011  120.251    194.2    964.0    288.3    285.3      0.0     38.7     56.0    310.1     53.4
     6     1    26     1     8    14     0     2   -10.0   23.119  120.526    428.2    853.3    293.7    280.7      0.0     88.7     76.4   1081.6     42.9
     7     1    26     1     8    14     0     2   -10.0   24.624  121.255    241.3    927.0    287.4    281.1      0.0    470.0     59.6    604.0     57.2
     8     1    26     1     8    14     0     2   -10.0   24.565  121.740    985.6    838.7    287.1    273.0      0.0    255.2     76.6    675.2     11.3
     9     1    26     1     8    14     0     2   -10.0   24.270  120.728      0.0   1017.7    284.8    286.2      0.0    531.9     48.9     21.3     58.9
    10     1    26     1     8    14     0     2   -10.0   23.879  120.494    249.6   1015.4    285.0    286.2      0.0    410.9     48.1     37.9     57.6
    11     1    26     1     8    14     0     2   -10.0   23.911  120.643    281.7    996.5    285.1    284.8      0.0    373.0     53.7    182.0     57.9
    12     1    26     1     8    14     0     2   -10.0   22.806  120.741    859.4    866.5    292.4    280.6      0.0    239.0     81.5    760.1     25.2
    13     1    26     1     8    14     0     2   -10.0   22.647  120.437    759.3    886.9    292.0    282.1      0.0    204.0     75.3    675.1     31.7
    14     1    26     1     8    14     0     2   -10.0   23.010  120.251    423.7    965.8    288.1    285.3      0.0     37.9     56.0    311.7     53.4
    15     1    26     1     8    14     0     2   -10.0   23.142  120.537    653.2    851.7    293.7    280.5      0.0     81.6     76.6   1111.7     44.1
    16     1    26     1     8    14     0     2   -10.0   24.623  121.254    484.5    927.3    287.4    281.1      0.0    470.0     59.5    602.1     57.3
    17     1    26     1     8    14     0     2   -10.0   24.551  121.713   1155.5    844.2    286.9    273.3      0.0    263.0     77.3    696.7     13.7
    18     1    26     1     8    14     0     2   -10.0   24.270  120.728    249.8   1017.7    284.8    286.2      0.0    531.9     48.9     21.3     58.9
    19     1    26     1     8    14     0     2   -10.0   23.414  120.447     49.4    966.3    287.5    284.6      0.0    220.7     55.4    181.2     51.2
    20     1    26     1     8    14     0     2   -10.0   23.114  120.472    198.6    944.5    289.5    284.8      0.0    152.1     58.8    225.6     51.8
    21     1    26     1     8    14     0     2   -10.0   22.975  120.961    397.4    869.8    290.2    278.8      0.0    270.8     87.7    717.3     16.2
    22     1    26     1     8    14     0     2   -10.0   22.633  120.494    367.3    858.9    293.0    280.5      0.0    194.6     80.3    843.0     28.9
    23     1    26     1     8    14     0     2   -10.0   22.739  120.281      0.0    961.5    289.5    286.2      0.0     28.6     57.0    275.3     46.3
    24     1    26     1     8    14     0     2   -10.0   22.831  120.395    681.1    862.5    292.9    280.7      0.0    265.2     84.2    498.0     33.1
    25     1    26     1     8    14     0     2   -10.0   24.407  121.172    513.5    842.4    293.8    279.6      0.0    223.6     52.8    869.8     58.0
    26     1    26     1     8    14     0     2   -10.0   24.414  121.495    836.7    786.7    294.7    274.9      0.0    238.7     45.5   1131.6     40.6
    27     1    26     1     8    14     0     2   -10.0   24.278  120.770     18.9    984.1    285.0    283.7      0.0    476.9     54.4     43.8     58.8
     1     1    26     1     8    13     0     1   -11.0   24.180  120.620     25.6   1000.4    285.3    285.3      0.0    445.8     52.8    157.6    115.9
     2     1    26     1     8    13     0     1   -11.0   24.179  120.827    165.2    948.1    286.7    282.2      0.0    421.3     58.4    483.3    114.0
     3     1    26     1     8    13     0     1   -11.0   22.863  120.828    684.2    865.3    291.9    280.0      0.0    335.3     84.5    714.7     44.6
     4     1    26     1     8    13     0     1   -11.0   22.642  120.469    576.1    870.3    292.7    281.2      0.0    204.4     79.1    772.8     60.7
     5     1    26     1     8    13     0     1   -11.0   23.072  120.259    231.4    959.4    288.5    285.1      0.0     94.2     55.9    312.3    105.8
     6     1    26     1     8    13     0     1   -11.0   23.123  120.522    407.5    855.2    293.8    281.0      0.0     90.8     76.6   1084.8     87.3
     7     1    26     1     8    13     0     1   -11.0   24.727  121.506    612.6    864.4    287.9    276.0      0.0    295.7     70.8    820.2     75.2
     8     1    26     1     8    13     0     1   -11.0   24.699  121.886   1068.4    866.5    284.5    273.0      0.0    396.8     90.7    322.1     24.6
     9     1    26     1     8    13     0     1   -11.0   24.576  120.897     40.1    998.8    284.9    284.8      0.0    560.2     53.3    161.6    114.6
    10     1    26     1     8    13     0     1   -11.0   24.099  120.575    257.1   1008.2    285.1    285.8      0.0    453.6     51.6    103.6    117.1
    11     1    26     1     8    13     0     1   -11.0   24.164  120.811    402.9    953.9    286.4    282.4      0.0    429.9     58.0    439.8    113.7
    12     1    26     1     8    13     0     1   -11.0   22.840  120.795    922.1    862.9    292.3    280.2      0.0    307.1     83.9    739.9     46.8
    13     1    26     1     8    13     0     1   -11.0   22.642  120.463    810.3    872.9    292.6    281.4      0.0    205.8     78.7    756.0     61.1
    14     1    26     1     8    13     0     1   -11.0   23.074  120.259    457.5    961.9    288.3    285.1      0.0     95.8     55.6    311.6    105.7
    15     1    26     1     8    13     0     1   -11.0   23.147  120.529    609.9    856.1    293.8    281.0      0.0     83.4     76.6   1112.6     90.4
    16     1    26     1     8    13     0     1   -11.0   24.727  121.505    853.2    864.5    287.9    276.0      0.0    296.1     70.8    820.3     75.4
    17     1    26     1     8    13     0     1   -11.0   24.671  121.860   1258.5    868.8    284.7    273.4      0.0    370.0     87.6    359.3     24.2
    18     1    26     1     8    13     0     1   -11.0   24.576  120.897    288.4    998.8    284.9    284.8      0.0    560.2     53.3    161.6    114.6
    19     1    26     1     8    13     0     1   -11.0   23.553  120.475     11.4    975.1    286.7    284.6      0.0    299.6     54.1    140.4    104.0
    20     1    26     1     8    13     0     1   -11.0   23.150  120.486    209.3    943.7    289.5    284.8      0.0    182.3     58.0    222.4    103.5
    21     1    26     1     8    13     0     1   -11.0   23.128  121.054    357.8    850.9    291.4    278.1      0.0    312.4     86.5    956.2     57.3
    22     1    26     1     8    13     0     1   -11.0   22.646  120.520    402.5    855.3    293.0    280.2      0.0    219.4     81.9    846.4     55.7
    23     1    26     1     8    13     0     1   -11.0   22.761  120.274      0.0    963.4    289.4    286.3      0.0     18.5     55.9    258.1     93.8
    24     1    26     1     8    13     0     1   -11.0   22.810  120.393    658.5    867.1    292.9    281.1      0.0    285.8     83.9    478.5     66.3
    25     1    26     1     8    13     0     1   -11.0   24.418  121.187    587.7    830.5    294.4    279.0      0.0    220.7     53.5    913.5    116.4
    26     1    26     1     8    13     0     1   -11.0   24.410  121.475    941.6    779.8    295.1    274.6      0.0    266.5     41.3   1100.1     84.1
    27     1    26     1     8    13     0     1   -11.0   24.641  121.011    169.0    943.4    287.2    282.4      0.0    483.2     55.1    263.3    112.6
     1     1    26     1     8    12     0     0   -12.0   24.474  120.822    135.7    958.4    286.0    282.4      0.0    501.3     57.9    424.6    170.9
     2     1    26     1     8    12     0     0   -12.0   24.376  121.047    328.4    905.2    288.2    279.9      0.0    461.4     62.9    723.3    163.6
     3     1    26     1     8    12     0     0   -12.0   22.973  120.910    681.6    860.2    291.5    279.2      0.0    249.6     87.0    771.6     61.0
     4     1    26     1     8    12     0     0   -12.0   22.648  120.492    638.7    855.3    293.4    280.5      0.0    202.0     81.1    854.5     89.1
     5     1    26     1     8    12     0     0   -12.0   23.161  120.274    224.0    958.3    288.4    284.8      0.0    187.1     55.8    334.3    157.4
     6     1    26     1     8    12     0     0   -12.0   23.125  120.520    436.9    852.1    294.1    281.0      0.0     94.6     76.5   1085.8    131.8
     7     1    26     1     8    12     0     0   -12.0   24.793  121.680    907.7    845.2    286.9    273.4      0.0    297.9     75.4    698.5     51.1
     8     1    26     1     8    12     0     0   -12.0   24.945  122.044   1024.6    899.4    283.7    275.3      0.0   1473.3     84.9     78.0    100.4
     9     1    26     1     8    12     0     0   -12.0   24.889  121.171    122.0    965.0    285.6    282.6      0.0    674.9     57.2    387.4    171.1
    10     1    26     1     8    12     0     0   -12.0   24.388  120.747    347.6    985.1    284.9    283.7      0.0    524.3     55.0    221.0    168.7
    11     1    26     1     8    12     0     0   -12.0   24.371  121.034    557.3    908.6    288.2    280.2      0.0    464.7     62.3    702.9    166.3
    12     1    26     1     8    12     0     0   -12.0   22.928  120.867    939.4    860.7    291.9    279.6      0.0    295.2     85.6    751.0     66.4
    13     1    26     1     8    12     0     0   -12.0   22.647  120.488    873.7    857.6    293.3    280.6      0.0    203.8     81.0    839.6     89.4
    14     1    26     1     8    12     0     0   -12.0   23.168  120.271    441.5    963.3    288.1    285.0      0.0    195.6     55.1    319.7    157.1
    15     1    26     1     8    12     0     0   -12.0   23.146  120.526    617.3    855.7    294.0    281.1      0.0     88.9     77.0   1109.3    135.8
    16     1    26     1     8    12     0     0   -12.0   24.793  121.679   1150.4    845.2    287.0    273.4      0.0    298.0     75.4    698.7     51.3
    17     1    26     1     8    12     0     0   -12.0   24.909  122.023   1212.5    900.6    283.7    275.3      0.0   1290.0     84.6    127.7     88.8
    18     1    26     1     8    12     0     0   -12.0   24.889  121.171    368.1    965.0    285.6    282.6      0.0    674.9     57.2    387.4    171.1
    19     1    26     1     8    12     0     0   -12.0   23.756  120.519      0.0    982.0    286.4    284.9      0.0    335.8     52.1     95.9    169.4
    20     1    26     1     8    12     0     0   -12.0   23.192  120.511    220.6    938.2    289.8    284.5      0.0    225.8     57.7    265.2    155.6
    21     1    26     1     8    12     0     0   -12.0   23.266  121.090    396.8    826.2    292.7    276.9      0.0    308.1     87.4   1160.3    116.2
    22     1    26     1     8    12     0     0   -12.0   22.686  120.553    427.9    853.2    293.0    280.0      0.0    224.0     82.6    847.8     82.1
    23     1    26     1     8    12     0     0   -12.0   22.798  120.274      0.0    960.8    289.5    286.2      0.0     17.3     55.6    281.0    143.8
    24     1    26     1     8    12     0     0   -12.0   22.796  120.389    627.3    872.7    292.8    281.5      0.0    302.7     83.6    458.9    100.2
    25     1    26     1     8    12     0     0   -12.0   24.414  121.189    659.7    822.3    294.8    278.6      0.0    228.9     53.4    926.3    174.7
    26     1    26     1     8    12     0     0   -12.0   24.410  121.439   1067.0    777.6    295.2    274.5      0.0    328.3     37.6    995.7    133.6
    27     1    26     1     8    12     0     0   -12.0   24.875  121.269    386.4    880.2    289.5    279.0      0.0    493.2     61.2    644.3    168.9