    10     1
    GFSQ    26     1     2     0     0
    GFSQ    26     1     3     0     0
    GFSQ    26     1     4     0     0
    GFSQ    26     1     5     0     0
    GFSQ    26     1     6     0     0
    GFSQ    26     1     7     0     0
    GFSQ    26     1     8     0     0
    GFSQ    26     1     9     0     0
    GFSQ    26     1    10     0     0
    GFSQ    26     1    11     0     0
    27 BACKWARD OMEGA   
    26     1    10    10   22.711  120.310    10.0
    26     1    10    10   22.711  120.310    10.0
    26     1    10    10   22.711  120.310    10.0
    26     1    10    10   22.711  120.310    10.0
    26     1    10    10   22.711  120.310    10.0
    26     1    10    10   22.711  120.310    10.0
    26     1    10    10   22.711  120.310    10.0
    26     1    10    10   22.711  120.310    10.0
    26     1    10    10   22.711  120.310    10.0
    26     1    10    10   22.711  120.310    10.0
    26     1    10    10   22.711  120.310    10.0
    26     1    10    10   22.711  120.310    10.0
    26     1    10    10   22.711  120.310    10.0
    26     1    10    10   22.711  120.310    10.0
    26     1    10    10   22.711  120.310    10.0
    26     1    10    10   22.711  120.310    10.0
    26     1    10    10   22.711  120.310    10.0
    26     1    10    10   22.711  120.310    10.0
    26     1    10    10   22.711  120.310    10.0
    26     1    10    10   22.711  120.310    10.0
    26     1    10    10   22.711  120.310    10.0
    26     1    10    10   22.711  120.310    10.0
    26     1    10    10   22.711  120.310    10.0
    26     1    10    10   22.711  120.310    10.0
    26     1    10    10   22.711  120.310    10.0
    26     1    10    10   22.711  120.310    10.0
    26     1    10    10   22.711  120.310    10.0
     8 PRESSURE THETA    AIR_TEMP RAINFALL MIXDEPTH RELHUMID TERR_MSL SUN_FLUX
     1     1    26     1    10    10     0     2     0.0   22.711  120.310     10.0   1014.6    291.6    292.8      0.0    626.3     50.1     34.8     66.1
     2     1    26     1    10    10     0     2     0.0   22.711  120.310     10.0   1012.2    291.1    292.1      0.0    546.2     51.4     51.7     90.5
     3     1    26     1    10    10     0     2     0.0   22.711  120.310     10.0   1016.4    291.8    293.1      0.0    702.8     55.3     11.2     55.4
     4     1    26     1    10    10     0     2     0.0   22.711  120.310     10.0    983.0    292.3    290.8      0.0    400.0     56.4    288.6     74.6
     5     1    26     1    10    10     0     2     0.0   22.711  120.310     10.0    973.3    291.9    289.5      0.0    158.5     59.8    381.9    101.4
     6     1    26     1    10    10     0     2     0.0   22.711  120.310     10.0    995.5    292.1    291.7      0.0    497.6     59.5    194.3     56.6
     7     1    26     1    10    10     0     2     0.0   22.711  120.310     10.0   1018.5    290.8    292.4      0.0    765.2     59.6      4.7     81.7
     8     1    26     1    10    10     0     2     0.0   22.711  120.310     10.0   1018.3    290.4    291.9      0.0    720.9     59.3      5.6    104.5
     9     1    26     1    10    10     0     2     0.0   22.711  120.310     10.0   1017.7    291.1    292.6      0.0    827.1     62.1      0.0     59.9
    10     1    26     1    10    10     0     2     0.0   22.711  120.310     10.0   1014.6    291.6    292.8      0.0    626.3     50.1     34.8     66.1
    11     1    26     1    10    10     0     2     0.0   22.711  120.310     10.0   1012.2    291.1    292.1      0.0    546.2     51.4     51.7     90.5
    12     1    26     1    10    10     0     2     0.0   22.711  120.310     10.0   1016.4    291.8    293.1      0.0    702.8     55.3     11.2     55.4
    13     1    26     1    10    10     0     2     0.0   22.711  120.310     10.0    983.1    292.3    290.8      0.0    400.0     56.4    288.6     74.6
    14     1    26     1    10    10     0     2     0.0   22.711  120.310     10.0    973.3    291.9    289.5      0.0    158.5     59.8    381.9    101.4
    15     1    26     1    10    10     0     2     0.0   22.711  120.310     10.0    995.5    292.1    291.7      0.0    497.6     59.5    194.3     56.6
    16     1    26     1    10    10     0     2     0.0   22.711  120.310     10.0   1018.5    290.8    292.4      0.0    765.2     59.6      4.7     81.7
    17     1    26     1    10    10     0     2     0.0   22.711  120.310     10.0   1018.3    290.4    291.9      0.0    720.9     59.3      5.6    104.5
    18     1    26     1    10    10     0     2     0.0   22.711  120.310     10.0   1017.7    291.1    292.6      0.0    827.1     62.1      0.0     59.9
    19     1    26     1    10    10     0     2     0.0   22.711  120.310     10.0    985.4    291.6    290.4      0.0    626.3     55.4     34.8     66.1
    20     1    26     1    10    10     0     2     0.0   22.711  120.310     10.0    983.1    291.3    289.9      0.0    546.2     56.4     51.7     90.5
    21     1    26     1    10    10     0     2     0.0   22.711  120.310     10.0    987.3    291.6    290.6      0.0    702.8     61.4     11.2     55.4
    22     1    26     1    10    10     0     2     0.0   22.711  120.310     10.0    954.9    292.7    288.8      0.0    400.0     60.8    288.6     74.6
    23     1    26     1    10    10     0     2     0.0   22.711  120.310     10.0    945.5    292.8    288.0      0.0    158.5     61.2    381.9    101.4
    24     1    26     1    10    10     0     2     0.0   22.711  120.310     10.0    967.0    292.2    289.4      0.0    497.6     66.1    194.3     56.6
    25     1    26     1    10    10     0     2     0.0   22.711  120.310     10.0    989.2    290.7    289.7      0.0    765.2     65.5      4.7     81.7
    26     1    26     1    10    10     0     2     0.0   22.711  120.310     10.0    989.0    290.2    289.3      0.0    720.9     65.0      5.6    104.5
    27     1    26     1    10    10     0     2     0.0   22.711  120.310     10.0    988.4    290.9    290.0      0.0    827.1     68.6      0.0     59.9
     1     1    26     1    10     9     0     3    -1.0   22.863  120.297     13.1   1012.7    291.8    292.8      0.0    683.8     50.0     40.8     95.8
     2     1    26     1    10     9     0     3    -1.0   22.867  120.298      0.0   1010.9    291.3    292.2      0.0    659.6     51.9     62.0    130.9
     3     1    26     1    10     9     0     3    -1.0   22.841  120.304     10.9   1014.7    292.0    293.2      0.0    737.4     52.9     21.2     71.7
     4     1    26     1    10     9     0     3    -1.0   22.802  120.305     28.3    978.4    292.6    290.7      0.0    437.5     55.7    305.5     98.0
     5     1    26     1    10     9     0     3    -1.0   22.777  120.286      0.0    980.7    291.8    290.1      0.0    160.3     59.0    314.7    123.7
     6     1    26     1    10     9     0     3    -1.0   22.770  120.299      0.0    994.5    292.5    292.0      0.0    563.8     56.8    192.8     65.4
     7     1    26     1    10     9     0     3    -1.0   22.973  120.326      8.3   1017.4    290.5    292.0      0.0    776.3     59.7      7.2    124.5
     8     1    26     1    10     9     0     3    -1.0   22.981  120.346      7.8   1017.7    290.1    291.5      0.0    764.5     58.3      9.0    171.2
     9     1    26     1    10     9     0     3    -1.0   22.948  120.316     10.0   1017.7    290.8    292.3      0.0    805.3     60.9      4.9     96.1
    10     1    26     1    10     9     0     3    -1.0   22.861  120.296    252.8   1013.1    291.8    292.9      0.0    684.9     49.9     40.6     95.5
    11     1    26     1    10     9     0     3    -1.0   22.867  120.298    249.4   1010.9    291.3    292.2      0.0    659.6     51.9     62.0    130.9
    12     1    26     1    10     9     0     3    -1.0   22.841  120.304    250.7   1014.8    292.0    293.2      0.0    737.4     52.8     21.2     71.7
    13     1    26     1    10     9     0     3    -1.0   22.798  120.306    268.6    979.2    292.6    290.7      0.0    443.8     55.6    305.1     97.6
    14     1    26     1    10     9     0     3    -1.0   22.777  120.286    246.9    980.7    291.8    290.1      0.0    160.3     59.0    314.7    123.7
    15     1    26     1    10     9     0     3    -1.0   22.770  120.299    248.1    994.5    292.5    292.0      0.0    563.8     56.8    192.8     65.4
    16     1    26     1    10     9     0     3    -1.0   22.973  120.326    249.9   1017.4    290.5    292.0      0.0    776.3     59.7      7.2    124.5
    17     1    26     1    10     9     0     3    -1.0   22.981  120.346    249.9   1017.7    290.1    291.5      0.0    764.5     58.3      9.0    171.2
    18     1    26     1    10     9     0     3    -1.0   22.948  120.316    250.0   1017.7    290.8    292.3      0.0    805.3     60.9      4.9     96.1
    19     1    26     1    10     9     0     3    -1.0   22.919  120.314      0.0    984.2    291.7    290.4      0.0    633.1     55.4     50.9    101.8
    20     1    26     1    10     9     0     3    -1.0   22.955  120.315     32.6    976.7    291.0    289.0      0.0    640.8     59.7     90.6    147.1
    21     1    26     1    10     9     0     3    -1.0   22.857  120.316     10.9    985.1    291.9    290.6      0.0    727.6     58.2     25.6     72.1
    22     1    26     1    10     9     0     3    -1.0   22.829  120.314     17.9    947.3    292.9    288.3      0.0    391.4     61.0    346.2    104.9
    23     1    26     1    10     9     0     3    -1.0   22.834  120.276      0.0    955.4    292.1    288.3      0.0    185.4     61.0    311.2    138.9
    24     1    26     1    10     9     0     3    -1.0   22.784  120.319      1.1    960.3    292.6    289.2      0.0    537.7     65.3    252.8     69.1
    25     1    26     1    10     9     0     3    -1.0   23.003  120.347     15.2    987.1    290.4    289.3      0.0    771.2     64.8      9.1    126.6
    26     1    26     1    10     9     0     3    -1.0   23.021  120.369     72.2    981.0    289.9    288.3      0.0    764.4     65.6     10.2    178.8
    27     1    26     1    10     9     0     3    -1.0   22.962  120.333      6.0    988.9    290.7    289.8      0.0    799.3     65.8      6.6     96.2
     1     1    26     1    10     8     0     2    -2.0   23.014  120.270      0.0   1013.4    291.7    292.8      0.0    839.2     49.2     34.1    209.7
     2     1    26     1    10     8     0     2    -2.0   23.031  120.279      0.0   1012.8    291.2    292.2      0.0    843.0     50.5     52.8    280.3
     3     1    26     1    10     8     0     2    -2.0   22.977  120.276      9.4   1014.9    291.6    292.9      0.0    720.7     52.2     27.9    153.4
     4     1    26     1    10     8     0     2    -2.0   22.890  120.281      0.0    987.6    292.4    291.3      0.0    559.3     54.1    243.6    210.7
     5     1    26     1    10     8     0     2    -2.0   22.850  120.250      0.0    991.6    291.8    291.1      0.0    477.5     54.4    215.5    253.6
     6     1    26     1    10     8     0     2    -2.0   22.836  120.271      0.0   1001.4    292.4    292.4      0.0    715.5     54.7    129.5    149.7
     7     1    26     1    10     8     0     2    -2.0   23.233  120.348      4.2   1017.4    290.1    291.5      0.0    824.6     58.3      9.2    297.1
     8     1    26     1    10     8     0     2    -2.0   23.239  120.389      7.1   1017.2    289.9    291.3      0.0    818.7     56.6      0.6    376.9
     9     1    26     1    10     8     0     2    -2.0   23.206  120.317      7.9   1017.1    290.3    291.7      0.0    790.1     60.9      6.3    216.7
    10     1    26     1    10     8     0     2    -2.0   23.010  120.269    249.7   1013.4    291.7    292.8      0.0    839.3     49.2     33.8    208.8
    11     1    26     1    10     8     0     2    -2.0   23.031  120.279    249.5   1012.8    291.2    292.2      0.0    843.0     50.5     52.8    280.3
    12     1    26     1    10     8     0     2    -2.0   22.976  120.276    249.7   1014.9    291.6    292.9      0.0    720.6     52.2     27.8    153.4
    13     1    26     1    10     8     0     2    -2.0   22.883  120.283    247.5    987.1    292.4    291.3      0.0    564.8     54.1    247.2    209.6
    14     1    26     1    10     8     0     2    -2.0   22.850  120.250    247.8    991.6    291.8    291.1      0.0    477.5     54.4    215.5    253.6
    15     1    26     1    10     8     0     2    -2.0   22.836  120.271    248.7   1001.4    292.4    292.4      0.0    715.5     54.7    129.5    149.7
    16     1    26     1    10     8     0     2    -2.0   23.233  120.348    249.9   1017.4    290.1    291.5      0.0    824.6     58.3      9.2    297.1
    17     1    26     1    10     8     0     2    -2.0   23.239  120.389    250.0   1017.2    289.9    291.3      0.0    818.7     56.6      0.6    376.9
    18     1    26     1    10     8     0     2    -2.0   23.206  120.317    249.9   1017.1    290.3    291.7      0.0    790.1     60.9      6.3    216.7
    19     1    26     1    10     8     0     2    -2.0   23.139  120.299      0.0    982.7    291.3    289.9      0.0    802.9     56.5     66.1    244.8
    20     1    26     1    10     8     0     2    -2.0   23.188  120.325     69.1    974.0    290.8    288.6      0.0    820.7     59.8     68.6    324.8
    21     1    26     1    10     8     0     2    -2.0   23.023  120.305      0.0    986.8    291.6    290.5      0.0    727.9     56.9     38.8    159.3
    22     1    26     1    10     8     0     2    -2.0   22.946  120.283      0.0    959.7    292.5    289.1      0.0    505.3     58.2    270.2    226.2
    23     1    26     1    10     8     0     2    -2.0   22.961  120.234      0.0    963.2    291.8    288.7      0.0    516.6     58.8    269.4    282.5
    24     1    26     1    10     8     0     2    -2.0   22.868  120.310      0.0    962.3    292.6    289.4      0.0    670.2     63.3    258.0    166.0
    25     1    26     1    10     8     0     2    -2.0   23.294  120.389     77.8    980.0    290.0    288.3      0.0    839.1     65.0     10.7    308.8
    26     1    26     1    10     8     0     2    -2.0   23.310  120.437    183.1    967.8    289.6    286.9      0.0    812.7     68.2      0.0    379.2
    27     1    26     1    10     8     0     2    -2.0   23.237  120.351     10.3    987.3    290.3    289.2      0.0    804.4     64.8      9.5    220.3
     1     1    26     1    10     7     0     1    -3.0   23.160  120.227      0.0   1016.1    291.4    292.7      0.0    975.6     49.7     21.3    364.2
     2     1    26     1    10     7     0     1    -3.0   23.206  120.256      0.0   1016.1    291.0    292.3      0.0    972.1     50.7      9.2    460.2
     3     1    26     1    10     7     0     1    -3.0   23.112  120.224      0.0   1015.3    291.4    292.6      0.0    817.7     53.0     21.0    257.1
     4     1    26     1    10     7     0     1    -3.0   22.961  120.233      0.0    999.6    292.3    292.2      0.0    808.1     50.5    133.4    330.9
     5     1    26     1    10     7     0     1    -3.0   22.917  120.204      0.0    992.1    292.2    291.6      0.0    788.6     51.1    215.2    376.5
     6     1    26     1    10     7     0     1    -3.0   22.914  120.214      0.0   1008.1    292.0    292.7      0.0    838.1     53.8     67.5    233.1
     7     1    26     1    10     7     0     1    -3.0   23.483  120.370      1.9   1017.0    289.9    291.3      0.0    894.7     57.9      0.8    491.5
     8     1    26     1    10     7     0     1    -3.0   23.492  120.433      7.1   1017.7    289.4    290.8      0.0    859.1     59.9      0.0    514.2
     9     1    26     1    10     7     0     1    -3.0   23.463  120.320      3.4   1017.1    289.9    291.3      0.0    859.3     60.3      6.6    420.5
    10     1    26     1    10     7     0     1    -3.0   23.157  120.227    249.8   1016.1    291.4    292.7      0.0    975.2     49.7     21.2    362.7
    11     1    26     1    10     7     0     1    -3.0   23.206  120.256    249.9   1016.1    291.0    292.3      0.0    972.1     50.7      9.2    460.2
    12     1    26     1    10     7     0     1    -3.0   23.112  120.224    249.8   1015.3    291.4    292.6      0.0    816.9     53.1     20.9    256.9
    13     1    26     1    10     7     0     1    -3.0   22.954  120.235    248.7    999.7    292.3    292.2      0.0    808.8     50.6    132.5    328.4
    14     1    26     1    10     7     0     1    -3.0   22.917  120.204    247.8    992.1    292.2    291.6      0.0    788.6     51.1    215.2    376.5
    15     1    26     1    10     7     0     1    -3.0   22.914  120.214    249.3   1008.1    292.0    292.7      0.0    838.1     53.8     67.5    233.1
    16     1    26     1    10     7     0     1    -3.0   23.483  120.370    250.0   1017.0    289.9    291.3      0.0    894.7     57.9      0.8    491.5
    17     1    26     1    10     7     0     1    -3.0   23.492  120.433    250.0   1017.7    289.4    290.8      0.0    859.1     59.9      0.0    514.2
    18     1    26     1    10     7     0     1    -3.0   23.463  120.320    249.9   1017.1    289.9    291.3      0.0    859.3     60.3      6.6    420.5
    19     1    26     1    10     7     0     1    -3.0   23.342  120.277      0.0    985.7    290.9    289.7      0.0    970.1     56.9     41.9    424.6
    20     1    26     1    10     7     0     1    -3.0   23.411  120.336     68.0    977.1    290.3    288.3      0.0    948.0     62.5     34.8    495.1
    21     1    26     1    10     7     0     1    -3.0   23.187  120.266      0.0    987.0    291.5    290.4      0.0    906.0     55.5     30.7    278.4
    22     1    26     1    10     7     0     1    -3.0   23.049  120.225      0.0    971.5    292.1    289.7      0.0    794.0     55.2    167.0    355.0
    23     1    26     1    10     7     0     1    -3.0   23.071  120.193      0.0    972.5    292.0    289.7      0.0    850.5     55.0    215.7    415.4
    24     1    26     1    10     7     0     1    -3.0   22.960  120.267      0.0    975.5    292.2    290.2      0.0    850.8     59.0    142.2    250.7
    25     1    26     1    10     7     0     1    -3.0   23.561  120.433    167.7    969.4    289.6    287.0      0.0    911.3     68.7      0.0    492.7
    26     1    26     1    10     7     0     1    -3.0   23.588  120.510    251.3    959.8    289.0    285.7      0.0    810.1     74.7      1.7    515.1
    27     1    26     1    10     7     0     1    -3.0   23.504  120.366     52.6    982.7    289.9    288.4      0.0    901.2     65.4     10.7    427.6
     1     1    26     1    10     6     0     0    -4.0   23.333  120.178      0.0   1016.7    290.8    292.1      0.0   1031.9     53.4     11.1    562.0
     2     1    26     1    10     6     0     0    -4.0   23.409  120.245      0.0   1016.7    290.2    291.6      0.0   1001.1     55.6      0.0    604.7
     3     1    26     1    10     6     0     0    -4.0   23.259  120.167      0.0   1015.4    291.1    292.4      0.0    979.6     53.2     15.6    407.4
     4     1    26     1    10     6     0     0    -4.0   23.025  120.167      0.0   1001.7    292.6    292.7      0.0   1095.2     47.3    119.4    450.6
     5     1    26     1    10     6     0     0    -4.0   22.982  120.148      0.0    996.1    292.5    292.1      0.0   1017.8     48.1    187.2    500.9
     6     1    26     1    10     6     0     0    -4.0   22.996  120.135      0.0   1009.4    291.6    292.4      0.0    847.1     54.8     57.6    314.1
     7     1    26     1    10     6     0     0    -4.0   23.734  120.396      1.8   1017.5    289.2    290.6      0.0    924.1     60.4      0.0    604.7
     8     1    26     1    10     6     0     0    -4.0   23.766  120.486      6.8   1016.9    288.4    289.8      0.0    727.1     64.3      0.0    597.2
     9     1    26     1    10     6     0     0    -4.0   23.718  120.326      0.4   1016.7    289.5    290.9      0.0    927.7     60.8      0.9    599.5
    10     1    26     1    10     6     0     0    -4.0   23.329  120.178    249.9   1016.7    290.8    292.2      0.0   1031.5     53.4     11.4    561.0
    11     1    26     1    10     6     0     0    -4.0   23.409  120.245    250.0   1016.7    290.2    291.6      0.0   1001.1     55.6      0.0    604.7
    12     1    26     1    10     6     0     0    -4.0   23.259  120.167    249.8   1015.4    291.1    292.4      0.0    979.2     53.2     15.6    407.1
    13     1    26     1    10     6     0     0    -4.0   23.018  120.169    248.8   1001.9    292.6    292.8      0.0   1098.1     47.2    117.3    449.5
    14     1    26     1    10     6     0     0    -4.0   22.982  120.148    248.1    996.1    292.5    292.1      0.0   1017.8     48.1    187.2    500.9
    15     1    26     1    10     6     0     0    -4.0   22.996  120.135    249.4   1009.4    291.6    292.4      0.0    847.1     54.8     57.6    314.1
    16     1    26     1    10     6     0     0    -4.0   23.734  120.396    250.0   1017.5    289.2    290.6      0.0    924.1     60.4      0.0    604.7
    17     1    26     1    10     6     0     0    -4.0   23.766  120.486    250.0   1016.9    288.4    289.8      0.0    727.1     64.3      0.0    597.2
    18     1    26     1    10     6     0     0    -4.0   23.718  120.326    250.0   1016.7    289.5    290.9      0.0    927.7     60.8      0.9    599.5
    19     1    26     1    10     6     0     0    -4.0   23.557  120.261     15.5    986.0    290.2    289.1      0.0   1075.4     61.2      7.0    604.5
    20     1    26     1    10     6     0     0    -4.0   23.636  120.356     72.6    977.7    289.7    287.9      0.0    938.3     64.7     16.1    602.2
    21     1    26     1    10     6     0     0    -4.0   23.339  120.212      0.0    989.9    291.1    290.2      0.0   1053.6     55.9     19.8    441.5
    22     1    26     1    10     6     0     0    -4.0   23.133  120.164      0.0    975.3    292.2    290.1      0.0   1050.0     53.5    162.9    475.6
    23     1    26     1    10     6     0     0    -4.0   23.189  120.141      0.0    984.2    291.9    290.6      0.0   1124.7     52.7    123.5    577.5
    24     1    26     1    10     6     0     0    -4.0   23.047  120.198      0.0    980.4    291.8    290.1      0.0    968.2     59.1     83.6    349.3
    25     1    26     1    10     6     0     0    -4.0   23.824  120.486    226.0    962.4    288.9    285.8      0.0    878.7     75.0      0.0    602.5
    26     1    26     1    10     6     0     0    -4.0   23.878  120.586    238.7    960.5    288.9    285.6      0.0    753.1     74.0      8.0    598.1
    27     1    26     1    10     6     0     0    -4.0   23.760  120.385    123.7    974.2    289.5    287.3      0.0    985.6     69.4      0.0    604.7
     1     1    26     1    10     5     0     1    -5.0   23.532  120.161      0.0   1017.5    289.8    291.3      0.0    932.3     56.2      0.0    568.9
     2     1    26     1    10     5     0     1    -5.0   23.640  120.260      0.0   1017.2    288.9    290.4      0.0    815.4     60.5      1.5    564.6
     3     1    26     1    10     5     0     1    -5.0   23.426  120.125      0.0   1016.9    290.0    291.4      0.0    865.6     55.8     11.7    502.9
     4     1    26     1    10     5     0     1    -5.0   23.083  120.099      0.0   1006.5    291.7    292.3      0.0    947.8     47.2     95.1    455.7
     5     1    26     1    10     5     0     1    -5.0   23.055  120.088      0.0   1005.7    291.6    292.1      0.0    944.8     47.9    111.9    522.8
     6     1    26     1    10     5     0     1    -5.0   23.071  120.053      0.0   1012.9    291.0    292.0      0.0    738.6     52.7     40.7    321.3
     7     1    26     1    10     5     0     1    -5.0   24.005  120.443      0.8   1017.8    288.2    289.7      0.0    749.8     63.8      0.0    563.3
     8     1    26     1    10     5     0     1    -5.0   24.083  120.564      5.0   1018.1    288.1    289.6      0.0    742.2     63.0      4.0    563.4
     9     1    26     1    10     5     0     1    -5.0   23.972  120.353      0.0   1018.1    288.8    290.3      0.0    880.9     61.4      0.0    567.5
    10     1    26     1    10     5     0     1    -5.0   23.528  120.160    250.0   1017.5    289.8    291.3      0.0    932.7     56.2      0.0    568.9
    11     1    26     1    10     5     0     1    -5.0   23.640  120.260    250.0   1017.2    288.9    290.4      0.0    815.4     60.5      1.5    564.6
    12     1    26     1    10     5     0     1    -5.0   23.425  120.125    249.9   1016.9    290.0    291.4      0.0    865.4     55.8     11.7    502.7
    13     1    26     1    10     5     0     1    -5.0   23.076  120.100    249.1   1006.6    291.7    292.3      0.0    949.0     47.2     94.1    453.6
    14     1    26     1    10     5     0     1    -5.0   23.055  120.088    248.9   1005.7    291.6    292.1      0.0    944.8     47.9    111.9    522.8
    15     1    26     1    10     5     0     1    -5.0   23.071  120.053    249.6   1012.9    291.0    292.0      0.0    738.6     52.7     40.7    321.3
    16     1    26     1    10     5     0     1    -5.0   24.005  120.443    250.0   1017.8    288.2    289.7      0.0    749.8     63.8      0.0    563.3
    17     1    26     1    10     5     0     1    -5.0   24.083  120.564    250.0   1018.1    288.1    289.6      0.0    742.2     63.0      4.0    563.4
    18     1    26     1    10     5     0     1    -5.0   23.972  120.353    250.0   1018.1    288.8    290.3      0.0    880.9     61.4      0.0    567.5
    19     1    26     1    10     5     0     1    -5.0   23.792  120.277     45.5    983.1    289.0    287.6      0.0    894.4     66.9      5.3    566.9
    20     1    26     1    10     5     0     1    -5.0   23.910  120.399     50.7    982.0    288.7    287.2      0.0    740.5     66.7     14.0    563.2
    21     1    26     1    10     5     0     1    -5.0   23.504  120.171      0.0    989.2    290.0    289.1      0.0    917.4     59.6     15.7    529.3
    22     1    26     1    10     5     0     1    -5.0   23.208  120.105      0.0    979.8    291.3    289.6      0.0    926.0     53.9    132.7    495.9
    23     1    26     1    10     5     0     1    -5.0   23.325  120.097      0.0    988.3    290.6    289.6      0.0   1000.8     56.1     56.4    568.1
    24     1    26     1    10     5     0     1    -5.0   23.118  120.121      0.0    982.6    291.1    289.6      0.0    850.9     57.8     68.8    364.1
    25     1    26     1    10     5     0     1    -5.0   24.116  120.559    204.0    965.2    288.5    285.5      0.0    744.1     74.2      5.5    562.8
    26     1    26     1    10     5     0     1    -5.0   24.198  120.695    268.6    957.9    288.2    284.7      0.0    745.8     76.5      3.8    563.0
    27     1    26     1    10     5     0     1    -5.0   24.013  120.427    170.3    969.7    288.6    286.0      0.0    884.2     73.2      0.0    567.2
     1     1    26     1    10     4     0     2    -6.0   23.742  120.177      0.0   1018.4    288.9    290.4      0.0    855.9     59.3      0.0    530.2
     2     1    26     1    10     4     0     2    -6.0   23.920  120.318      0.0   1017.8    288.3    289.8      0.0    727.3     61.5      6.4    527.7
     3     1    26     1    10     4     0     2    -6.0   23.593  120.113      0.0   1017.8    289.4    290.9      0.0    814.3     56.9      6.7    524.0
     4     1    26     1    10     4     0     2    -6.0   23.137  120.043      0.0   1011.9    290.8    291.8      0.0    803.7     46.7     60.7    468.8
     5     1    26     1    10     4     0     2    -6.0   23.135  120.044      0.0   1012.9    290.7    291.7      0.0    855.1     48.1     51.6    522.4
     6     1    26     1    10     4     0     2    -6.0   23.137  119.985      0.0   1016.3    290.2    291.5      0.0    649.4     50.3     22.0    341.0
     7     1    26     1    10     4     0     2    -6.0   24.321  120.531      0.0   1018.6    287.8    289.4      0.0    744.2     63.2      2.1    528.1
     8     1    26     1    10     4     0     2    -6.0   24.400  120.680      1.8   1018.9    287.6    289.2      0.0    819.0     62.3      0.0    528.2
     9     1    26     1    10     4     0     2    -6.0   24.243  120.409      0.0   1018.4    288.0    289.5      0.0    766.4     63.2      0.0    528.4
    10     1    26     1    10     4     0     2    -6.0   23.737  120.176    250.0   1018.4    288.9    290.4      0.0    856.0     59.2      0.0    530.3
    11     1    26     1    10     4     0     2    -6.0   23.920  120.318    249.9   1017.8    288.3    289.8      0.0    727.3     61.5      6.4    527.7
    12     1    26     1    10     4     0     2    -6.0   23.593  120.113    249.9   1017.8    289.4    290.9      0.0    814.2     56.9      6.7    524.0
    13     1    26     1    10     4     0     2    -6.0   23.129  120.044    249.4   1011.9    290.8    291.8      0.0    802.9     46.7     60.5    466.0
    14     1    26     1    10     4     0     2    -6.0   23.135  120.044    249.5   1012.9    290.7    291.7      0.0    855.1     48.1     51.6    522.4
    15     1    26     1    10     4     0     2    -6.0   23.137  119.985    249.8   1016.3    290.2    291.5      0.0    649.4     50.3     22.0    341.0
    16     1    26     1    10     4     0     2    -6.0   24.321  120.531    250.0   1018.6    287.8    289.4      0.0    744.2     63.2      2.1    528.1
    17     1    26     1    10     4     0     2    -6.0   24.400  120.680    250.0   1018.9    287.6    289.2      0.0    819.0     62.3      0.0    528.2
    18     1    26     1    10     4     0     2    -6.0   24.243  120.409    250.0   1018.4    288.0    289.5      0.0    766.4     63.2      0.0    528.4
    19     1    26     1    10     4     0     2    -6.0   24.066  120.328     37.2    984.5    288.4    287.1      0.0    757.9     67.2      7.3    528.0
    20     1    26     1    10     4     0     2    -6.0   24.237  120.509     79.3    979.7    288.0    286.3      0.0    732.7     70.8      7.2    527.4
    21     1    26     1    10     4     0     2    -6.0   23.670  120.163      5.3    989.0    289.3    288.4      0.0    846.0     61.8      4.9    527.7
    22     1    26     1    10     4     0     2    -6.0   23.279  120.060      0.0    983.4    290.5    289.1      0.0    820.4     54.2     86.6    510.6
    23     1    26     1    10     4     0     2    -6.0   23.482  120.083      0.0    989.7    289.3    288.4      0.0    886.2     60.3     21.3    532.0
    24     1    26     1    10     4     0     2    -6.0   23.172  120.055      0.0    985.9    290.3    289.2      0.0    728.2     55.5     47.4    376.8
    25     1    26     1    10     4     0     2    -6.0   24.441  120.677    228.9    963.0    287.9    284.8      0.0    741.9     75.4      3.9    528.0
    26     1    26     1    10     4     0     2    -6.0   24.507  120.862    314.2    953.8    287.9    284.0      0.0    814.9     77.6      0.0    527.4
    27     1    26     1    10     4     0     2    -6.0   24.304  120.500    151.9    972.2    287.9    285.6      0.0    739.9     74.6      0.0    527.4
     1     1    26     1    10     3     0     3    -7.0   23.998  120.226      0.0   1018.9    288.0    289.6      0.0    759.2     62.6      0.0    492.8
     2     1    26     1    10     3     0     3    -7.0   24.221  120.421      0.0   1018.8    287.7    289.3      0.0    745.5     62.6      1.8    492.8
     3     1    26     1    10     3     0     3    -7.0   23.753  120.126      0.0   1018.9    289.1    290.6      0.0    788.0     56.9      0.0    496.8
     4     1    26     1    10     3     0     3    -7.0   23.181  120.007      0.0   1016.1    289.9    291.2      0.0    666.0     45.9     30.4    479.4
     5     1    26     1    10     3     0     3    -7.0   23.207  120.018      0.0   1017.0    289.9    291.3      0.0    765.2     48.4     18.6    500.9
     6     1    26     1    10     3     0     3    -7.0   23.194  119.940      0.0   1017.4    289.5    290.9      0.0    571.1     50.1     17.8    392.0
     7     1    26     1    10     3     0     3    -7.0   24.631  120.657      0.0   1019.3    287.4    289.0      0.0    803.5     62.3      0.0    492.8
     8     1    26     1    10     3     0     3    -7.0   24.688  120.835      1.0   1020.4    287.2    288.9      0.0    873.2     60.6      0.0    492.8
     9     1    26     1    10     3     0     3    -7.0   24.554  120.503      0.0   1018.9    287.7    289.2      0.0    743.5     63.5      0.2    492.8
    10     1    26     1    10     3     0     3    -7.0   23.991  120.224    250.0   1018.9    288.0    289.6      0.0    761.2     62.5      0.0    492.8
    11     1    26     1    10     3     0     3    -7.0   24.221  120.421    250.0   1018.8    287.7    289.3      0.0    745.5     62.6      1.8    492.8
    12     1    26     1    10     3     0     3    -7.0   23.752  120.126    250.0   1018.9    289.1    290.6      0.0    788.0     56.9      0.0    496.8
    13     1    26     1    10     3     0     3    -7.0   23.172  120.007    249.7   1016.1    289.9    291.2      0.0    662.8     45.9     30.4    476.6
    14     1    26     1    10     3     0     3    -7.0   23.207  120.018    249.8   1017.0    289.9    291.3      0.0    765.1     48.4     18.6    500.9
    15     1    26     1    10     3     0     3    -7.0   23.194  119.940    249.8   1017.4    289.5    290.9      0.0    571.1     50.1     17.8    392.0
    16     1    26     1    10     3     0     3    -7.0   24.631  120.657    250.0   1019.3    287.4    289.0      0.0    803.5     62.3      0.0    492.8
    17     1    26     1    10     3     0     3    -7.0   24.688  120.835    250.0   1020.4    287.2    288.9      0.0    873.2     60.6      0.0    492.8
    18     1    26     1    10     3     0     3    -7.0   24.554  120.503    250.0   1018.9    287.7    289.2      0.0    743.5     63.5      0.2    492.8
    19     1    26     1    10     3     0     3    -7.0   24.386  120.434     36.0    985.6    287.7    286.5      0.0    716.3     68.3      7.8    492.8
    20     1    26     1    10     3     0     3    -7.0   24.536  120.680     95.0    979.6    287.7    286.0      0.0    812.4     69.2      0.0    492.8
    21     1    26     1    10     3     0     3    -7.0   23.826  120.176      0.0    992.4    288.8    288.1      0.0    797.4     62.3      0.0    496.7
    22     1    26     1    10     3     0     3    -7.0   23.337  120.031      0.0    986.4    289.7    288.6      0.0    718.4     54.4     46.7    501.4
    23     1    26     1    10     3     0     3    -7.0   23.690  120.099      0.0    991.1    288.5    287.8      0.0    777.6     62.6     12.3    493.5
    24     1    26     1    10     3     0     3    -7.0   23.208  120.005      0.0    988.7    289.5    288.6      0.0    572.6     53.2     25.6    391.0
    25     1    26     1    10     3     0     3    -7.0   24.745  120.856    265.9    959.4    287.7    284.3      0.0    804.8     76.4      1.3    492.8
    26     1    26     1    10     3     0     3    -7.0   24.765  121.078    337.1    952.2    287.6    283.6      0.0    929.6     77.7      6.8    490.4
    27     1    26     1    10     3     0     3    -7.0   24.636  120.620    158.0    971.6    287.6    285.3      0.0    736.7     73.5      5.1    492.8
     1     1    26     1    10     2     0     2    -8.0   24.299  120.326      0.0   1018.5    287.5    289.1      0.0    741.3     62.9      5.7    335.1
     2     1    26     1    10     2     0     2    -8.0   24.505  120.571      0.0   1019.2    287.4    288.9      0.0    835.8     61.5      0.0    335.1
     3     1    26     1    10     2     0     2    -8.0   23.929  120.159      0.0   1018.7    288.3    289.8      0.0    740.0     59.7      0.0    336.1
     4     1    26     1    10     2     0     2    -8.0   23.227  119.993      0.0   1017.2    288.6    290.0      0.0    536.1     50.0     22.7    335.7
     5     1    26     1    10     2     0     2    -8.0   23.287  120.012      0.0   1017.6    288.7    290.2      0.0    647.0     53.4      7.6    339.7
     6     1    26     1    10     2     0     2    -8.0   23.249  119.920      0.0   1017.6    288.6    290.1      0.0    492.1     52.4     15.9    300.5
     7     1    26     1    10     2     0     2    -8.0   24.910  120.815      0.0   1020.0    287.0    288.7      0.0    869.2     60.4      0.0    335.1
     8     1    26     1    10     2     0     2    -8.0   24.928  121.014      0.5   1020.4    286.9    288.6      0.0    952.0     58.4      0.4    335.0
     9     1    26     1    10     2     0     2    -8.0   24.858  120.637      0.0   1019.4    287.2    288.7      0.0    819.8     62.0      0.0    335.1
    10     1    26     1    10     2     0     2    -8.0   24.292  120.323    249.9   1018.5    287.5    289.1      0.0    739.9     62.9      5.7    335.1
    11     1    26     1    10     2     0     2    -8.0   24.505  120.571    250.0   1019.2    287.4    288.9      0.0    835.8     61.5      0.0    335.1
    12     1    26     1    10     2     0     2    -8.0   23.928  120.159    250.0   1018.7    288.3    289.8      0.0    739.9     59.7      0.0    336.1
    13     1    26     1    10     2     0     2    -8.0   23.218  119.992    249.8   1017.2    288.6    290.0      0.0    532.8     50.0     22.7    333.7
    14     1    26     1    10     2     0     2    -8.0   23.287  120.012    249.9   1017.6    288.7    290.2      0.0    647.0     53.4      7.6    339.7
    15     1    26     1    10     2     0     2    -8.0   23.249  119.920    249.8   1017.6    288.6    290.1      0.0    492.1     52.4     15.9    300.5
    16     1    26     1    10     2     0     2    -8.0   24.910  120.815    250.0   1020.0    287.0    288.7      0.0    869.2     60.4      0.0    335.1
    17     1    26     1    10     2     0     2    -8.0   24.928  121.014    250.0   1020.4    286.9    288.6      0.0    952.0     58.4      0.4    335.0
    18     1    26     1    10     2     0     2    -8.0   24.858  120.637    250.0   1019.4    287.2    288.7      0.0    819.8     62.0      0.0    335.1
    19     1    26     1    10     2     0     2    -8.0   24.695  120.604     38.4    984.5    287.5    286.2      0.0    806.1     68.0     13.7    335.1
    20     1    26     1    10     2     0     2    -8.0   24.782  120.894     99.7    978.3    287.5    285.7      0.0    916.0     68.6     11.7    332.4
    21     1    26     1    10     2     0     2    -8.0   24.037  120.217      0.0    992.7    287.9    287.3      0.0    751.5     66.7      0.0    335.1
    22     1    26     1    10     2     0     2    -8.0   23.410  120.021      0.0    988.5    288.8    287.9      0.0    593.4     57.7     27.1    340.6
    23     1    26     1    10     2     0     2    -8.0   23.972  120.175      0.0    988.7    287.7    286.7      0.0    687.5     67.0     16.4    335.1
    24     1    26     1    10     2     0     2    -8.0   23.243  119.973      1.3    988.8    288.9    288.0      0.0    457.8     55.0     20.9    288.1
    25     1    26     1    10     2     0     2    -8.0   24.998  121.074    280.8    958.1    287.4    283.9      0.0    918.0     76.1      7.3    333.5
    26     1    26     1    10     2     0     2    -8.0   24.948  121.325    381.6    946.4    287.4    282.9      0.0    990.3     78.0     10.9    333.1
    27     1    26     1    10     2     0     2    -8.0   24.946  120.800    196.8    966.9    287.3    284.5      0.0    819.2     74.0      6.6    335.1
     1     1    26     1    10     1     0     1    -9.0   24.586  120.470      0.4   1019.4    287.1    288.7      0.0    831.8     62.3      0.0    177.5
     2     1    26     1    10     1     0     1    -9.0   24.752  120.744      0.0   1020.0    287.1    288.7      0.0    952.3     60.8      0.0    177.5
     3     1    26     1    10     1     0     1    -9.0   24.159  120.224      0.0   1018.9    287.7    289.3      0.0    727.0     62.7      0.0    177.5
     4     1    26     1    10     1     0     1    -9.0   23.295  119.996      0.0   1017.5    287.4    288.9      0.0    410.6     54.0     18.9    180.1
     5     1    26     1    10     1     0     1    -9.0   23.413  120.034      0.0   1016.5    287.8    289.2      0.0    577.5     58.2     13.4    178.6
     6     1    26     1    10     1     0     1    -9.0   23.318  119.924      0.0   1017.6    287.8    289.3      0.0    400.9     54.9     16.3    165.5
     7     1    26     1    10     1     0     1    -9.0   25.145  120.991      0.0   1020.0    286.8    288.4      0.0    939.1     58.6      0.0    177.5
     8     1    26     1    10     1     0     1    -9.0   25.118  121.198      0.6   1020.0    286.7    288.3      0.0    973.4     56.9      0.0    177.5
     9     1    26     1    10     1     0     1    -9.0   25.129  120.800      0.0   1019.7    286.8    288.4      0.0    871.6     60.2      0.0    177.5
    10     1    26     1    10     1     0     1    -9.0   24.579  120.466    250.4   1019.4    287.1    288.7      0.0    830.0     62.3      0.0    177.5
    11     1    26     1    10     1     0     1    -9.0   24.752  120.744    250.0   1020.0    287.1    288.7      0.0    952.3     60.8      0.0    177.5
    12     1    26     1    10     1     0     1    -9.0   24.158  120.223    250.0   1018.9    287.7    289.3      0.0    726.8     62.7      0.0    177.5
    13     1    26     1    10     1     0     1    -9.0   23.285  119.995    249.8   1017.5    287.4    288.9      0.0    407.9     54.0     19.8    180.1
    14     1    26     1    10     1     0     1    -9.0   23.413  120.034    249.9   1016.5    287.8    289.2      0.0    577.4     58.2     13.4    178.6
    15     1    26     1    10     1     0     1    -9.0   23.318  119.924    249.8   1017.6    287.8    289.3      0.0    400.9     54.9     16.3    165.5
    16     1    26     1    10     1     0     1    -9.0   25.145  120.991    250.0   1020.0    286.8    288.4      0.0    939.1     58.6      0.0    177.5
    17     1    26     1    10     1     0     1    -9.0   25.118  121.198    250.1   1020.0    286.7    288.3      0.0    973.4     56.9      0.0    177.5
    18     1    26     1    10     1     0     1    -9.0   25.129  120.800    250.0   1019.7    286.8    288.4      0.0    871.6     60.2      0.0    177.5
    19     1    26     1    10     1     0     1    -9.0   24.954  120.808     40.2    985.2    287.1    285.9      0.0    885.4     68.0     11.0    177.0
    20     1    26     1    10     1     0     1    -9.0   24.961  121.125     92.5    979.4    287.3    285.6      0.0    997.0     68.2     11.0    176.1
    21     1    26     1    10     1     0     1    -9.0   24.334  120.313      0.0    989.9    287.3    286.5      0.0    718.0     68.8      5.9    177.5
    22     1    26     1    10     1     0     1    -9.0   23.541  120.035      0.0    988.8    288.0    287.1      0.0    493.7     62.5     23.0    179.8
    23     1    26     1    10     1     0     1    -9.0   24.281  120.329      9.1    984.9    287.3    286.0      0.0    755.8     68.1     41.8    177.5
    24     1    26     1    10     1     0     1    -9.0   23.301  119.964      4.2    988.5    288.3    287.4      0.0    351.5     56.8     20.0    161.3
    25     1    26     1    10     1     0     1    -9.0   25.181  121.311    327.1    951.9    287.3    283.2      0.0    959.1     76.9     12.9    176.4
    26     1    26     1    10     1     0     1    -9.0   25.058  121.555    373.6    945.9    287.4    282.8      0.0   1032.3     78.2     20.3    169.5
    27     1    26     1    10     1     0     1    -9.0   25.206  121.015    221.6    965.1    287.0    284.1      0.0    918.3     74.4      2.7    177.3
     1     1    26     1    10     0     0     0   -10.0   24.838  120.641      0.0   1019.6    286.8    288.4      0.0    877.8     61.0      0.0     19.8
     2     1    26     1    10     0     0     0   -10.0   24.948  120.923      4.0   1019.0    286.8    288.3      0.0    961.3     59.4      3.4     19.8
     3     1    26     1    10     0     0     0   -10.0   24.435  120.338      0.0   1018.0    286.9    288.4      0.0    726.2     64.3      8.3     19.8
     4     1    26     1    10     0     0     0   -10.0   23.382  120.017      0.0   1015.7    286.5    287.8      0.0    278.0     58.5     26.9     19.8
     5     1    26     1    10     0     0     0   -10.0   23.582  120.086      0.0   1016.2    287.0    288.3      0.0    532.8     61.6     15.4     19.8
     6     1    26     1    10     0     0     0   -10.0   23.401  119.945      0.0   1017.6    286.7    288.2      0.0    285.2     57.4     18.2     19.8
     7     1    26     1    10     0     0     0   -10.0   25.332  121.166      0.1   1019.6    286.5    288.1      0.0    960.3     57.5      0.0     19.8
     8     1    26     1    10     0     0     0   -10.0   25.272  121.366      0.3   1019.6    286.4    288.0      0.0    964.3     55.4      0.0     19.8
     9     1    26     1    10     0     0     0   -10.0   25.360  120.976      0.0   1019.6    286.6    288.2      0.0    934.8     58.7      0.0     19.8
    10     1    26     1    10     0     0     0   -10.0   24.831  120.637    250.0   1019.6    286.8    288.4      0.0    876.6     61.0      0.0     19.8
    11     1    26     1    10     0     0     0   -10.0   24.948  120.923    254.0   1019.0    286.8    288.3      0.0    961.3     59.4      3.4     19.8
    12     1    26     1    10     0     0     0   -10.0   24.434  120.338    249.9   1018.0    286.9    288.4      0.0    726.0     64.3      8.3     19.8
    13     1    26     1    10     0     0     0   -10.0   23.371  120.015    249.7   1015.9    286.4    287.7      0.0    274.8     58.4     26.5     19.8
    14     1    26     1    10     0     0     0   -10.0   23.582  120.086    249.8   1016.2    287.0    288.3      0.0    532.8     61.6     15.4     19.8
    15     1    26     1    10     0     0     0   -10.0   23.401  119.945    249.8   1017.6    286.7    288.2      0.0    285.2     57.4     18.2     19.8
    16     1    26     1    10     0     0     0   -10.0   25.332  121.166    250.1   1019.6    286.5    288.1      0.0    960.3     57.5      0.0     19.8
    17     1    26     1    10     0     0     0   -10.0   25.272  121.366    250.0   1019.6    286.4    288.0      0.0    964.3     55.4      0.0     19.8
    18     1    26     1    10     0     0     0   -10.0   25.360  120.976    250.0   1019.6    286.6    288.2      0.0    934.8     58.7      0.0     19.8
    19     1    26     1    10     0     0     0   -10.0   25.149  121.026     44.1    983.9    286.9    285.6      0.0    905.0     68.0     13.4     19.8
    20     1    26     1    10     0     0     0   -10.0   25.085  121.334     49.7    982.2    287.2    285.8      0.0   1002.3     66.6     26.5     18.1
    21     1    26     1    10     0     0     0   -10.0   24.653  120.469     31.2    986.0    286.9    285.7      0.0    779.5     70.4      7.9     19.8
    22     1    26     1    10     0     0     0   -10.0   23.746  120.086      0.0    989.3    287.1    286.2      0.0    476.3     66.5     19.9     19.8
    23     1    26     1    10     0     0     0   -10.0   24.544  120.522      7.6    988.9    286.9    285.9      0.0    797.4     68.2     11.2     19.8
    24     1    26     1    10     0     0     0   -10.0   23.391  119.975      3.9    988.6    287.6    286.6      0.0    234.8     58.4     21.1     19.8
    25     1    26     1    10     0     0     0   -10.0   25.300  121.533    316.2    952.9    287.3    283.3      0.0   1066.4     76.9     12.5     19.0
    26     1    26     1    10     0     0     0   -10.0   25.123  121.746    386.4    939.7    287.3    282.2      0.0    877.3     79.9     59.8     15.8
    27     1    26     1    10     0     0     0   -10.0   25.401  121.240    268.6    958.2    286.9    283.4      0.0    924.9     76.0      8.9     19.8
     1     1    26     1     9    23     0     1   -11.0   25.046  120.808      0.3   1018.3    286.8    288.2      0.0    891.9     60.6      4.5     13.2
     2     1    26     1     9    23     0     1   -11.0   25.110  121.085      4.2   1019.1    286.8    288.3      0.0    984.2     57.9      0.0     13.2
     3     1    26     1     9    23     0     1   -11.0   24.689  120.480      1.6   1018.2    286.9    288.4      0.0    744.1     63.2      5.3     13.2
     4     1    26     1     9    23     0     1   -11.0   23.480  120.053      0.9   1012.5    286.5    287.5      0.0    260.0     59.5     43.0     13.2
     5     1    26     1     9    23     0     1   -11.0   23.764  120.161      0.0   1015.6    286.5    287.7      0.0    473.6     62.9     15.1     13.2
     6     1    26     1     9    23     0     1   -11.0   23.495  119.974      0.0   1017.0    286.2    287.6      0.0    256.6     58.3     21.0     13.2
     7     1    26     1     9    23     0     1   -11.0   25.488  121.318      0.0   1019.4    286.4    288.0      0.0    923.7     56.3      0.0     13.2
     8     1    26     1     9    23     0     1   -11.0   25.404  121.503      0.3   1019.3    286.4    288.0      0.0    951.5     54.6      0.0     13.2
     9     1    26     1     9    23     0     1   -11.0   25.542  121.135      0.6   1019.0    286.5    288.1      0.0    933.7     58.0      0.0     13.2
    10     1    26     1     9    23     0     1   -11.0   25.040  120.804    250.1   1018.3    286.8    288.3      0.0    894.8     60.6      4.3     13.2
    11     1    26     1     9    23     0     1   -11.0   25.110  121.085    254.2   1019.1    286.8    288.3      0.0    984.2     57.9      0.0     13.2
    12     1    26     1     9    23     0     1   -11.0   24.688  120.480    251.6   1018.2    286.9    288.4      0.0    743.5     63.2      5.4     13.2
    13     1    26     1     9    23     0     1   -11.0   23.467  120.051    250.5   1012.6    286.5    287.5      0.0    257.7     59.5     43.1     13.2
    14     1    26     1     9    23     0     1   -11.0   23.764  120.161    249.8   1015.6    286.5    287.7      0.0    473.5     62.9     15.1     13.2
    15     1    26     1     9    23     0     1   -11.0   23.495  119.974    249.8   1017.0    286.2    287.6      0.0    256.6     58.3     21.0     13.2
    16     1    26     1     9    23     0     1   -11.0   25.488  121.318    250.0   1019.4    286.4    288.0      0.0    923.7     56.3      0.0     13.2
    17     1    26     1     9    23     0     1   -11.0   25.404  121.503    250.0   1019.3    286.4    288.0      0.0    951.5     54.6      0.0     13.2
    18     1    26     1     9    23     0     1   -11.0   25.542  121.135    250.6   1019.0    286.5    288.1      0.0    933.7     58.0      0.0     13.2
    19     1    26     1     9    23     0     1   -11.0   25.290  121.220     16.6    988.5    287.2    286.2      0.0   1065.3     65.4      0.0     13.2
    20     1    26     1     9    23     0     1   -11.0   25.170  121.497     59.5    979.1    287.2    285.4      0.0    914.5     66.7     38.0     11.5
    21     1    26     1     9    23     0     1   -11.0   24.927  120.652     37.8    982.8    286.9    285.5      0.0    735.0     69.1     27.1     13.2
    22     1    26     1     9    23     0     1   -11.0   23.986  120.171      2.4    986.4    286.9    285.8      0.0    441.8     67.0     17.3     13.2
    23     1    26     1     9    23     0     1   -11.0   24.743  120.715      9.7    986.1    287.1    285.9      0.0    693.4     67.9     23.3     13.2
    24     1    26     1     9    23     0     1   -11.0   23.526  120.008      6.4    986.5    287.7    286.5      0.0    221.4     58.2     30.3     13.2
    25     1    26     1     9    23     0     1   -11.0   25.375  121.708    309.3    949.0    287.2    283.0      0.0    862.6     76.9     49.7     11.0
    26     1    26     1     9    23     0     1   -11.0   25.165  121.894    405.7    941.6    287.3    282.4      0.0   1043.1     78.3     21.7     12.4
    27     1    26     1     9    23     0     1   -11.0   25.534  121.443    273.3    958.6    287.1    283.7      0.0   1057.1     75.1      0.0     13.2
     1     1    26     1     9    22     0     2   -12.0   25.212  120.945      4.0   1018.0    286.7    288.2      0.0    893.9     59.6      2.8      6.6
     2     1    26     1     9    22     0     2   -12.0   25.246  121.213      2.2   1018.5    286.7    288.2      0.0    944.1     56.8      0.0      6.6
     3     1    26     1     9    22     0     2   -12.0   24.891  120.620      2.9   1014.5    286.6    287.8      0.0    670.3     62.8     31.8      6.6
     4     1    26     1     9    22     0     2   -12.0   23.575  120.098     10.3   1010.4    286.4    287.2      0.0    241.1     60.2     56.9      6.6
     5     1    26     1     9    22     0     2   -12.0   23.921  120.245      2.4   1015.1    286.3    287.5      0.0    413.8     63.2     22.9      6.6
     6     1    26     1     9    22     0     2   -12.0   23.589  120.009      0.6   1015.3    285.9    287.1      0.0    218.3     59.3     23.9      6.6
     7     1    26     1     9    22     0     2   -12.0   25.624  121.433      0.0   1019.1    286.3    287.9      0.0    908.7     55.7      0.0      6.6
     8     1    26     1     9    22     0     2   -12.0   25.519  121.603      0.3   1019.7    286.2    287.8      0.0    928.9     54.1      0.0      6.6
     9     1    26     1     9    22     0     2   -12.0   25.700  121.264      0.6   1019.3    286.3    287.9      0.0    891.8     57.2      0.0      6.6
    10     1    26     1     9    22     0     2   -12.0   25.206  120.941    253.9   1017.9    286.7    288.1      0.0    887.7     59.6      3.1      6.6
    11     1    26     1     9    22     0     2   -12.0   25.246  121.213    252.2   1018.5    286.7    288.2      0.0    944.1     56.8      0.0      6.6
    12     1    26     1     9    22     0     2   -12.0   24.890  120.620    252.6   1014.5    286.6    287.8      0.0    670.1     62.8     31.9      6.6
    13     1    26     1     9    22     0     2   -12.0   23.561  120.095    259.9   1010.3    286.4    287.2      0.0    236.3     60.2     57.8      6.6
    14     1    26     1     9    22     0     2   -12.0   23.921  120.245    252.1   1015.1    286.2    287.5      0.0    413.7     63.2     22.9      6.6
    15     1    26     1     9    22     0     2   -12.0   23.589  120.009    250.4   1015.3    285.9    287.1      0.0    218.3     59.3     23.9      6.6
    16     1    26     1     9    22     0     2   -12.0   25.624  121.433    250.0   1019.1    286.3    287.9      0.0    908.7     55.7      0.0      6.6
    17     1    26     1     9    22     0     2   -12.0   25.519  121.603    250.0   1019.7    286.2    287.8      0.0    928.9     54.1      0.0      6.6
    18     1    26     1     9    22     0     2   -12.0   25.700  121.264    250.6   1019.3    286.3    287.9      0.0    891.8     57.2      0.0      6.6
    19     1    26     1     9    22     0     2   -12.0   25.396  121.370      0.0    988.0    287.1    286.1      0.0    910.0     64.7     23.9      6.1
    20     1    26     1     9    22     0     2   -12.0   25.234  121.620     68.2    981.3    287.2    285.7      0.0   1091.6     64.9      4.7      6.5
    21     1    26     1     9    22     0     2   -12.0   25.135  120.820     37.5    983.0    286.9    285.5      0.0    703.8     68.6     22.9      6.6
    22     1    26     1     9    22     0     2   -12.0   24.212  120.275     33.8    979.5    287.3    285.6      0.0    411.9     66.7     52.1      6.6
    23     1    26     1     9    22     0     2   -12.0   24.890  120.878      0.0    986.6    286.9    285.8      0.0    715.1     67.1     31.9      6.6
    24     1    26     1     9    22     0     2   -12.0   23.690  120.063     25.2    979.4    288.2    286.4      0.0    209.8     60.0     58.4      6.6
    25     1    26     1     9    22     0     2   -12.0   25.424  121.841    316.5    950.5    287.3    283.1      0.0    967.2     75.9     25.7      6.1
    26     1    26     1     9    22     0     2   -12.0   25.196  122.003    404.3    943.1    287.4    282.6      0.0   1146.3     77.2      5.0      6.6
    27     1    26     1     9    22     0     2   -12.0   25.632  121.600    237.2    959.6    287.1    283.7      0.0    915.0     73.7     22.7      6.1