    10     1
    GFSQ    26     1     1     0     0
    GFSQ    26     1     2     0     0
    GFSQ    26     1     3     0     0
    GFSQ    26     1     4     0     0
    GFSQ    26     1     5     0     0
    GFSQ    26     1     6     0     0
    GFSQ    26     1     7     0     0
    GFSQ    26     1     8     0     0
    GFSQ    26     1     9     0     0
    GFSQ    26     1    10     0     0
    27 BACKWARD OMEGA   
    26     1     9    19   22.711  120.310    10.0
    26     1     9    19   22.711  120.310    10.0
    26     1     9    19   22.711  120.310    10.0
    26     1     9    19   22.711  120.310    10.0
    26     1     9    19   22.711  120.310    10.0
    26     1     9    19   22.711  120.310    10.0
    26     1     9    19   22.711  120.310    10.0
    26     1     9    19   22.711  120.310    10.0
    26     1     9    19   22.711  120.310    10.0
    26     1     9    19   22.711  120.310    10.0
    26     1     9    19   22.711  120.310    10.0
    26     1     9    19   22.711  120.310    10.0
    26     1     9    19   22.711  120.310    10.0
    26     1     9    19   22.711  120.310    10.0
    26     1     9    19   22.711  120.310    10.0
    26     1     9    19   22.711  120.310    10.0
    26     1     9    19   22.711  120.310    10.0
    26     1     9    19   22.711  120.310    10.0
    26     1     9    19   22.711  120.310    10.0
    26     1     9    19   22.711  120.310    10.0
    26     1     9    19   22.711  120.310    10.0
    26     1     9    19   22.711  120.310    10.0
    26     1     9    19   22.711  120.310    10.0
    26     1     9    19   22.711  120.310    10.0
    26     1     9    19   22.711  120.310    10.0
    26     1     9    19   22.711  120.310    10.0
    26     1     9    19   22.711  120.310    10.0
     8 PRESSURE THETA    AIR_TEMP RAINFALL MIXDEPTH RELHUMID TERR_MSL SUN_FLUX
     1     1    26     1     9    19     0     1     0.0   22.711  120.310     10.0   1014.6    287.4    288.6      0.0    198.3     57.6     34.8      0.0
     2     1    26     1     9    19     0     1     0.0   22.711  120.310     10.0   1011.9    286.2    287.2      0.0    137.6     59.9     51.7      0.0
     3     1    26     1     9    19     0     1     0.0   22.711  120.310     10.0   1015.9    289.2    290.5      0.0    401.2     59.9     11.2      0.0
     4     1    26     1     9    19     0     1     0.0   22.711  120.310     10.0    983.4    288.6    287.2      0.0     73.1     61.3    288.6      0.0
     5     1    26     1     9    19     0     1     0.0   22.711  120.310     10.0    972.5    287.9    285.5      0.0     25.3     65.6    381.9      0.0
     6     1    26     1     9    19     0     1     0.0   22.711  120.310     10.0    995.2    289.1    288.7      0.0    170.9     63.1    194.3      0.0
     7     1    26     1     9    19     0     1     0.0   22.711  120.310     10.0   1017.6    288.5    289.9      0.0    511.3     58.5      4.7      0.0
     8     1    26     1     9    19     0     1     0.0   22.711  120.310     10.0   1017.3    287.9    289.3      0.0    472.7     59.1      5.6      0.0
     9     1    26     1     9    19     0     1     0.0   22.711  120.310     10.0   1017.5    289.4    290.8      0.0    596.8     60.9      0.0      0.0
    10     1    26     1     9    19     0     1     0.0   22.711  120.310     10.0   1014.6    287.4    288.6      0.0    198.3     57.6     34.8      0.0
    11     1    26     1     9    19     0     1     0.0   22.711  120.310     10.0   1011.9    286.2    287.2      0.0    137.6     59.9     51.7      0.0
    12     1    26     1     9    19     0     1     0.0   22.711  120.310     10.0   1015.9    289.2    290.5      0.0    401.2     59.9     11.2      0.0
    13     1    26     1     9    19     0     1     0.0   22.711  120.310     10.0    983.4    288.6    287.2      0.0     73.1     61.3    288.6      0.0
    14     1    26     1     9    19     0     1     0.0   22.711  120.310     10.0    972.5    287.9    285.5      0.0     25.3     65.6    381.9      0.0
    15     1    26     1     9    19     0     1     0.0   22.711  120.310     10.0    995.2    289.1    288.7      0.0    170.9     63.1    194.3      0.0
    16     1    26     1     9    19     0     1     0.0   22.711  120.310     10.0   1017.6    288.5    289.9      0.0    511.3     58.5      4.7      0.0
    17     1    26     1     9    19     0     1     0.0   22.711  120.310     10.0   1017.3    287.9    289.3      0.0    472.7     59.1      5.6      0.0
    18     1    26     1     9    19     0     1     0.0   22.711  120.310     10.0   1017.5    289.4    290.8      0.0    596.8     60.9      0.0      0.0
    19     1    26     1     9    19     0     1     0.0   22.711  120.310     10.0    985.1    288.8    287.5      0.0    198.3     60.7     34.8      0.0
    20     1    26     1     9    19     0     1     0.0   22.711  120.310     10.0    982.4    288.6    287.2      0.0    137.6     57.6     51.7      0.0
    21     1    26     1     9    19     0     1     0.0   22.711  120.310     10.0    986.5    289.4    288.3      0.0    401.2     67.4     11.2      0.0
    22     1    26     1     9    19     0     1     0.0   22.711  120.310     10.0    955.0    290.7    286.8      0.0     73.1     62.2    288.6      0.0
    23     1    26     1     9    19     0     1     0.0   22.711  120.310     10.0    944.4    291.2    286.4      0.0     25.3     60.6    381.9      0.0
    24     1    26     1     9    19     0     1     0.0   22.711  120.310     10.0    966.4    290.2    287.3      0.0    170.9     67.7    194.3      0.0
    25     1    26     1     9    19     0     1     0.0   22.711  120.310     10.0    988.0    288.7    287.7      0.0    511.3     64.4      4.7      0.0
    26     1    26     1     9    19     0     1     0.0   22.711  120.310     10.0    987.7    288.3    287.3      0.0    472.7     63.6      5.6      0.0
    27     1    26     1     9    19     0     1     0.0   22.711  120.310     10.0    988.0    289.3    288.3      0.0    596.8     68.5      0.0      0.0
     1     1    26     1     9    18     0     0    -1.0   22.800  120.316     27.0   1011.8    287.2    288.1      0.0    167.7     57.3     43.8      0.0
     2     1    26     1     9    18     0     0    -1.0   22.794  120.333     33.7   1006.2    286.4    286.9      0.0    128.3     60.1     75.5      0.0
     3     1    26     1     9    18     0     0    -1.0   22.800  120.300     24.2   1014.6    288.8    290.0      0.0    338.3     58.6     16.0      0.0
     4     1    26     1     9    18     0     0    -1.0   22.757  120.322     95.6    966.8    289.8    286.9      0.0     62.1     60.2    348.0      0.0
     5     1    26     1     9    18     0     0    -1.0   22.758  120.324     95.9    954.1    290.0    286.0      0.0     17.8     61.4    461.3      0.0
     6     1    26     1     9    18     0     0    -1.0   22.769  120.325     89.7    978.1    289.7    287.8      0.0    103.9     62.5    265.1      0.0
     7     1    26     1     9    18     0     0    -1.0   22.849  120.341     10.0   1017.4    288.0    289.4      0.0    461.0     58.0      8.6      0.0
     8     1    26     1     9    18     0     0    -1.0   22.861  120.362     10.0   1017.2    287.3    288.7      0.0    428.8     59.5     10.5      0.0
     9     1    26     1     9    18     0     0    -1.0   22.827  120.312      9.9   1017.7    289.0    290.5      0.0    561.6     59.3      1.8      0.0
    10     1    26     1     9    18     0     0    -1.0   22.798  120.317    266.7   1013.0    287.1    288.2      0.0    167.9     57.3     43.8      0.0
    11     1    26     1     9    18     0     0    -1.0   22.790  120.333    274.2   1007.3    286.3    286.9      0.0    128.1     60.3     74.5      0.0
    12     1    26     1     9    18     0     0    -1.0   22.799  120.301    264.1   1015.8    288.8    290.1      0.0    337.4     58.5     16.2      0.0
    13     1    26     1     9    18     0     0    -1.0   22.757  120.322    339.0    967.0    289.7    286.9      0.0     62.0     60.2    349.5      0.0
    14     1    26     1     9    18     0     0    -1.0   22.758  120.326    338.0    953.8    290.0    286.0      0.0     17.8     61.5    467.8      0.0
    15     1    26     1     9    18     0     0    -1.0   22.769  120.326    331.6    978.5    289.7    287.8      0.0    103.6     62.5    267.0      0.0
    16     1    26     1     9    18     0     0    -1.0   22.849  120.341    249.9   1017.4    288.0    289.4      0.0    461.0     58.0      8.6      0.0
    17     1    26     1     9    18     0     0    -1.0   22.861  120.362    249.9   1017.2    287.3    288.7      0.0    428.8     59.5     10.5      0.0
    18     1    26     1     9    18     0     0    -1.0   22.827  120.312    250.0   1017.7    289.0    290.5      0.0    561.6     59.3      1.8      0.0
    19     1    26     1     9    18     0     0    -1.0   22.784  120.317      8.5    984.7    288.6    287.4      0.0    169.8     59.0     43.0      0.0
    20     1    26     1     9    18     0     0    -1.0   22.806  120.332     17.4    978.7    288.6    286.8      0.0    130.4     58.2     77.0      0.0
    21     1    26     1     9    18     0     0    -1.0   22.779  120.296      0.0    989.6    289.3    288.4      0.0    358.7     64.7     13.0      0.0
    22     1    26     1     9    18     0     0    -1.0   22.740  120.306     14.9    954.8    290.6    286.7      0.0     69.5     61.8    285.1      0.0
    23     1    26     1     9    18     0     0    -1.0   22.742  120.302      4.3    947.4    291.0    286.4      0.0     19.4     60.5    360.9      0.0
    24     1    26     1     9    18     0     0    -1.0   22.753  120.312     32.7    960.9    290.4    287.1      0.0    113.3     67.3    224.4      0.0
    25     1    26     1     9    18     0     0    -1.0   22.846  120.336     12.8    987.6    288.5    287.4      0.0    471.2     62.8      8.0      0.0
    26     1    26     1     9    18     0     0    -1.0   22.878  120.360     14.7    987.1    288.0    286.9      0.0    436.3     63.3     10.3      0.0
    27     1    26     1     9    18     0     0    -1.0   22.816  120.309      0.0    989.8    289.1    288.2      0.0    566.9     66.2      1.4      0.0
     1     1    26     1     9    17     0     1    -2.0   22.894  120.324     45.3   1008.2    287.1    287.7      0.0    167.7     57.6     53.3      0.0
     2     1    26     1     9    17     0     1    -2.0   22.881  120.362     66.1    998.4    287.0    286.9      0.0    133.8     59.7    118.3      0.0
     3     1    26     1     9    17     0     1    -2.0   22.896  120.286     35.0   1013.4    288.3    289.4      0.0    315.4     56.5     22.3      0.0
     4     1    26     1     9    17     0     1    -2.0   22.797  120.323    126.2    961.1    290.1    286.8      0.0     61.0     60.0    369.2      0.0
     5     1    26     1     9    17     0     1    -2.0   22.798  120.327    122.0    948.6    290.4    285.9      0.0     18.1     61.1    492.1      0.0
     6     1    26     1     9    17     0     1    -2.0   22.821  120.323    128.7    971.9    290.1    287.7      0.0    132.8     63.2    278.4      0.0
     7     1    26     1     9    17     0     1    -2.0   22.990  120.379     10.0   1017.4    287.4    288.8      0.0    403.0     58.5     12.0      0.0
     8     1    26     1     9    17     0     1    -2.0   22.998  120.415     10.0   1018.0    286.9    288.3      0.0    390.9     58.9     15.4      0.0
     9     1    26     1     9    17     0     1    -2.0   22.957  120.326     10.1   1018.2    288.6    290.1      0.0    541.7     57.7      5.8      0.0
    10     1    26     1     9    17     0     1    -2.0   22.889  120.325    285.6   1009.3    287.0    287.8      0.0    168.6     57.6     53.1      0.0
    11     1    26     1     9    17     0     1    -2.0   22.874  120.361    307.1    999.6    287.0    286.9      0.0    133.7     59.8    115.6      0.0
    12     1    26     1     9    17     0     1    -2.0   22.895  120.288    275.3   1014.5    288.3    289.5      0.0    314.9     56.4     22.6      0.0
    13     1    26     1     9    17     0     1    -2.0   22.797  120.324    371.4    961.0    290.1    286.8      0.0     60.9     60.0    370.8      0.0
    14     1    26     1     9    17     0     1    -2.0   22.797  120.329    365.2    948.0    290.5    285.9      0.0     18.1     61.1    499.6      0.0
    15     1    26     1     9    17     0     1    -2.0   22.821  120.324    373.9    971.7    290.1    287.6      0.0    132.1     63.2    281.8      0.0
    16     1    26     1     9    17     0     1    -2.0   22.990  120.379    249.9   1017.4    287.4    288.8      0.0    403.0     58.5     12.0      0.0
    17     1    26     1     9    17     0     1    -2.0   22.998  120.415    249.8   1018.0    286.9    288.3      0.0    390.9     58.9     15.4      0.0
    18     1    26     1     9    17     0     1    -2.0   22.957  120.326    250.1   1018.2    288.6    290.1      0.0    541.7     57.7      5.8      0.0
    19     1    26     1     9    17     0     1    -2.0   22.864  120.325     15.6    982.7    288.6    287.2      0.0    173.8     58.2     51.2      0.0
    20     1    26     1     9    17     0     1    -2.0   22.896  120.356     41.8    972.4    288.8    286.5      0.0    140.8     58.9    117.0      0.0
    21     1    26     1     9    17     0     1    -2.0   22.854  120.278      0.0    992.9    289.0    288.4      0.0    360.4     61.0     16.3      0.0
    22     1    26     1     9    17     0     1    -2.0   22.759  120.299     18.2    956.5    290.5    286.8      0.0     76.1     60.7    265.8      0.0
    23     1    26     1     9    17     0     1    -2.0   22.765  120.294      0.0    951.0    290.6    286.4      0.0     18.1     59.9    341.9      0.0
    24     1    26     1     9    17     0     1    -2.0   22.784  120.296     32.2    964.9    290.4    287.4      0.0    163.4     66.6    188.4      0.0
    25     1    26     1     9    17     0     1    -2.0   22.997  120.373     21.0    986.6    288.2    287.1      0.0    411.5     61.9     11.5      0.0
    26     1    26     1     9    17     0     1    -2.0   23.054  120.419     33.9    985.5    287.6    286.4      0.0    393.8     62.8     12.4      0.0
    27     1    26     1     9    17     0     1    -2.0   22.936  120.318      0.0    990.5    288.8    288.0      0.0    560.4     63.6      4.7      0.0
     1     1    26     1     9    16     0     2    -3.0   22.989  120.338     61.5   1004.8    287.0    287.4      0.0    152.5     58.3     67.5      0.0
     2     1    26     1     9    16     0     2    -3.0   22.969  120.401    112.0    986.1    287.9    286.7      0.0    124.5     59.5    185.2      0.0
     3     1    26     1     9    16     0     2    -3.0   23.004  120.283     52.0   1011.2    287.7    288.6      0.0    250.9     54.7     32.0      0.0
     4     1    26     1     9    16     0     2    -3.0   22.827  120.318    143.9    960.0    290.2    286.8      0.0     61.4     59.6    362.8      0.0
     5     1    26     1     9    16     0     2    -3.0   22.824  120.332    144.7    943.0    290.8    285.9      0.0     18.4     60.8    526.7      0.0
     6     1    26     1     9    16     0     2    -3.0   22.857  120.314    149.7    970.7    290.2    287.7      0.0    157.6     62.9    266.4      0.0
     7     1    26     1     9    16     0     2    -3.0   23.126  120.423     10.1   1018.0    287.1    288.5      0.0    379.1     58.1     16.2      0.0
     8     1    26     1     9    16     0     2    -3.0   23.126  120.468     10.0   1018.0    286.7    288.2      0.0    361.1     57.6     10.2      0.0
     9     1    26     1     9    16     0     2    -3.0   23.101  120.361     11.1   1018.3    288.0    289.5      0.0    476.4     57.6     10.4      0.0
    10     1    26     1     9    16     0     2    -3.0   22.981  120.338    303.0   1005.9    287.0    287.5      0.0    154.7     58.2     66.7      0.0
    11     1    26     1     9    16     0     2    -3.0   22.960  120.399    352.3    987.5    287.8    286.8      0.0    125.3     59.4    180.2      0.0
    12     1    26     1     9    16     0     2    -3.0   23.001  120.285    290.8   1012.4    287.7    288.7      0.0    250.2     54.5     32.5      0.0
    13     1    26     1     9    16     0     2    -3.0   22.826  120.319    389.6    959.9    290.2    286.7      0.0     61.3     59.6    364.7      0.0
    14     1    26     1     9    16     0     2    -3.0   22.824  120.333    388.2    942.4    290.9    285.8      0.0     18.4     60.8    533.5      0.0
    15     1    26     1     9    16     0     2    -3.0   22.857  120.316    396.1    970.3    290.2    287.7      0.0    156.6     63.0    271.0      0.0
    16     1    26     1     9    16     0     2    -3.0   23.126  120.423    249.9   1018.0    287.1    288.5      0.0    379.1     58.1     16.2      0.0
    17     1    26     1     9    16     0     2    -3.0   23.126  120.468    249.9   1018.0    286.7    288.2      0.0    361.1     57.6     10.2      0.0
    18     1    26     1     9    16     0     2    -3.0   23.101  120.361    251.0   1018.5    288.0    289.5      0.0    476.4     57.6     10.4      0.0
    19     1    26     1     9    16     0     2    -3.0   22.952  120.344     35.3    978.6    288.8    287.0      0.0    157.2     57.8     67.0      0.0
    20     1    26     1     9    16     0     2    -3.0   22.976  120.393     80.6    961.8    289.5    286.2      0.0    134.3     59.2    179.1      0.0
    21     1    26     1     9    16     0     2    -3.0   22.937  120.275      0.0    989.6    288.7    287.8      0.0    322.1     58.8     23.7      0.0
    22     1    26     1     9    16     0     2    -3.0   22.770  120.289     19.7    959.7    290.4    286.9      0.0     84.4     59.4    235.3      0.0
    23     1    26     1     9    16     0     2    -3.0   22.780  120.293      4.4    950.5    290.6    286.3      0.0     18.4     59.5    344.2      0.0
    24     1    26     1     9    16     0     2    -3.0   22.803  120.272      2.4    975.2    290.2    288.1      0.0    220.3     64.3    125.5      0.0
    25     1    26     1     9    16     0     2    -3.0   23.169  120.432     41.4    984.7    287.8    286.6      0.0    375.0     61.3     17.0      0.0
    26     1    26     1     9    16     0     2    -3.0   23.249  120.495     74.4    980.6    287.5    285.9      0.0    345.0     62.4      0.1      0.0
    27     1    26     1     9    16     0     2    -3.0   23.079  120.352      8.8    989.1    288.4    287.5      0.0    495.4     62.6      9.5      0.0
     1     1    26     1     9    15     0     3    -4.0   23.081  120.360     79.5    999.5    287.4    287.3      0.0    161.6     58.4    102.3      0.0
     2     1    26     1     9    15     0     3    -4.0   23.043  120.454    188.9    971.4    288.9    286.5      0.0     92.5     58.2    239.2      0.0
     3     1    26     1     9    15     0     3    -4.0   23.128  120.290     80.0   1007.1    287.5    288.1      0.0    240.3     56.0     39.0      0.0
     4     1    26     1     9    15     0     3    -4.0   22.848  120.310    154.9    961.8    290.1    286.8      0.0     63.1     59.1    337.8      0.0
     5     1    26     1     9    15     0     3    -4.0   22.841  120.339    174.5    935.8    291.3    285.7      0.0     18.6     60.5    567.8      0.0
     6     1    26     1     9    15     0     3    -4.0   22.879  120.299    153.9    974.7    290.2    288.0      0.0    185.7     61.9    226.1      0.0
     7     1    26     1     9    15     0     3    -4.0   23.253  120.467     10.1   1018.2    287.0    288.4      0.0    380.8     56.8     20.1      0.0
     8     1    26     1     9    15     0     3    -4.0   23.246  120.523     12.0   1015.8    286.9    288.2      0.0    346.1     57.2     17.7      0.0
     9     1    26     1     9    15     0     3    -4.0   23.248  120.405     12.1   1018.4    287.4    288.9      0.0    401.6     57.7     14.5      0.0
    10     1    26     1     9    15     0     3    -4.0   23.070  120.358    320.4   1000.9    287.3    287.4      0.0    161.1     58.3     98.3      0.0
    11     1    26     1     9    15     0     3    -4.0   23.035  120.452    428.2    972.1    288.9    286.5      0.0     91.8     58.3    240.9      0.0
    12     1    26     1     9    15     0     3    -4.0   23.121  120.292    316.3   1008.6    287.5    288.2      0.0    240.9     55.7     39.3      0.0
    13     1    26     1     9    15     0     3    -4.0   22.848  120.310    401.1    961.6    290.1    286.8      0.0     63.0     59.2    339.8      0.0
    14     1    26     1     9    15     0     3    -4.0   22.841  120.341    417.5    935.3    291.3    285.6      0.0     18.6     60.5    574.0      0.0
    15     1    26     1     9    15     0     3    -4.0   22.879  120.301    401.6    974.0    290.2    288.0      0.0    184.4     62.0    232.0      0.0
    16     1    26     1     9    15     0     3    -4.0   23.253  120.467    249.9   1018.2    287.0    288.4      0.0    380.8     56.8     20.1      0.0
    17     1    26     1     9    15     0     3    -4.0   23.246  120.523    251.9   1016.0    286.9    288.2      0.0    346.1     57.1     17.7      0.0
    18     1    26     1     9    15     0     3    -4.0   23.247  120.405    251.8   1018.7    287.4    289.0      0.0    402.0     57.7     14.5      0.0
    19     1    26     1     9    15     0     3    -4.0   23.034  120.377     64.0    972.1    289.0    286.7      0.0    135.6     57.7     99.3      0.0
    20     1    26     1     9    15     0     3    -4.0   23.034  120.442    123.3    951.6    290.3    286.2      0.0    104.2     58.2    230.2      0.0
    21     1    26     1     9    15     0     3    -4.0   23.039  120.287     34.0    983.7    288.5    287.2      0.0    267.4     57.5     34.4      0.0
    22     1    26     1     9    15     0     3    -4.0   22.776  120.277     20.5    964.4    290.2    287.1      0.0     95.5     57.8    192.2      0.0
    23     1    26     1     9    15     0     3    -4.0   22.786  120.297     22.1    946.7    290.7    286.1      0.0     18.6     59.0    366.9      0.0
    24     1    26     1     9    15     0     3    -4.0   22.811  120.239      0.0    985.9    290.2    289.0      0.0    294.4     62.1     60.7      0.0
    25     1    26     1     9    15     0     3    -4.0   23.354  120.509     58.3    981.6    287.6    286.1      0.0    341.1     60.7     22.7      0.0
    26     1    26     1     9    15     0     3    -4.0   23.453  120.584    108.5    973.9    287.8    285.6      0.0    380.3     63.4     26.5      0.0
    27     1    26     1     9    15     0     3    -4.0   23.248  120.408     47.8    984.6    288.1    286.9      0.0    396.2     61.3     14.8      0.0
     1     1    26     1     9    14     0     2    -5.0   23.177  120.393    110.3    989.4    288.2    287.4      0.0    169.4     57.5    161.2     17.2
     2     1    26     1     9    14     0     2    -5.0   23.102  120.503    269.1    958.5    289.8    286.3      0.0     94.0     57.2    273.5     29.1
     3     1    26     1     9    14     0     2    -5.0   23.252  120.307     95.9   1003.6    287.7    288.0      0.0    236.0     56.1     52.9     18.6
     4     1    26     1     9    14     0     2    -5.0   22.866  120.302    163.9    963.3    290.3    287.1      0.0     66.2     58.5    316.7     43.5
     5     1    26     1     9    14     0     2    -5.0   22.856  120.346    206.2    928.8    291.9    285.6      0.0     21.1     60.0    602.0     20.6
     6     1    26     1     9    14     0     2    -5.0   22.895  120.285    150.6    979.8    290.2    288.4      0.0    208.4     60.0    185.3     53.9
     7     1    26     1     9    14     0     2    -5.0   23.383  120.509     10.6   1016.9    287.2    288.6      0.0    400.3     55.8     19.7     33.4
     8     1    26     1     9    14     0     2    -5.0   23.387  120.585     20.9   1012.8    287.2    288.3      0.0    399.0     57.3     38.5     50.9
     9     1    26     1     9    14     0     2    -5.0   23.392  120.445     12.1   1018.2    287.5    289.0      0.0    425.7     56.0     18.2     17.0
    10     1    26     1     9    14     0     2    -5.0   23.166  120.389    349.2    991.4    288.2    287.4      0.0    172.5     57.5    153.5     17.4
    11     1    26     1     9    14     0     2    -5.0   23.094  120.502    509.0    959.5    289.8    286.4      0.0     88.8     57.2    271.1     28.2
    12     1    26     1     9    14     0     2    -5.0   23.242  120.307    332.0   1005.3    287.7    288.1      0.0    236.3     55.8     52.2     19.9
    13     1    26     1     9    14     0     2    -5.0   22.866  120.303    410.4    963.1    290.3    287.1      0.0     66.1     58.5    318.7     43.5
    14     1    26     1     9    14     0     2    -5.0   22.856  120.347    448.5    928.4    291.9    285.6      0.0     21.1     60.0    607.3     20.5
    15     1    26     1     9    14     0     2    -5.0   22.894  120.287    399.6    978.9    290.2    288.4      0.0    206.8     60.2    192.4     54.0
    16     1    26     1     9    14     0     2    -5.0   23.383  120.509    250.4   1017.0    287.2    288.6      0.0    400.4     55.8     19.7     33.4
    17     1    26     1     9    14     0     2    -5.0   23.380  120.582    261.5   1013.9    287.2    288.3      0.0    399.1     57.2     38.4     50.9
    18     1    26     1     9    14     0     2    -5.0   23.389  120.444    251.8   1018.4    287.5    289.0      0.0    425.6     56.0     18.2     17.0
    19     1    26     1     9    14     0     2    -5.0   23.105  120.415     90.5    963.4    289.7    286.6      0.0    129.1     57.8    152.1     19.9
    20     1    26     1     9    14     0     2    -5.0   23.074  120.490    167.4    943.1    290.9    286.1      0.0     88.0     57.6    263.3     25.7
    21     1    26     1     9    14     0     2    -5.0   23.146  120.313     69.9    977.7    289.0    287.2      0.0    246.1     56.4     49.1     35.6
    22     1    26     1     9    14     0     2    -5.0   22.780  120.269     21.7    967.5    290.3    287.5      0.0    107.7     57.2    163.5     55.1
    23     1    26     1     9    14     0     2    -5.0   22.793  120.305     45.2    940.7    291.2    286.1      0.0     21.1     58.9    400.5     23.6
    24     1    26     1     9    14     0     2    -5.0   22.814  120.214      0.0    987.1    290.2    289.1      0.0    348.1     60.9     55.3     49.8
    25     1    26     1     9    14     0     2    -5.0   23.545  120.590     97.3    972.4    288.2    285.9      0.0    361.9     61.7     57.6     50.2
    26     1    26     1     9    14     0     2    -5.0   23.666  120.679    119.5    973.6    287.6    285.5      0.0    430.1     62.9     24.4     41.4
    27     1    26     1     9    14     0     2    -5.0   23.430  120.476     79.1    980.5    288.1    286.4      0.0    397.5     59.9     21.2     15.6
     1     1    26     1     9    13     0     1    -6.0   23.284  120.426    144.0    980.0    288.9    287.2      0.0    177.5     56.7    212.5     40.0
     2     1    26     1     9    13     0     1    -6.0   23.165  120.540    309.3    940.2    290.8    285.6      0.0    171.0     57.9    405.0     68.4
     3     1    26     1     9    13     0     1    -6.0   23.389  120.330    105.3    998.1    288.2    288.1      0.0    284.0     55.6     93.3     33.4
     4     1    26     1     9    13     0     1    -6.0   22.890  120.300    172.1    962.5    290.5    287.3      0.0     65.0     58.1    316.8     80.7
     5     1    26     1     9    13     0     1    -6.0   22.878  120.350    226.5    923.9    292.3    285.6      0.0     23.5     59.6    629.0     39.7
     6     1    26     1     9    13     0     1    -6.0   22.907  120.283    150.0    980.4    290.3    288.6      0.0    221.5     59.1    182.3    109.0
     7     1    26     1     9    13     0     1    -6.0   23.535  120.556     12.2   1014.2    287.6    288.7      0.0    447.7     56.2     37.2    101.1
     8     1    26     1     9    13     0     1    -6.0   23.560  120.647     21.2   1014.4    287.3    288.5      0.0    450.8     56.3     28.2     94.9
     9     1    26     1     9    13     0     1    -6.0   23.548  120.478     12.1   1018.0    287.7    289.1      0.0    478.3     54.9     17.2     44.2
    10     1    26     1     9    13     0     1    -6.0   23.273  120.421    380.8    981.4    288.8    287.3      0.0    176.4     56.7    211.5     37.0
    11     1    26     1     9    13     0     1    -6.0   23.156  120.539    550.4    941.0    290.8    285.6      0.0    164.4     57.9    402.6     66.7
    12     1    26     1     9    13     0     1    -6.0   23.374  120.329    341.6   1000.1    288.2    288.2      0.0    282.2     55.4     89.1     34.0
    13     1    26     1     9    13     0     1    -6.0   22.890  120.301    418.7    962.3    290.5    287.3      0.0     64.9     58.1    318.8     80.7
    14     1    26     1     9    13     0     1    -6.0   22.878  120.351    467.9    923.7    292.3    285.6      0.0     23.5     59.7    633.1     39.7
    15     1    26     1     9    13     0     1    -6.0   22.906  120.285    400.0    979.3    290.3    288.6      0.0    219.9     59.3    190.0    109.0
    16     1    26     1     9    13     0     1    -6.0   23.532  120.555    252.0   1014.4    287.6    288.7      0.0    447.7     56.1     36.9    101.1
    17     1    26     1     9    13     0     1    -6.0   23.544  120.642    263.7   1015.2    287.3    288.6      0.0    449.0     56.1     28.2     96.7
    18     1    26     1     9    13     0     1    -6.0   23.543  120.477    251.8   1018.3    287.7    289.2      0.0    479.0     54.8     17.6     42.8
    19     1    26     1     9    13     0     1    -6.0   23.173  120.454    116.2    953.4    290.3    286.4      0.0     96.0     57.9    218.8     37.1
    20     1    26     1     9    13     0     1    -6.0   23.115  120.531    193.5    927.5    291.5    285.3      0.0    130.4     58.2    386.6     58.3
    21     1    26     1     9    13     0     1    -6.0   23.258  120.346     76.9    973.9    289.2    287.0      0.0    228.8     56.6     74.7     40.2
    22     1    26     1     9    13     0     1    -6.0   22.791  120.271     24.1    966.0    290.5    287.6      0.0    113.2     57.0    176.3    107.4
    23     1    26     1     9    13     0     1    -6.0   22.814  120.311     64.7    934.8    291.7    286.0      0.0     23.5     58.7    437.8     45.4
    24     1    26     1     9    13     0     1    -6.0   22.817  120.207      0.0    987.5    290.3    289.2      0.0    381.9     59.9     54.0    100.3
    25     1    26     1     9    13     0     1    -6.0   23.743  120.665    119.4    972.0    288.0    285.7      0.0    410.9     62.1     38.9    100.0
    26     1    26     1     9    13     0     1    -6.0   23.908  120.793    145.5    966.1    287.8    285.0      0.0    482.6     63.7     71.2     80.7
    27     1    26     1     9    13     0     1    -6.0   23.634  120.542     91.9    974.7    288.2    286.1      0.0    417.0     61.8     49.7     67.1
     1     1    26     1     9    12     0     0    -7.0   23.417  120.451    136.4    984.7    288.8    287.5      0.0    314.0     55.6    182.8    113.4
     2     1    26     1     9    12     0     0    -7.0   23.244  120.566    311.7    930.7    291.1    285.0      0.0    279.1     58.7    496.5    119.7
     3     1    26     1     9    12     0     0    -7.0   23.551  120.355    111.2    993.4    288.6    288.0      0.0    339.1     55.9    130.2     65.6
     4     1    26     1     9    12     0     0    -7.0   22.920  120.301    179.4    960.4    290.8    287.4      0.0     58.6     57.7    331.2    108.5
     5     1    26     1     9    12     0     0    -7.0   22.909  120.352    233.1    920.9    292.5    285.6      0.0     26.0     59.1    653.3     56.7
     6     1    26     1     9    12     0     0    -7.0   22.916  120.294    157.2    975.3    290.6    288.5      0.0    223.8     59.4    222.2    165.5
     7     1    26     1     9    12     0     0    -7.0   23.713  120.608      4.9   1015.8    287.7    289.0      0.0    496.4     55.8     32.1    153.0
     8     1    26     1     9    12     0     0    -7.0   23.765  120.715     18.5   1015.8    287.1    288.4      0.0    509.6     56.6     20.2    109.5
     9     1    26     1     9    12     0     0    -7.0   23.731  120.516     11.4   1016.8    287.8    289.2      0.0    523.7     55.6     14.1    143.4
    10     1    26     1     9    12     0     0    -7.0   23.405  120.445    376.4    985.5    288.8    287.6      0.0    306.7     55.7    182.8    108.7
    11     1    26     1     9    12     0     0    -7.0   23.235  120.565    553.5    931.3    291.1    285.1      0.0    271.3     58.6    494.3    117.4
    12     1    26     1     9    12     0     0    -7.0   23.533  120.352    347.6    994.7    288.6    288.1      0.0    331.6     55.6    132.2     57.7
    13     1    26     1     9    12     0     0    -7.0   22.920  120.301    426.0    960.2    290.8    287.4      0.0     58.6     57.8    333.1    108.6
    14     1    26     1     9    12     0     0    -7.0   22.908  120.353    472.8    921.0    292.5    285.6      0.0     26.0     59.2    656.0     56.7
    15     1    26     1     9    12     0     0    -7.0   22.915  120.297    407.5    974.1    290.6    288.4      0.0    222.5     59.7    230.0    165.5
    16     1    26     1     9    12     0     0    -7.0   23.709  120.606    249.7   1015.7    287.7    289.0      0.0    496.7     55.8     32.5    153.0
    17     1    26     1     9    12     0     0    -7.0   23.738  120.705    260.7   1016.6    287.2    288.6      0.0    504.9     56.3     20.5    110.8
    18     1    26     1     9    12     0     0    -7.0   23.722  120.514    251.3   1017.1    287.8    289.2      0.0    523.9     55.5     13.2    139.8
    19     1    26     1     9    12     0     0    -7.0   23.238  120.499    157.2    940.0    291.0    285.9      0.0     27.4     57.3    302.9     50.1
    20     1    26     1     9    12     0     0    -7.0   23.165  120.566    203.5    912.9    292.1    284.4      0.0    196.7     59.6    519.5     96.6
    21     1    26     1     9    12     0     0    -7.0   23.386  120.380     77.0    967.4    289.5    286.8      0.0    234.7     57.5    135.7     54.1
    22     1    26     1     9    12     0     0    -7.0   22.808  120.283     28.7    960.6    290.9    287.6      0.0    111.3     57.3    223.3    154.2
    23     1    26     1     9    12     0     0    -7.0   22.846  120.318     80.8    928.3    292.1    285.8      0.0     26.0     58.6    485.1     64.3
    24     1    26     1     9    12     0     0    -7.0   22.816  120.215      0.0    987.6    290.4    289.4      0.0    410.1     59.4     55.8    149.6
    25     1    26     1     9    12     0     0    -7.0   23.971  120.748    131.2    972.0    287.6    285.3      0.0    468.1     62.5     26.9    109.4
    26     1    26     1     9    12     0     0    -7.0   24.122  120.933    235.0    945.1    288.4    283.8      0.0    477.8     65.2    173.6    152.2
    27     1    26     1     9    12     0     0    -7.0   23.858  120.613    113.1    971.4    288.1    285.7      0.0    479.6     64.0     57.9    150.9
     1     1    26     1     9    11     0     1    -8.0   23.577  120.463     63.0    999.3    289.0    288.9      0.0    394.0     51.1    122.2    195.0
     2     1    26     1     9    11     0     1    -8.0   23.331  120.579    281.8    937.5    291.2    285.7      0.0    259.8     56.7    451.4    162.7
     3     1    26     1     9    11     0     1    -8.0   23.738  120.377     84.7    999.5    288.7    288.7      0.0    435.6     53.5     96.7    192.7
     4     1    26     1     9    11     0     1    -8.0   22.956  120.299    184.3    959.2    290.8    287.3      0.0     69.0     58.2    334.9    124.8
     5     1    26     1     9    11     0     1    -8.0   22.943  120.349    212.9    922.2    292.4    285.6      0.0     40.5     60.1    660.9     73.7
     6     1    26     1     9    11     0     1    -8.0   22.929  120.303    157.2    971.4    291.0    288.5      0.0    278.2     59.1    254.8    222.6
     7     1    26     1     9    11     0     1    -8.0   23.916  120.663      0.0   1016.1    287.7    289.0      0.0    537.5     55.4     22.2    165.7
     8     1    26     1     9    11     0     1    -8.0   24.010  120.810     27.2   1007.6    287.2    287.8      0.0    557.9     58.1     90.0    176.3
     9     1    26     1     9    11     0     1    -8.0   23.930  120.563      3.3   1016.4    288.0    289.3      0.0    546.6     55.4     23.0    205.6
    10     1    26     1     9    11     0     1    -8.0   23.565  120.457    308.6    999.5    289.0    288.9      0.0    394.1     51.1    124.3    195.3
    11     1    26     1     9    11     0     1    -8.0   23.322  120.578    523.2    937.2    291.2    285.7      0.0    258.6     56.6    458.7    162.5
    12     1    26     1     9    11     0     1    -8.0   23.713  120.372    324.9   1000.1    288.8    288.8      0.0    422.4     53.3    100.7    179.4
    13     1    26     1     9    11     0     1    -8.0   22.956  120.299    430.8    959.0    290.8    287.3      0.0     69.3     58.3    336.6    124.9
    14     1    26     1     9    11     0     1    -8.0   22.942  120.349    449.9    922.8    292.4    285.6      0.0     40.5     60.1    662.0     73.7
    15     1    26     1     9    11     0     1    -8.0   22.928  120.305    407.3    970.2    291.0    288.4      0.0    277.5     59.4    262.6    222.5
    16     1    26     1     9    11     0     1    -8.0   23.912  120.661    249.8   1016.0    287.7    289.0      0.0    537.4     55.4     22.4    166.7
    17     1    26     1     9    11     0     1    -8.0   23.967  120.788    262.5   1011.8    287.2    288.2      0.0    560.2     58.0     66.7    168.4
    18     1    26     1     9    11     0     1    -8.0   23.921  120.560    249.8   1016.4    288.0    289.3      0.0    546.9     55.4     22.9    205.7
    19     1    26     1     9    11     0     1    -8.0   23.291  120.536    186.1    922.8    292.0    285.2      0.0     74.6     58.5    434.6     85.2
    20     1    26     1     9    11     0     1    -8.0   23.212  120.586    193.5    905.1    292.7    284.3      0.0    197.3     59.4    599.7    140.3
    21     1    26     1     9    11     0     1    -8.0   23.511  120.414     84.1    958.5    290.0    286.5      0.0    200.8     57.3    208.5     69.7
    22     1    26     1     9    11     0     1    -8.0   22.833  120.290     30.0    956.7    291.2    287.4      0.0    158.7     57.8    258.4    191.9
    23     1    26     1     9    11     0     1    -8.0   22.884  120.324     91.1    922.4    292.2    285.5      0.0     39.3     59.8    528.8     81.6
    24     1    26     1     9    11     0     1    -8.0   22.813  120.218      0.0    987.3    290.5    289.5      0.0    446.9     59.6     56.2    196.6
    25     1    26     1     9    11     0     1    -8.0   24.217  120.859    180.7    953.8    288.4    284.6      0.0    467.2     63.5    147.4    171.5
    26     1    26     1     9    11     0     1    -8.0   24.301  121.078    293.5    919.8    289.2    282.3      0.0    476.7     65.7    345.5    227.4
    27     1    26     1     9    11     0     1    -8.0   24.091  120.686    131.2    971.0    288.1    285.6      0.0    502.2     62.3     32.6    178.5
     1     1    26     1     9    10     0     2    -9.0   23.733  120.464      4.1   1011.4    289.0    290.0      0.0    475.8     48.3     54.9    243.9
     2     1    26     1     9    10     0     2    -9.0   23.433  120.577    206.3    959.9    290.6    287.1      0.0    304.9     53.2    311.2    214.0
     3     1    26     1     9    10     0     2    -9.0   23.935  120.394     34.2   1009.5    288.7    289.5      0.0    504.7     51.3     51.1    249.6
     4     1    26     1     9    10     0     2    -9.0   22.995  120.291    194.7    959.4    290.6    287.1      0.0     53.4     58.8    317.6    131.1
     5     1    26     1     9    10     0     2    -9.0   22.974  120.337    153.8    931.8    291.8    285.9      0.0     50.6     60.6    631.7     89.7
     6     1    26     1     9    10     0     2    -9.0   22.958  120.294    130.4    976.5    291.2    289.2      0.0    336.7     56.4    232.8    284.3
     7     1    26     1     9    10     0     2    -9.0   24.152  120.730      0.0   1016.3    287.4    288.7      0.0    591.5     57.0     21.5    200.8
     8     1    26     1     9    10     0     2    -9.0   24.258  120.928     13.4   1007.0    286.8    287.4      0.0    637.5     58.6    104.2    283.2
     9     1    26     1     9    10     0     2    -9.0   24.149  120.617      0.0   1016.3    287.8    289.2      0.0    585.6     55.8     16.9    216.9
    10     1    26     1     9    10     0     2    -9.0   23.717  120.458    250.0   1010.9    289.1    290.0      0.0    470.3     48.5     60.0    244.4
    11     1    26     1     9    10     0     2    -9.0   23.422  120.575    447.3    959.8    290.6    287.1      0.0    302.0     53.1    318.5    213.8
    12     1    26     1     9    10     0     2    -9.0   23.901  120.387    275.7   1009.9    288.8    289.6      0.0    494.2     51.0     58.0    250.1
    13     1    26     1     9    10     0     2    -9.0   22.994  120.291    441.2    959.3    290.6    287.1      0.0     54.0     58.8    319.2    131.3
    14     1    26     1     9    10     0     2    -9.0   22.973  120.337    390.6    932.6    291.8    285.9      0.0     50.6     60.6    630.9     89.9
    15     1    26     1     9    10     0     2    -9.0   22.955  120.297    380.3    975.4    291.2    289.1      0.0    336.8     56.7    240.9    283.9
    16     1    26     1     9    10     0     2    -9.0   24.147  120.728    249.8   1016.3    287.4    288.7      0.0    590.7     56.9     21.3    200.4
    17     1    26     1     9    10     0     2    -9.0   24.207  120.897    255.4   1007.0    287.0    287.6      0.0    618.3     58.2    106.9    273.6
    18     1    26     1     9    10     0     2    -9.0   24.140  120.613    249.8   1016.3    287.9    289.2      0.0    586.3     55.7     16.9    219.7
    19     1    26     1     9    10     0     2    -9.0   23.342  120.549    163.0    921.5    292.1    285.3      0.0    111.7     58.3    468.9    132.7
    20     1    26     1     9    10     0     2    -9.0   23.254  120.588    143.7    910.4    292.8    284.9      0.0    194.9     57.9    595.8    191.4
    21     1    26     1     9    10     0     2    -9.0   23.625  120.436     49.7    964.5    290.1    287.1      0.0    255.9     54.8    186.6    164.4
    22     1    26     1     9    10     0     2    -9.0   22.866  120.285     24.5    957.9    291.1    287.5      0.0    186.7     57.8    250.9    217.8
    23     1    26     1     9    10     0     2    -9.0   22.922  120.322     85.1    921.2    292.2    285.3      0.0     50.4     60.5    545.4     97.6
    24     1    26     1     9    10     0     2    -9.0   22.825  120.199      0.0    987.1    290.6    289.5      0.0    478.9     59.4     53.2    249.5
    25     1    26     1     9    10     0     2    -9.0   24.412  120.985    267.8    938.5    288.6    283.4      0.0    505.7     65.0    195.2    262.2
    26     1    26     1     9    10     0     2    -9.0   24.438  121.204    304.1    923.1    289.0    282.3      0.0    568.8     66.0    305.2    283.6
    27     1    26     1     9    10     0     2    -9.0   24.349  120.772    165.0    965.4    287.8    285.0      0.0    532.9     64.3     46.8    188.0
     1     1    26     1     9     9     0     3   -10.0   23.906  120.470      0.0   1013.4    288.6    289.7      0.0    544.6     50.6     31.2    239.5
     2     1    26     1     9     9     0     3   -10.0   23.579  120.560     84.7    990.4    289.7    288.9      0.0    414.7     49.3    153.5    249.2
     3     1    26     1     9     9     0     3   -10.0   24.137  120.417      3.0   1014.4    288.4    289.6      0.0    573.6     52.4     25.2    254.6
     4     1    26     1     9     9     0     3   -10.0   23.033  120.281    215.3    959.0    290.4    286.9      0.0     53.0     59.0    297.4    148.5
     5     1    26     1     9     9     0     3   -10.0   22.998  120.318     74.4    947.0    291.1    286.5      0.0     55.8     60.5    570.5    105.4
     6     1    26     1     9     9     0     3   -10.0   23.014  120.269     85.0    989.6    291.2    290.3      0.0    387.5     51.9    158.3    342.5
     7     1    26     1     9     9     0     3   -10.0   24.422  120.836      0.0   1010.2    287.2    288.0      0.0    644.7     57.7     74.1    317.5
     8     1    26     1     9     9     0     3   -10.0   24.481  121.042      0.0   1013.4    287.1    288.2      0.0    776.4     55.8     45.4    337.2
     9     1    26     1     9     9     0     3   -10.0   24.408  120.688      0.0   1016.2    287.4    288.7      0.0    612.4     57.4     17.6    252.7
    10     1    26     1     9     9     0     3   -10.0   23.889  120.463    249.7   1013.3    288.7    289.8      0.0    544.6     50.4     32.2    246.3
    11     1    26     1     9     9     0     3   -10.0   23.567  120.557    326.0    991.3    289.8    289.0      0.0    416.3     48.9    152.8    253.2
    12     1    26     1     9     9     0     3   -10.0   24.092  120.405    249.7   1014.2    288.6    289.7      0.0    573.9     51.7     27.0    270.3
    13     1    26     1     9     9     0     3   -10.0   23.032  120.281    461.9    958.9    290.4    286.9      0.0     53.2     59.1    298.8    148.5
    14     1    26     1     9     9     0     3   -10.0   22.996  120.318    312.5    947.8    291.1    286.5      0.0     55.9     60.5    569.6    105.6
    15     1    26     1     9     9     0     3   -10.0   23.011  120.271    334.3    988.7    291.3    290.3      0.0    390.7     52.0    166.2    345.2
    16     1    26     1     9     9     0     3   -10.0   24.419  120.834    249.3   1010.3    287.2    288.1      0.0    643.7     57.7     73.3    316.3
    17     1    26     1     9     9     0     3   -10.0   24.429  121.007    249.5   1012.6    287.0    288.0      0.0    747.0     56.6     53.1    337.1
    18     1    26     1     9     9     0     3   -10.0   24.397  120.683    249.8   1016.2    287.4    288.7      0.0    612.1     57.3     17.1    251.5
    19     1    26     1     9     9     0     3   -10.0   23.394  120.540     77.2    936.8    291.9    286.4      0.0    135.8     55.1    411.8    195.8
    20     1    26     1     9     9     0     3   -10.0   23.306  120.573     42.0    935.3    292.3    286.6      0.0    218.7     53.3    458.9    245.7
    21     1    26     1     9     9     0     3   -10.0   23.751  120.426      0.0    985.2    290.4    289.2      0.0    344.4     48.1    128.9    296.1
    22     1    26     1     9     9     0     3   -10.0   22.906  120.271     23.6    961.9    290.8    287.6      0.0    183.1     57.6    211.2    230.7
    23     1    26     1     9     9     0     3   -10.0   22.960  120.311     55.1    926.6    291.9    285.5      0.0     56.4     60.7    523.5    112.0
    24     1    26     1     9     9     0     3   -10.0   22.861  120.161      0.0    986.8    290.6    289.5      0.0    511.2     58.8     48.4    313.5
    25     1    26     1     9     9     0     3   -10.0   24.565  121.110    335.6    907.8    289.8    281.8      0.0    511.9     65.2    409.2    342.2
    26     1    26     1     9     9     0     3   -10.0   24.593  121.350    232.9    936.2    288.1    282.6      0.0    677.3     68.2    255.8    332.0
    27     1    26     1     9     9     0     3   -10.0   24.603  120.896    250.4    944.9    288.4    283.7      0.0    548.1     65.8    149.1    296.7
     1     1    26     1     9     8     0     2   -11.0   24.121  120.494      0.0   1015.4    288.1    289.3      0.0    680.3     52.0     22.9    351.8
     2     1    26     1     9     8     0     2   -11.0   23.747  120.547     10.7   1008.6    289.3    290.0      0.0    660.0     47.4     72.1    325.0
     3     1    26     1     9     8     0     2   -11.0   24.371  120.458      0.0   1015.9    287.9    289.2      0.0    683.3     53.2     19.5    358.1
     4     1    26     1     9     8     0     2   -11.0   23.071  120.275    249.2    955.3    290.3    286.5      0.0    136.9     59.9    298.0    151.3
     5     1    26     1     9     8     0     2   -11.0   23.013  120.301      0.0    961.5    290.5    287.2      0.0    114.0     59.2    504.0    139.8
     6     1    26     1     9     8     0     2   -11.0   23.083  120.244     55.9    998.2    290.5    290.3      0.0    419.7     51.1    106.7    288.5
     7     1    26     1     9     8     0     2   -11.0   24.669  120.954      0.0   1014.2    286.9    288.1      0.0    804.5     55.0     39.9    425.8
     8     1    26     1     9     8     0     2   -11.0   24.705  121.175      0.0   1015.7    286.8    288.1      0.0    969.4     53.0     32.6    420.2
     9     1    26     1     9     8     0     2   -11.0   24.702  120.803      0.0   1013.7    287.0    288.2      0.0    733.3     56.4     42.0    418.5
    10     1    26     1     9     8     0     2   -11.0   24.100  120.487    249.8   1015.4    288.2    289.4      0.0    684.2     51.7     22.2    349.8
    11     1    26     1     9     8     0     2   -11.0   23.728  120.543    252.6   1008.5    289.3    290.0      0.0    659.1     47.2     74.0    325.3
    12     1    26     1     9     8     0     2   -11.0   24.316  120.442    249.8   1015.7    288.1    289.3      0.0    691.8     52.5     18.0    351.9
    13     1    26     1     9     8     0     2   -11.0   23.070  120.276    495.6    955.2    290.3    286.5      0.0    137.2     59.9    299.2    151.3
    14     1    26     1     9     8     0     2   -11.0   23.011  120.302    244.9    961.2    290.5    287.2      0.0    112.5     59.3    506.5    138.8
    15     1    26     1     9     8     0     2   -11.0   23.080  120.246    303.9    998.3    290.5    290.4      0.0    424.2     51.0    106.5    291.4
    16     1    26     1     9     8     0     2   -11.0   24.666  120.952    249.6   1014.1    287.0    288.1      0.0    803.6     55.0     41.1    425.8
    17     1    26     1     9     8     0     2   -11.0   24.661  121.137    249.6   1015.1    286.9    288.1      0.0    949.5     53.1     37.9    422.0
    18     1    26     1     9     8     0     2   -11.0   24.692  120.797    249.6   1014.0    287.0    288.2      0.0    730.0     56.5     39.5    416.3
    19     1    26     1     9     8     0     2   -11.0   23.448  120.513      0.0    967.0    290.7    287.9      0.0    278.8     50.6    268.8    242.6
    20     1    26     1     9     8     0     2   -11.0   23.379  120.544      0.0    967.5    290.8    288.0      0.0    460.6     49.6    268.0    292.8
    21     1    26     1     9     8     0     2   -11.0   23.902  120.418      0.0    986.5    289.5    288.4      0.0    607.6     50.8     70.9    327.4
    22     1    26     1     9     8     0     2   -11.0   22.948  120.263     51.3    960.9    290.4    287.1      0.0    232.5     58.5    188.7    201.0
    23     1    26     1     9     8     0     2   -11.0   22.996  120.299     33.3    931.9    291.3    285.4      0.0    103.6     61.3    497.9    133.3
    24     1    26     1     9     8     0     2   -11.0   22.919  120.116      0.0    986.1    290.3    289.2      0.0    577.9     57.2     44.1    353.8
    25     1    26     1     9     8     0     2   -11.0   24.673  121.209    326.5    914.6    289.6    282.2      0.0    755.5     62.8    357.5    429.6
    26     1    26     1     9     8     0     2   -11.0   24.730  121.512    156.8    954.6    287.7    283.8      0.0   1052.1     62.3    169.3    414.9
    27     1    26     1     9     8     0     2   -11.0   24.800  121.038    347.3    925.4    288.8    282.4      0.0    708.8     64.6    230.9    427.1
     1     1    26     1     9     7     0     1   -12.0   24.390  120.573      0.0   1010.2    287.8    288.6      0.0    767.0     52.4     72.6    502.6
     2     1    26     1     9     7     0     1   -12.0   23.935  120.563      0.0   1007.5    288.9    289.5      0.0    753.4     48.7     93.4    475.1
     3     1    26     1     9     7     0     1   -12.0   24.659  120.552      0.0   1012.8    287.4    288.4      0.0    767.6     53.6     50.2    504.7
     4     1    26     1     9     7     0     1   -12.0   23.107  120.282    306.3    943.7    290.6    285.7      0.0    210.1     61.4    348.9    160.7
     5     1    26     1     9     7     0     1   -12.0   23.029  120.290      0.0    966.9    290.2    287.4      0.0    180.9     57.8    455.2    169.7
     6     1    26     1     9     7     0     1   -12.0   23.139  120.234     47.0    998.1    290.0    289.8      0.0    449.3     51.9    116.8    245.8
     7     1    26     1     9     7     0     1   -12.0   24.921  121.095      0.0   1016.9    286.6    288.0      0.0    999.4     53.0     24.4    510.5
     8     1    26     1     9     7     0     1   -12.0   24.901  121.334      0.0   1017.6    286.3    287.8      0.0   1150.3     52.0     22.0    504.6
     9     1    26     1     9     7     0     1   -12.0   24.970  120.934      0.0   1017.4    286.6    288.1      0.0    861.5     54.1     13.4    513.3
    10     1    26     1     9     7     0     1   -12.0   24.368  120.562    249.3   1010.8    287.8    288.6      0.0    757.9     52.5     68.1    500.2
    11     1    26     1     9     7     0     1   -12.0   23.910  120.554    249.2   1008.5    289.0    289.7      0.0    763.5     48.3     83.4    471.4
    12     1    26     1     9     7     0     1   -12.0   24.594  120.523    249.6   1014.7    287.4    288.6      0.0    739.8     53.7     36.0    497.3
    13     1    26     1     9     7     0     1   -12.0   23.106  120.283    552.0    943.7    290.6    285.7      0.0    210.4     61.4    349.6    160.8
    14     1    26     1     9     7     0     1   -12.0   23.027  120.291    245.4    966.6    290.2    287.3      0.0    178.8     58.0    458.5    169.0
    15     1    26     1     9     7     0     1   -12.0   23.136  120.236    293.8    998.3    290.0    289.9      0.0    454.0     51.8    116.7    248.3
    16     1    26     1     9     7     0     1   -12.0   24.918  121.093    249.8   1016.9    286.6    288.0      0.0    997.7     53.0     24.3    510.6
    17     1    26     1     9     7     0     1   -12.0   24.866  121.294    249.8   1017.4    286.4    287.8      0.0   1113.8     51.9     21.5    504.6
    18     1    26     1     9     7     0     1   -12.0   24.961  120.928    249.8   1017.0    286.7    288.1      0.0    860.9     54.0     16.9    513.4
    19     1    26     1     9     7     0     1   -12.0   23.494  120.485      0.0    976.8    289.9    288.0      0.0    459.8     49.0    175.8    269.2
    20     1    26     1     9     7     0     1   -12.0   23.449  120.520      0.0    978.6    290.3    288.4      0.0    752.3     47.9    135.2    352.5
    21     1    26     1     9     7     0     1   -12.0   24.061  120.433      0.0    986.8    289.1    288.1      0.0    845.4     51.2     34.8    412.3
    22     1    26     1     9     7     0     1   -12.0   22.984  120.271    115.1    948.9    290.5    286.1      0.0    283.3     60.6    233.7    176.0
    23     1    26     1     9     7     0     1   -12.0   23.027  120.297     46.1    932.1    291.1    285.2      0.0    182.1     61.3    482.7    171.2
    24     1    26     1     9     7     0     1   -12.0   22.981  120.075      0.0    985.9    289.9    288.7      0.0    604.4     55.8     40.5    349.2
    25     1    26     1     9     7     0     1   -12.0   24.815  121.321    223.2    939.0    288.4    283.2      0.0   1001.8     61.6    240.0    511.1
    26     1    26     1     9     7     0     1   -12.0   24.835  121.685    116.1    961.1    286.9    283.7      0.0   1182.8     61.7    140.3    488.2
    27     1    26     1     9     7     0     1   -12.0   24.942  121.162    388.4    920.1    288.9    282.0      0.0    918.1     63.6    240.9    515.9