    10     1
    GFSQ    26     1     2     0     0
    GFSQ    26     1     3     0     0
    GFSQ    26     1     4     0     0
    GFSQ    26     1     5     0     0
    GFSQ    26     1     6     0     0
    GFSQ    26     1     7     0     0
    GFSQ    26     1     8     0     0
    GFSQ    26     1     9     0     0
    GFSQ    26     1    10     0     0
    GFSQ    26     1    11     0     0
    27 BACKWARD OMEGA   
    26     1    10     7   22.711  120.310    10.0
    26     1    10     7   22.711  120.310    10.0
    26     1    10     7   22.711  120.310    10.0
    26     1    10     7   22.711  120.310    10.0
    26     1    10     7   22.711  120.310    10.0
    26     1    10     7   22.711  120.310    10.0
    26     1    10     7   22.711  120.310    10.0
    26     1    10     7   22.711  120.310    10.0
    26     1    10     7   22.711  120.310    10.0
    26     1    10     7   22.711  120.310    10.0
    26     1    10     7   22.711  120.310    10.0
    26     1    10     7   22.711  120.310    10.0
    26     1    10     7   22.711  120.310    10.0
    26     1    10     7   22.711  120.310    10.0
    26     1    10     7   22.711  120.310    10.0
    26     1    10     7   22.711  120.310    10.0
    26     1    10     7   22.711  120.310    10.0
    26     1    10     7   22.711  120.310    10.0
    26     1    10     7   22.711  120.310    10.0
    26     1    10     7   22.711  120.310    10.0
    26     1    10     7   22.711  120.310    10.0
    26     1    10     7   22.711  120.310    10.0
    26     1    10     7   22.711  120.310    10.0
    26     1    10     7   22.711  120.310    10.0
    26     1    10     7   22.711  120.310    10.0
    26     1    10     7   22.711  120.310    10.0
    26     1    10     7   22.711  120.310    10.0
     8 PRESSURE THETA    AIR_TEMP RAINFALL MIXDEPTH RELHUMID TERR_MSL SUN_FLUX
     1     1    26     1    10     7     0     1     0.0   22.711  120.310     10.0   1013.2    291.4    292.5      0.0    725.8     55.0     34.8    229.1
     2     1    26     1    10     7     0     1     0.0   22.711  120.310     10.0   1010.9    291.9    292.8      0.0    909.5     49.0     51.7    296.0
     3     1    26     1    10     7     0     1     0.0   22.711  120.310     10.0   1015.4    291.1    292.4      0.0    703.7     62.0     11.2    219.1
     4     1    26     1    10     7     0     1     0.0   22.711  120.310     10.0    982.5    293.0    291.4      0.0    809.7     55.6    288.6    279.1
     5     1    26     1    10     7     0     1     0.0   22.711  120.310     10.0    972.0    293.4    290.9      0.0    756.2     53.6    381.9    366.6
     6     1    26     1    10     7     0     1     0.0   22.711  120.310     10.0    994.4    292.5    292.0      0.0    813.2     60.9    194.3    219.0
     7     1    26     1    10     7     0     1     0.0   22.711  120.310     10.0   1016.8    290.3    291.7      0.0    766.6     64.2      4.7    232.5
     8     1    26     1    10     7     0     1     0.0   22.711  120.310     10.0   1016.7    290.1    291.5      0.0    796.4     62.2      5.6    315.2
     9     1    26     1    10     7     0     1     0.0   22.711  120.310     10.0   1016.7    290.6    291.9      0.0    755.0     65.6      0.0    238.5
    10     1    26     1    10     7     0     1     0.0   22.711  120.310     10.0   1013.2    291.4    292.5      0.0    725.8     55.0     34.8    229.1
    11     1    26     1    10     7     0     1     0.0   22.711  120.310     10.0   1010.9    291.9    292.8      0.0    909.5     49.0     51.7    296.0
    12     1    26     1    10     7     0     1     0.0   22.711  120.310     10.0   1015.4    291.1    292.4      0.0    703.7     62.0     11.2    219.1
    13     1    26     1    10     7     0     1     0.0   22.711  120.310     10.0    982.5    293.0    291.4      0.0    809.7     55.5    288.6    279.1
    14     1    26     1    10     7     0     1     0.0   22.711  120.310     10.0    972.0    293.4    290.9      0.0    756.2     53.6    381.9    366.6
    15     1    26     1    10     7     0     1     0.0   22.711  120.310     10.0    994.4    292.5    292.0      0.0    813.2     60.9    194.3    219.0
    16     1    26     1    10     7     0     1     0.0   22.711  120.310     10.0   1016.8    290.3    291.7      0.0    766.6     64.2      4.7    232.5
    17     1    26     1    10     7     0     1     0.0   22.711  120.310     10.0   1016.7    290.1    291.5      0.0    796.4     62.2      5.6    315.2
    18     1    26     1    10     7     0     1     0.0   22.711  120.310     10.0   1016.7    290.6    291.9      0.0    755.0     65.6      0.0    238.5
    19     1    26     1    10     7     0     1     0.0   22.711  120.310     10.0    984.0    291.2    289.8      0.0    725.8     62.3     34.8    229.1
    20     1    26     1    10     7     0     1     0.0   22.711  120.310     10.0    981.9    291.6    290.1      0.0    909.5     55.5     51.7    296.0
    21     1    26     1    10     7     0     1     0.0   22.711  120.310     10.0    986.2    290.9    289.7      0.0    703.7     69.6     11.2    219.1
    22     1    26     1    10     7     0     1     0.0   22.711  120.310     10.0    954.5    292.8    288.8      0.0    809.7     63.0    288.6    279.1
    23     1    26     1    10     7     0     1     0.0   22.711  120.310     10.0    944.3    293.2    288.4      0.0    756.2     59.7    381.9    366.6
    24     1    26     1    10     7     0     1     0.0   22.711  120.310     10.0    965.9    292.3    289.4      0.0    813.2     69.3    194.3    219.0
    25     1    26     1    10     7     0     1     0.0   22.711  120.310     10.0    987.5    290.0    289.0      0.0    766.6     71.4      4.7    232.5
    26     1    26     1    10     7     0     1     0.0   22.711  120.310     10.0    987.4    289.8    288.7      0.0    796.4     68.7      5.6    315.2
    27     1    26     1    10     7     0     1     0.0   22.711  120.310     10.0    987.4    290.3    289.3      0.0    755.0     73.0      0.0    238.5
     1     1    26     1    10     6     0     0    -1.0   22.822  120.232      0.0   1014.9    291.1    292.4      0.0    784.6     55.3     21.8    319.2
     2     1    26     1    10     6     0     0    -1.0   22.814  120.244      0.0   1015.3    291.9    293.2      0.0   1097.5     46.8     22.9    418.8
     3     1    26     1    10     6     0     0    -1.0   22.849  120.221      2.4   1016.0    290.4    291.8      0.0    619.0     63.1      8.2    304.1
     4     1    26     1    10     6     0     0    -1.0   22.771  120.241      0.0   1004.5    292.2    292.6      0.0   1005.3     51.8     90.0    342.9
     5     1    26     1    10     6     0     0    -1.0   22.760  120.243      0.0    996.7    292.8    292.6      0.0   1099.7     47.7    153.8    474.8
     6     1    26     1    10     6     0     0    -1.0   22.779  120.211      0.0   1011.1    291.7    292.7      0.0    917.7     59.8     50.3    298.8
     7     1    26     1    10     6     0     0    -1.0   22.955  120.278      7.3   1016.5    289.6    291.0      0.0    765.7     65.5      2.6    411.4
     8     1    26     1    10     6     0     0    -1.0   22.967  120.296      5.7   1016.7    289.5    290.9      0.0    882.7     62.4      4.3    552.4
     9     1    26     1    10     6     0     0    -1.0   22.921  120.262      9.6   1016.7    289.9    291.3      0.0    768.6     67.2      0.8    305.1
    10     1    26     1    10     6     0     0    -1.0   22.822  120.232    249.8   1014.9    291.1    292.4      0.0    784.6     55.3     21.8    319.2
    11     1    26     1    10     6     0     0    -1.0   22.814  120.244    249.8   1015.3    291.9    293.2      0.0   1097.5     46.8     22.9    418.8
    12     1    26     1    10     6     0     0    -1.0   22.849  120.221    249.9   1016.0    290.4    291.8      0.0    619.0     63.1      8.2    304.1
    13     1    26     1    10     6     0     0    -1.0   22.771  120.241    249.1   1004.5    292.2    292.6      0.0   1005.3     51.8     90.0    342.9
    14     1    26     1    10     6     0     0    -1.0   22.760  120.243    248.5    996.7    292.8    292.6      0.0   1099.7     47.7    153.8    474.8
    15     1    26     1    10     6     0     0    -1.0   22.779  120.211    249.5   1011.1    291.7    292.7      0.0    917.7     59.8     50.3    298.8
    16     1    26     1    10     6     0     0    -1.0   22.955  120.278    250.0   1016.5    289.6    291.0      0.0    765.7     65.5      2.6    411.4
    17     1    26     1    10     6     0     0    -1.0   22.967  120.296    250.0   1016.7    289.5    290.9      0.0    882.7     62.4      4.3    552.4
    18     1    26     1    10     6     0     0    -1.0   22.921  120.262    250.0   1016.7    289.9    291.3      0.0    768.6     67.2      0.8    305.1
    19     1    26     1    10     6     0     0    -1.0   22.840  120.243     28.8    983.4    290.9    289.5      0.0    816.8     62.2     22.8    324.9
    20     1    26     1    10     6     0     0    -1.0   22.847  120.250      0.0    989.0    291.5    290.5      0.0   1105.6     53.1     23.7    436.7
    21     1    26     1    10     6     0     0    -1.0   22.849  120.225     50.3    982.0    290.1    288.6      0.0    616.0     72.6      8.3    303.9
    22     1    26     1    10     6     0     0    -1.0   22.789  120.241      0.0    978.1    292.0    290.1      0.0   1014.2     58.6     94.8    353.3
    23     1    26     1    10     6     0     0    -1.0   22.776  120.238      0.0    970.6    292.4    289.9      0.0   1089.8     54.2    161.4    474.6
    24     1    26     1    10     6     0     0    -1.0   22.791  120.214      0.0    985.5    291.5    290.3      0.0    925.2     66.6     52.6    300.3
    25     1    26     1    10     6     0     0    -1.0   22.961  120.288     30.2    984.7    289.4    288.1      0.0    777.6     71.9      3.5    412.6
    26     1    26     1    10     6     0     0    -1.0   22.978  120.312     63.4    981.1    289.4    287.8      0.0    904.3     69.7      5.8    554.6
    27     1    26     1    10     6     0     0    -1.0   22.922  120.262     17.2    986.5    289.7    288.5      0.0    768.8     75.0      0.8    304.8
     1     1    26     1    10     5     0     1    -2.0   22.942  120.167      0.0   1016.1    290.5    291.8      0.0    800.5     53.8     15.6    382.9
     2     1    26     1    10     5     0     1    -2.0   22.937  120.185      0.0   1016.7    290.6    292.0      0.0    912.5     51.4     17.3    497.3
     3     1    26     1    10     5     0     1    -2.0   22.985  120.145      0.0   1016.4    290.0    291.4      0.0    633.5     60.1     12.8    276.0
     4     1    26     1    10     5     0     1    -2.0   22.824  120.160      0.0   1007.6    291.6    292.2      0.0    853.9     51.8     76.5    350.4
     5     1    26     1    10     5     0     1    -2.0   22.803  120.174      0.0   1000.7    292.1    292.1      0.0    960.4     48.0    135.8    465.5
     6     1    26     1    10     5     0     1    -2.0   22.854  120.107      0.0   1013.4    291.1    292.2      0.0    751.4     59.2     34.9    291.1
     7     1    26     1    10     5     0     1    -2.0   23.207  120.267      5.9   1017.4    289.1    290.5      0.0    799.2     63.8      1.6    534.5
     8     1    26     1    10     5     0     1    -2.0   23.218  120.303      3.6   1017.4    289.1    290.5      0.0    862.1     61.9      0.6    565.1
     9     1    26     1    10     5     0     1    -2.0   23.147  120.233      9.5   1017.5    289.3    290.7      0.0    706.2     65.2      0.0    386.5
    10     1    26     1    10     5     0     1    -2.0   22.942  120.167    249.8   1016.1    290.5    291.8      0.0    800.5     53.8     15.6    382.9
    11     1    26     1    10     5     0     1    -2.0   22.937  120.185    249.8   1016.7    290.6    292.0      0.0    912.5     51.4     17.3    497.3
    12     1    26     1    10     5     0     1    -2.0   22.985  120.145    249.9   1016.4    290.0    291.4      0.0    633.5     60.1     12.8    276.0
    13     1    26     1    10     5     0     1    -2.0   22.824  120.160    249.2   1007.6    291.6    292.2      0.0    853.9     51.8     76.5    350.4
    14     1    26     1    10     5     0     1    -2.0   22.803  120.174    248.6   1000.7    292.1    292.1      0.0    960.4     48.0    135.8    465.4
    15     1    26     1    10     5     0     1    -2.0   22.854  120.107    249.7   1013.4    291.1    292.2      0.0    751.4     59.2     34.9    291.1
    16     1    26     1    10     5     0     1    -2.0   23.207  120.267    250.0   1017.4    289.1    290.5      0.0    799.2     63.8      1.6    534.5
    17     1    26     1    10     5     0     1    -2.0   23.218  120.303    250.0   1017.4    289.1    290.5      0.0    862.1     61.9      0.6    565.1
    18     1    26     1    10     5     0     1    -2.0   23.147  120.233    250.0   1017.5    289.3    290.7      0.0    706.2     65.2      0.0    386.5
    19     1    26     1    10     5     0     1    -2.0   22.963  120.183     33.4    984.0    290.3    289.0      0.0    832.3     59.8     17.1    391.1
    20     1    26     1    10     5     0     1    -2.0   22.992  120.199      0.0    989.9    290.2    289.4      0.0    933.4     57.3     18.6    520.8
    21     1    26     1    10     5     0     1    -2.0   22.980  120.155     96.2    977.0    289.8    287.9      0.0    629.5     71.1     13.3    276.1
    22     1    26     1    10     5     0     1    -2.0   22.851  120.162      0.0    981.3    291.3    289.7      0.0    875.0     58.1     81.8    366.3
    23     1    26     1    10     5     0     1    -2.0   22.827  120.171      0.0    976.3    291.6    289.7      0.0    951.2     54.1    144.6    469.6
    24     1    26     1    10     5     0     1    -2.0   22.871  120.113      0.0    986.8    290.8    289.7      0.0    757.5     65.7     38.3    292.5
    25     1    26     1    10     5     0     1    -2.0   23.208  120.288     92.4    978.3    288.9    287.1      0.0    814.8     72.2      3.6    531.6
    26     1    26     1    10     5     0     1    -2.0   23.226  120.333    134.6    973.5    288.9    286.7      0.0    883.0     71.9      0.7    565.8
    27     1    26     1    10     5     0     1    -2.0   23.149  120.236     31.0    985.5    289.0    287.8      0.0    704.6     73.0      0.0    387.5
     1     1    26     1    10     4     0     2    -3.0   23.062  120.131      0.0   1017.2    289.7    291.2      0.0    735.8     54.1     12.3    457.7
     2     1    26     1    10     4     0     2    -3.0   23.074  120.159      0.0   1017.6    289.8    291.2      0.0    822.9     53.7     10.5    520.8
     3     1    26     1    10     4     0     2    -3.0   23.110  120.101      0.0   1017.4    289.6    291.0      0.0    629.8     57.5      9.4    340.6
     4     1    26     1    10     4     0     2    -3.0   22.870  120.088      0.0   1011.3    290.8    291.7      0.0    714.6     50.4     56.7    354.1
     5     1    26     1    10     4     0     2    -3.0   22.838  120.114      0.0   1005.5    291.2    291.7      0.0    814.1     47.7    107.8    466.0
     6     1    26     1    10     4     0     2    -3.0   22.913  120.026      0.0   1016.0    290.3    291.7      0.0    603.7     57.6     21.5    262.7
     7     1    26     1    10     4     0     2    -3.0   23.435  120.287      5.2   1018.1    288.8    290.3      0.0    809.0     62.5      0.9    529.3
     8     1    26     1    10     4     0     2    -3.0   23.459  120.339      2.9   1018.5    288.5    290.1      0.0    846.5     61.6      0.0    530.4
     9     1    26     1    10     4     0     2    -3.0   23.352  120.234      9.5   1018.2    288.8    290.3      0.0    712.3     63.8      0.0    495.7
    10     1    26     1    10     4     0     2    -3.0   23.062  120.131    249.9   1017.2    289.7    291.2      0.0    735.8     54.1     12.3    457.7
    11     1    26     1    10     4     0     2    -3.0   23.074  120.159    249.9   1017.6    289.8    291.2      0.0    822.9     53.7     10.5    520.8
    12     1    26     1    10     4     0     2    -3.0   23.110  120.101    249.9   1017.4    289.6    291.0      0.0    629.8     57.5      9.4    340.6
    13     1    26     1    10     4     0     2    -3.0   22.870  120.088    249.4   1011.3    290.8    291.7      0.0    714.6     50.4     56.7    354.1
    14     1    26     1    10     4     0     2    -3.0   22.838  120.114    248.9   1005.5    291.2    291.7      0.0    814.1     47.7    107.7    466.0
    15     1    26     1    10     4     0     2    -3.0   22.913  120.026    249.8   1016.0    290.3    291.7      0.0    603.7     57.6     21.5    262.7
    16     1    26     1    10     4     0     2    -3.0   23.435  120.287    250.0   1018.1    288.8    290.3      0.0    809.0     62.5      0.9    529.3
    17     1    26     1    10     4     0     2    -3.0   23.459  120.339    250.0   1018.5    288.5    290.1      0.0    846.5     61.6      0.0    530.4
    18     1    26     1    10     4     0     2    -3.0   23.352  120.234    250.0   1018.2    288.8    290.3      0.0    712.3     63.8      0.0    495.7
    19     1    26     1    10     4     0     2    -3.0   23.082  120.151     39.8    984.3    289.6    288.3      0.0    749.9     60.9     14.2    459.9
    20     1    26     1    10     4     0     2    -3.0   23.143  120.182      0.4    989.5    289.5    288.6      0.0    845.6     60.1      7.3    525.4
    21     1    26     1    10     4     0     2    -3.0   23.090  120.112    129.5    974.0    289.4    287.2      0.0    618.5     69.2     10.5    324.9
    22     1    26     1    10     4     0     2    -3.0   22.898  120.094      0.0    984.2    290.5    289.2      0.0    740.9     56.5     61.9    373.6
    23     1    26     1    10     4     0     2    -3.0   22.868  120.115      0.0    979.6    290.8    289.1      0.0    810.8     54.1    117.2    473.6
    24     1    26     1    10     4     0     2    -3.0   22.926  120.037      0.0    988.1    290.1    289.1      0.0    608.2     64.2     25.5    265.0
    25     1    26     1    10     4     0     2    -3.0   23.424  120.316    142.3    973.2    288.7    286.4      0.0    816.2     72.5      1.9    528.8
    26     1    26     1    10     4     0     2    -3.0   23.464  120.380    156.9    971.8    288.3    286.0      0.0    851.7     72.9      0.0    530.5
    27     1    26     1    10     4     0     2    -3.0   23.355  120.244     89.0    979.5    288.6    286.9      0.0    706.9     74.0      0.0    495.3
     1     1    26     1    10     3     0     3    -4.0   23.171  120.120      0.0   1018.0    289.2    290.7      0.0    678.0     54.7     11.2    486.0
     2     1    26     1    10     3     0     3    -4.0   23.205  120.159      0.0   1018.7    289.3    290.8      0.0    772.5     54.4      2.7    498.4
     3     1    26     1    10     3     0     3    -4.0   23.210  120.081      0.0   1018.3    289.1    290.6      0.0    598.6     55.9      7.6    428.4
     4     1    26     1    10     3     0     3    -4.0   22.905  120.029      0.0   1015.2    289.8    291.1      0.0    563.1     48.4     35.5    359.8
     5     1    26     1    10     3     0     3    -4.0   22.864  120.068      0.0   1010.0    290.3    291.1      0.0    664.1     47.0     78.5    469.0
     6     1    26     1    10     3     0     3    -4.0   22.959  119.964      0.0   1017.5    289.6    291.0      0.0    493.4     55.2     16.8    237.2
     7     1    26     1    10     3     0     3    -4.0   23.655  120.328      4.3   1018.9    288.4    290.0      0.0    807.6     61.3      0.0    493.7
     8     1    26     1    10     3     0     3    -4.0   23.724  120.400      1.0   1018.9    287.9    289.5      0.0    773.9     62.6      0.0    492.8
     9     1    26     1    10     3     0     3    -4.0   23.540  120.257      9.5   1018.9    288.6    290.1      0.0    733.2     63.5      0.5    499.5
    10     1    26     1    10     3     0     3    -4.0   23.171  120.120    249.9   1018.0    289.2    290.7      0.0    678.0     54.7     11.2    486.0
    11     1    26     1    10     3     0     3    -4.0   23.205  120.159    250.0   1018.7    289.3    290.8      0.0    772.5     54.4      2.7    498.4
    12     1    26     1    10     3     0     3    -4.0   23.210  120.081    249.9   1018.3    289.1    290.6      0.0    598.6     55.9      7.6    428.4
    13     1    26     1    10     3     0     3    -4.0   22.905  120.029    249.6   1015.2    289.8    291.1      0.0    563.1     48.4     35.5    359.7
    14     1    26     1    10     3     0     3    -4.0   22.864  120.068    249.2   1010.0    290.3    291.1      0.0    664.1     47.0     78.5    469.0
    15     1    26     1    10     3     0     3    -4.0   22.959  119.964    249.8   1017.5    289.6    291.0      0.0    493.4     55.2     16.8    237.2
    16     1    26     1    10     3     0     3    -4.0   23.655  120.328    250.0   1018.9    288.4    290.0      0.0    807.6     61.3      0.0    493.7
    17     1    26     1    10     3     0     3    -4.0   23.724  120.400    250.0   1018.9    287.9    289.5      0.0    773.9     62.6      0.0    492.8
    18     1    26     1    10     3     0     3    -4.0   23.540  120.257    250.0   1018.9    288.6    290.1      0.0    733.2     63.5      0.5    499.5
    19     1    26     1    10     3     0     3    -4.0   23.184  120.143     67.1    981.7    289.1    287.5      0.0    680.2     62.5     13.4    486.9
    20     1    26     1    10     3     0     3    -4.0   23.282  120.187      0.0    992.4    289.0    288.4      0.0    791.8     60.8      0.0    498.0
    21     1    26     1    10     3     0     3    -4.0   23.169  120.090    169.9    970.2    289.0    286.5      0.0    577.6     68.9      8.4    390.5
    22     1    26     1    10     3     0     3    -4.0   22.928  120.039      0.0    987.1    289.7    288.6      0.0    585.8     54.7     40.7    379.6
    23     1    26     1    10     3     0     3    -4.0   22.896  120.073      0.0    981.8    290.0    288.5      0.0    669.6     54.0     87.9    477.5
    24     1    26     1    10     3     0     3    -4.0   22.961  119.977      0.0    989.9    289.4    288.5      0.0    489.1     61.8     18.0    237.0
    25     1    26     1    10     3     0     3    -4.0   23.624  120.362    140.9    974.1    288.3    286.1      0.0    803.5     71.4      0.0    494.6
    26     1    26     1    10     3     0     3    -4.0   23.741  120.452    135.8    974.6    287.7    285.6      0.0    763.9     73.3      0.0    492.8
    27     1    26     1    10     3     0     3    -4.0   23.534  120.274    121.4    976.2    288.4    286.4      0.0    729.8     74.1      1.9    499.8
     1     1    26     1    10     2     0     2    -5.0   23.282  120.131      0.0   1017.9    288.6    290.1      0.0    622.4     56.3     10.7    340.1
     2     1    26     1    10     2     0     2    -5.0   23.347  120.179      0.0   1018.7    288.5    290.0      0.0    706.0     57.7      0.0    337.5
     3     1    26     1    10     2     0     2    -5.0   23.300  120.084      0.0   1018.0    288.7    290.1      0.0    562.8     56.8      7.9    320.4
     4     1    26     1    10     2     0     2    -5.0   22.939  119.991      0.0   1017.2    288.7    290.1      0.0    426.9     50.3     22.5    258.7
     5     1    26     1    10     2     0     2    -5.0   22.891  120.041      0.0   1012.7    288.9    290.0      0.0    499.5     50.1     59.0    321.2
     6     1    26     1    10     2     0     2    -5.0   23.011  119.928      0.0   1017.5    288.8    290.2      0.0    395.8     54.9     16.7    171.8
     7     1    26     1    10     2     0     2    -5.0   23.904  120.392      2.3   1019.0    287.9    289.4      0.0    767.2     62.6      0.0    335.1
     8     1    26     1    10     2     0     2    -5.0   24.028  120.502      0.0   1019.1    287.5    289.0      0.0    761.7     63.7      0.1    335.1
     9     1    26     1    10     2     0     2    -5.0   23.733  120.300      8.5   1019.0    288.4    289.9      0.0    733.6     61.9      0.3    336.5
    10     1    26     1    10     2     0     2    -5.0   23.282  120.131    249.9   1017.9    288.6    290.1      0.0    622.4     56.3     10.7    340.1
    11     1    26     1    10     2     0     2    -5.0   23.347  120.179    250.0   1018.7    288.5    290.0      0.0    706.0     57.7      0.0    337.5
    12     1    26     1    10     2     0     2    -5.0   23.300  120.084    249.9   1018.0    288.7    290.1      0.0    562.8     56.8      7.9    320.4
    13     1    26     1    10     2     0     2    -5.0   22.939  119.991    249.8   1017.2    288.7    290.1      0.0    426.9     50.3     22.5    258.7
    14     1    26     1    10     2     0     2    -5.0   22.891  120.041    249.4   1012.7    288.9    290.0      0.0    499.5     50.1     59.0    321.2
    15     1    26     1    10     2     0     2    -5.0   23.011  119.928    249.8   1017.5    288.8    290.2      0.0    395.8     54.9     16.7    171.8
    16     1    26     1    10     2     0     2    -5.0   23.904  120.392    250.0   1019.0    287.9    289.4      0.0    767.2     62.6      0.0    335.1
    17     1    26     1    10     2     0     2    -5.0   24.028  120.502    250.0   1019.1    287.5    289.0      0.0    761.7     63.7      0.1    335.1
    18     1    26     1    10     2     0     2    -5.0   23.733  120.300    250.0   1019.0    288.4    289.9      0.0    733.6     61.9      0.3    336.5
    19     1    26     1    10     2     0     2    -5.0   23.291  120.153     86.9    979.3    288.7    287.0      0.0    612.6     63.4     12.0    340.1
    20     1    26     1    10     2     0     2    -5.0   23.464  120.216      0.0    992.7    288.0    287.4      0.0    736.6     65.5      0.0    335.8
    21     1    26     1    10     2     0     2    -5.0   23.234  120.086    204.0    966.0    289.0    286.1      0.0    536.4     68.1      8.0    305.6
    22     1    26     1    10     2     0     2    -5.0   22.955  120.002      0.0    988.8    289.0    288.0      0.0    428.4     54.5     24.4    265.6
    23     1    26     1    10     2     0     2    -5.0   22.929  120.048      1.2    983.1    289.2    287.8      0.0    508.8     55.1     70.3    328.7
    24     1    26     1    10     2     0     2    -5.0   22.995  119.940      0.0    989.3    289.0    288.1      0.0    389.0     61.2     17.4    165.6
    25     1    26     1    10     2     0     2    -5.0   23.872  120.428    109.5    977.6    287.7    285.8      0.0    760.7     72.3      0.0    335.1
    26     1    26     1    10     2     0     2    -5.0   24.070  120.576    139.9    973.7    287.3    285.1      0.0    748.2     73.5      5.1    335.1
    27     1    26     1    10     2     0     2    -5.0   23.714  120.320    110.8    977.5    288.2    286.4      0.0    716.9     70.9      0.9    337.2
     1     1    26     1    10     1     0     1    -6.0   23.412  120.160      0.0   1018.2    287.8    289.3      0.0    545.3     58.2      5.3    179.5
     2     1    26     1    10     1     0     1    -6.0   23.537  120.226      0.0   1018.3    287.9    289.4      0.0    688.4     61.1      0.0    177.5
     3     1    26     1    10     1     0     1    -6.0   23.409  120.108      0.0   1017.7    288.1    289.5      0.0    505.5     57.7     10.1    174.8
     4     1    26     1    10     1     0     1    -6.0   22.984  119.977      0.0   1017.4    287.6    289.1      0.0    315.5     53.0     21.3    151.4
     5     1    26     1    10     1     0     1    -6.0   22.936  120.032      0.0   1013.4    287.7    288.8      0.0    354.3     53.6     54.9    174.3
     6     1    26     1    10     1     0     1    -6.0   23.073  119.920      0.0   1017.6    288.2    289.6      0.0    341.5     55.4     15.9    112.8
     7     1    26     1    10     1     0     1    -6.0   24.198  120.499      0.0   1019.4    287.3    288.9      0.0    777.3     64.1      0.0    177.5
     8     1    26     1    10     1     0     1    -6.0   24.324  120.645      0.1   1019.4    287.0    288.6      0.0    831.5     62.0      0.0    177.5
     9     1    26     1    10     1     0     1    -6.0   23.949  120.361      6.4   1018.8    287.8    289.4      0.0    706.1     62.2      0.0    177.7
    10     1    26     1    10     1     0     1    -6.0   23.412  120.160    249.9   1018.2    287.8    289.3      0.0    545.3     58.2      5.3    179.5
    11     1    26     1    10     1     0     1    -6.0   23.537  120.226    250.0   1018.3    287.9    289.4      0.0    688.4     61.1      0.0    177.5
    12     1    26     1    10     1     0     1    -6.0   23.409  120.108    249.9   1017.7    288.1    289.5      0.0    505.5     57.7     10.1    174.8
    13     1    26     1    10     1     0     1    -6.0   22.984  119.977    249.8   1017.4    287.6    289.1      0.0    315.5     53.0     21.3    151.4
    14     1    26     1    10     1     0     1    -6.0   22.936  120.032    249.5   1013.4    287.7    288.8      0.0    354.3     53.6     54.9    174.3
    15     1    26     1    10     1     0     1    -6.0   23.073  119.920    249.8   1017.6    288.2    289.6      0.0    341.5     55.4     15.9    112.8
    16     1    26     1    10     1     0     1    -6.0   24.198  120.499    250.0   1019.4    287.3    288.9      0.0    777.3     64.1      0.0    177.5
    17     1    26     1    10     1     0     1    -6.0   24.324  120.645    250.1   1019.4    287.0    288.6      0.0    831.5     62.0      0.0    177.5
    18     1    26     1    10     1     0     1    -6.0   23.949  120.361    250.0   1018.8    287.8    289.4      0.0    706.1     62.2      0.0    177.7
    19     1    26     1    10     1     0     1    -6.0   23.439  120.182     68.2    981.8    288.2    286.6      0.0    532.2     64.6      4.2    179.6
    20     1    26     1    10     1     0     1    -6.0   23.741  120.297      0.0    991.1    287.4    286.6      0.0    710.9     68.6      4.6    177.5
    21     1    26     1    10     1     0     1    -6.0   23.314  120.100    208.4    965.2    289.0    286.0      0.0    478.5     66.3      9.3    169.9
    22     1    26     1    10     1     0     1    -6.0   22.998  119.985      0.5    988.9    288.3    287.4      0.0    308.9     55.4     22.0    154.3
    23     1    26     1    10     1     0     1    -6.0   22.996  120.045      3.5    982.4    288.6    287.1      0.0    367.2     56.7     74.7    180.3
    24     1    26     1    10     1     0     1    -6.0   23.036  119.928      7.3    988.3    288.8    287.8      0.0    326.5     60.9     16.7    102.5
    25     1    26     1    10     1     0     1    -6.0   24.187  120.547    111.8    977.0    287.1    285.2      0.0    748.0     73.1      4.4    177.5
    26     1    26     1    10     1     0     1    -6.0   24.381  120.758    177.7    969.8    287.0    284.5      0.0    840.1     73.8      2.3    177.5
    27     1    26     1    10     1     0     1    -6.0   23.939  120.384     76.6    981.2    287.7    286.1      0.0    688.3     70.6      0.0    177.8
     1     1    26     1    10     0     0     0    -7.0   23.558  120.207      0.0   1017.9    287.0    288.5      0.0    451.1     60.9      0.0     19.8
     2     1    26     1    10     0     0     0    -7.0   23.780  120.317      0.0   1018.0    287.1    288.5      0.0    677.4     64.0      6.2     19.8
     3     1    26     1    10     0     0     0    -7.0   23.534  120.146      0.0   1017.7    287.1    288.6      0.0    410.7     59.3     11.8     19.8
     4     1    26     1    10     0     0     0    -7.0   23.037  119.984      0.0   1017.6    286.5    287.9      0.0    181.5     56.2     21.9     19.8
     5     1    26     1    10     0     0     0    -7.0   22.998  120.039      0.0   1011.9    286.5    287.5      0.0    212.2     57.3     68.5     19.8
     6     1    26     1    10     0     0     0    -7.0   23.139  119.935      0.0   1017.6    287.3    288.7      0.0    241.6     56.4     17.3     19.8
     7     1    26     1    10     0     0     0    -7.0   24.487  120.649      0.3   1019.4    286.8    288.4      0.0    839.4     62.7      0.7     19.8
     8     1    26     1    10     0     0     0    -7.0   24.586  120.815      0.0   1019.6    286.7    288.2      0.0    883.2     60.3      0.0     19.8
     9     1    26     1    10     0     0     0    -7.0   24.200  120.452      3.4   1019.3    287.4    289.0      0.0    729.4     64.0      0.0     19.8
    10     1    26     1    10     0     0     0    -7.0   23.558  120.207    250.0   1017.9    287.0    288.5      0.0    451.1     60.9      0.0     19.8
    11     1    26     1    10     0     0     0    -7.0   23.780  120.317    249.9   1018.0    287.1    288.5      0.0    677.4     64.0      6.2     19.8
    12     1    26     1    10     0     0     0    -7.0   23.534  120.146    249.9   1017.7    287.1    288.6      0.0    410.7     59.3     11.8     19.8
    13     1    26     1    10     0     0     0    -7.0   23.037  119.984    249.8   1017.6    286.5    287.9      0.0    181.4     56.2     21.9     19.8
    14     1    26     1    10     0     0     0    -7.0   22.998  120.039    249.3   1011.9    286.5    287.5      0.0    212.2     57.3     68.5     19.8
    15     1    26     1    10     0     0     0    -7.0   23.139  119.935    249.8   1017.6    287.3    288.7      0.0    241.6     56.4     17.3     19.8
    16     1    26     1    10     0     0     0    -7.0   24.487  120.649    250.3   1019.4    286.8    288.4      0.0    839.4     62.7      0.7     19.8
    17     1    26     1    10     0     0     0    -7.0   24.586  120.815    250.0   1019.6    286.7    288.2      0.0    883.2     60.3      0.0     19.8
    18     1    26     1    10     0     0     0    -7.0   24.200  120.452    250.0   1019.3    287.4    289.0      0.0    729.4     64.0      0.0     19.8
    19     1    26     1    10     0     0     0    -7.0   23.657  120.236     34.4    985.1    287.3    286.1      0.0    508.0     68.8      0.0     19.8
    20     1    26     1    10     0     0     0    -7.0   24.056  120.437     22.8    986.0    286.9    285.7      0.0    728.4     70.5     13.6     19.8
    21     1    26     1    10     0     0     0    -7.0   23.422  120.129    175.9    968.7    288.8    286.1      0.0    394.0     64.2     12.1     19.8
    22     1    26     1    10     0     0     0    -7.0   23.066  119.987      0.8    989.0    287.6    286.7      0.0    186.7     57.3     22.2     19.8
    23     1    26     1    10     0     0     0    -7.0   23.107  120.064      0.0    982.6    287.8    286.4      0.0    238.5     60.6     75.2     19.8
    24     1    26     1    10     0     0     0    -7.0   23.078  119.940     17.6    987.1    288.6    287.5      0.0    235.6     60.5     17.8     19.8
    25     1    26     1    10     0     0     0    -7.0   24.500  120.723    153.4    973.0    286.7    284.5      0.0    846.1     74.0      0.0     19.8
    26     1    26     1    10     0     0     0    -7.0   24.647  120.973    210.2    966.4    286.8    284.0      0.0    904.6     74.0      0.0     19.8
    27     1    26     1    10     0     0     0    -7.0   24.232  120.492     50.6    985.0    287.2    285.9      0.0    740.0     71.9      0.0     19.8
     1     1    26     1     9    23     0     1    -8.0   23.716  120.271      0.0   1016.3    287.0    288.4      0.0    463.8     61.4      6.2     13.2
     2     1    26     1     9    23     0     1    -8.0   24.020  120.436      1.2   1016.7    286.8    288.2      0.0    636.0     63.8     16.0     13.2
     3     1    26     1     9    23     0     1    -8.0   23.666  120.195      0.0   1017.3    286.6    288.0      0.0    359.3     60.1      6.1     13.2
     4     1    26     1     9    23     0     1    -8.0   23.101  120.001      0.0   1016.9    286.1    287.4      0.0    173.2     57.3     24.0     13.2
     5     1    26     1     9    23     0     1    -8.0   23.073  120.061      2.2   1009.5    286.5    287.2      0.0    203.1     59.0     79.1     13.2
     6     1    26     1     9    23     0     1    -8.0   23.209  119.959      0.0   1017.0    286.7    288.1      0.0    207.3     57.2     19.6     13.2
     7     1    26     1     9    23     0     1    -8.0   24.737  120.813      0.0   1018.7    286.8    288.4      0.0    841.8     61.2      1.9     13.2
     8     1    26     1     9    23     0     1    -8.0   24.806  120.981      0.0   1018.9    286.7    288.3      0.0    931.2     59.7      0.0     13.2
     9     1    26     1     9    23     0     1    -8.0   24.471  120.580      1.5   1017.8    287.0    288.5      0.0    693.0     63.5      7.5     13.2
    10     1    26     1     9    23     0     1    -8.0   23.716  120.271    249.9   1016.3    287.0    288.4      0.0    463.8     61.4      6.2     13.2
    11     1    26     1     9    23     0     1    -8.0   24.020  120.436    251.0   1016.7    286.8    288.2      0.0    636.0     63.8     16.0     13.2
    12     1    26     1     9    23     0     1    -8.0   23.666  120.195    249.9   1017.3    286.6    288.0      0.0    359.3     60.1      6.1     13.2
    13     1    26     1     9    23     0     1    -8.0   23.101  120.001    249.8   1016.9    286.1    287.4      0.0    173.2     57.3     24.0     13.2
    14     1    26     1     9    23     0     1    -8.0   23.073  120.061    251.5   1009.5    286.5    287.2      0.0    203.1     59.0     79.1     13.2
    15     1    26     1     9    23     0     1    -8.0   23.209  119.959    249.8   1017.0    286.7    288.1      0.0    207.3     57.2     19.6     13.2
    16     1    26     1     9    23     0     1    -8.0   24.737  120.813    250.0   1018.7    286.8    288.4      0.0    841.8     61.2      1.9     13.2
    17     1    26     1     9    23     0     1    -8.0   24.806  120.981    250.0   1018.9    286.7    288.3      0.0    931.2     59.7      0.0     13.2
    18     1    26     1     9    23     0     1    -8.0   24.471  120.580    249.9   1017.8    287.0    288.5      0.0    693.0     63.5      7.5     13.2
    19     1    26     1     9    23     0     1    -8.0   23.920  120.330      8.6    987.0    287.2    286.1      0.0    530.8     67.7     10.7     13.2
    20     1    26     1     9    23     0     1    -8.0   24.339  120.612     39.2    980.7    286.9    285.3      0.0    694.4     69.3     43.8     13.2
    21     1    26     1     9    23     0     1    -8.0   23.573  120.175    132.2    973.3    288.5    286.3      0.0    357.8     62.4     11.6     13.2
    22     1    26     1     9    23     0     1    -8.0   23.173  120.011      3.8    986.6    287.8    286.7      0.0    188.7     57.1     34.3     13.2
    23     1    26     1     9    23     0     1    -8.0   23.256  120.104      0.0    981.1    287.8    286.2      0.0    236.4     61.7     74.8     13.2
    24     1    26     1     9    23     0     1    -8.0   23.134  119.964     24.1    985.8    288.5    287.3      0.0    206.7     59.0     20.0     13.2
    25     1    26     1     9    23     0     1    -8.0   24.767  120.921    185.5    968.7    286.9    284.3      0.0    807.3     73.2      0.0     13.2
    26     1    26     1     9    23     0     1    -8.0   24.847  121.181    258.6    958.8    286.9    283.5      0.0    831.1     75.6     10.4     13.2
    27     1    26     1     9    23     0     1    -8.0   24.533  120.641     73.9    980.1    287.0    285.3      0.0    677.4     70.9     11.5     13.2
     1     1    26     1     9    22     0     2    -9.0   23.873  120.345      0.7   1015.3    286.7    288.0      0.0    413.8     61.7     15.0      6.6
     2     1    26     1     9    22     0     2    -9.0   24.223  120.566      4.2   1012.8    286.7    287.7      0.0    597.6     63.4     46.3      6.6
     3     1    26     1     9    22     0     2    -9.0   23.785  120.252      0.0   1016.1    286.2    287.5      0.0    294.5     60.3      1.5      6.6
     4     1    26     1     9    22     0     2    -9.0   23.174  120.024      3.2   1013.5    285.9    287.0      0.0    167.9     59.1     46.3      6.6
     5     1    26     1     9    22     0     2    -9.0   23.151  120.095     19.1   1005.7    286.4    286.9      0.0    177.3     60.2     94.5      6.6
     6     1    26     1     9    22     0     2    -9.0   23.283  119.984      0.0   1016.4    286.1    287.4      0.0    175.0     58.3     21.9      6.6
     7     1    26     1     9    22     0     2    -9.0   24.940  120.960      0.0   1018.3    286.8    288.3      0.0    872.2     60.7      0.0      6.6
     8     1    26     1     9    22     0     2    -9.0   24.984  121.118      0.9   1018.2    286.6    288.1      0.0    901.1     58.7      0.7      6.6
     9     1    26     1     9    22     0     2    -9.0   24.696  120.714      1.8   1017.8    287.0    288.5      0.0    699.0     62.6      4.3      6.6
    10     1    26     1     9    22     0     2    -9.0   23.873  120.345    250.5   1015.3    286.7    288.0      0.0    413.8     61.7     15.0      6.6
    11     1    26     1     9    22     0     2    -9.0   24.223  120.566    253.7   1012.8    286.7    287.7      0.0    597.6     63.4     46.3      6.6
    12     1    26     1     9    22     0     2    -9.0   23.785  120.252    250.0   1016.1    286.2    287.5      0.0    294.5     60.3      1.5      6.6
    13     1    26     1     9    22     0     2    -9.0   23.174  120.024    252.7   1013.5    285.9    287.0      0.0    167.9     59.1     46.3      6.6
    14     1    26     1     9    22     0     2    -9.0   23.151  120.095    268.2   1005.7    286.4    286.9      0.0    177.3     60.2     94.5      6.6
    15     1    26     1     9    22     0     2    -9.0   23.283  119.984    249.8   1016.4    286.1    287.4      0.0    175.0     58.3     21.9      6.6
    16     1    26     1     9    22     0     2    -9.0   24.940  120.960    250.0   1018.3    286.8    288.3      0.0    872.2     60.7      0.0      6.6
    17     1    26     1     9    22     0     2    -9.0   24.984  121.118    250.9   1018.2    286.6    288.1      0.0    901.1     58.7      0.7      6.6
    18     1    26     1     9    22     0     2    -9.0   24.696  120.714    250.3   1017.8    287.0    288.5      0.0    699.0     62.6      4.3      6.6
    19     1    26     1     9    22     0     2    -9.0   24.160  120.441     33.5    983.3    287.1    285.8      0.0    468.7     67.2     17.9      6.6
    20     1    26     1     9    22     0     2    -9.0   24.555  120.776     39.2    983.8    286.9    285.5      0.0    703.7     69.1     13.0      6.6
    21     1    26     1     9    22     0     2    -9.0   23.763  120.240    125.2    973.2    288.3    286.1      0.0    296.0     61.5      0.0      6.6
    22     1    26     1     9    22     0     2    -9.0   23.314  120.058     19.5    978.7    288.5    286.7      0.0    178.6     58.0     77.8      6.6
    23     1    26     1     9    22     0     2    -9.0   23.414  120.159      4.1    981.0    287.8    286.2      0.0    229.1     61.1     63.2      6.6
    24     1    26     1     9    22     0     2    -9.0   23.224  119.997     26.2    984.8    288.5    287.3      0.0    152.0     55.8     23.1      6.6
    25     1    26     1     9    22     0     2    -9.0   24.972  121.096    209.5    963.8    286.9    283.9      0.0    764.2     74.2     14.5      6.6
    26     1    26     1     9    22     0     2    -9.0   24.991  121.355    284.6    956.4    287.0    283.3      0.0    973.2     76.2      2.4      6.6
    27     1    26     1     9    22     0     2    -9.0   24.785  120.797     96.0    975.7    287.1    285.1      0.0    680.4     70.2     24.6      6.6
     1     1    26     1     9    21     0     3   -10.0   24.003  120.419      5.5   1015.0    286.0    287.3      0.0    293.2     61.9     15.8      0.0
     2     1    26     1     9    21     0     3   -10.0   24.369  120.681     18.0   1009.9    286.2    287.0      0.0    501.7     63.6     57.3      0.0
     3     1    26     1     9    21     0     3   -10.0   23.891  120.314      7.4   1012.8    286.3    287.3      0.0    255.3     61.1     28.5      0.0
     4     1    26     1     9    21     0     3   -10.0   23.255  120.059     24.5   1006.0    286.0    286.5      0.0    140.9     61.0     90.5      0.0
     5     1    26     1     9    21     0     3   -10.0   23.241  120.144     54.5    999.7    286.6    286.6      0.0    129.5     60.1    108.5      0.0
     6     1    26     1     9    21     0     3   -10.0   23.362  120.011      1.3   1014.5    285.7    286.9      0.0    153.4     59.7     32.5      0.0
     7     1    26     1     9    21     0     3   -10.0   25.113  121.077      0.1   1017.3    286.5    287.9      0.0    823.5     60.0      3.9      0.0
     8     1    26     1     9    21     0     3   -10.0   25.142  121.225      1.0   1018.8    286.4    287.9      0.0    872.7     58.0      0.0      0.0
     9     1    26     1     9    21     0     3   -10.0   24.878  120.842      4.3   1014.4    286.7    287.9      0.0    632.9     62.7     27.2      0.0
    10     1    26     1     9    21     0     3   -10.0   24.003  120.419    255.3   1015.0    286.0    287.3      0.0    293.2     61.9     15.8      0.0
    11     1    26     1     9    21     0     3   -10.0   24.369  120.681    267.4   1009.9    286.2    287.0      0.0    501.7     63.6     57.3      0.0
    12     1    26     1     9    21     0     3   -10.0   23.891  120.314    257.1   1012.8    286.3    287.3      0.0    255.3     61.1     28.5      0.0
    13     1    26     1     9    21     0     3   -10.0   23.255  120.059    273.6   1006.0    286.0    286.5      0.0    140.9     61.0     90.5      0.0
    14     1    26     1     9    21     0     3   -10.0   23.241  120.144    303.4    999.7    286.6    286.6      0.0    129.5     60.1    108.5      0.0
    15     1    26     1     9    21     0     3   -10.0   23.362  120.011    251.0   1014.5    285.7    286.9      0.0    153.4     59.7     32.5      0.0
    16     1    26     1     9    21     0     3   -10.0   25.113  121.077    250.1   1017.3    286.5    287.9      0.0    823.5     60.0      3.9      0.0
    17     1    26     1     9    21     0     3   -10.0   25.142  121.225    251.0   1018.8    286.4    287.9      0.0    872.7     58.0      0.0      0.0
    18     1    26     1     9    21     0     3   -10.0   24.878  120.842    252.6   1014.4    286.7    287.9      0.0    632.9     62.7     27.2      0.0
    19     1    26     1     9    21     0     3   -10.0   24.359  120.558     56.2    975.2    287.6    285.5      0.0    425.6     66.1     65.9      0.0
    20     1    26     1     9    21     0     3   -10.0   24.723  120.913     29.9    983.4    286.9    285.6      0.0    604.5     67.7     24.1      0.0
    21     1    26     1     9    21     0     3   -10.0   23.951  120.323    164.1    965.8    288.7    285.9      0.0    273.4     62.2     23.5      0.0
    22     1    26     1     9    21     0     3   -10.0   23.461  120.120     58.3    971.0    288.9    286.5      0.0    142.1     58.0     99.2      0.0
    23     1    26     1     9    21     0     3   -10.0   23.560  120.219     27.0    979.8    287.9    286.2      0.0    159.1     58.8     41.7      0.0
    24     1    26     1     9    21     0     3   -10.0   23.349  120.045     35.6    978.8    289.0    287.2      0.0    132.7     56.0     58.1      0.0
    25     1    26     1     9    21     0     3   -10.0   25.130  121.237    231.8    961.2    286.8    283.6      0.0    722.3     74.7     10.7      0.0
    26     1    26     1     9    21     0     3   -10.0   25.102  121.491    240.2    961.2    287.0    283.8      0.0    967.5     73.4      0.0      0.0
    27     1    26     1     9    21     0     3   -10.0   24.985  120.939    100.3    976.6    286.9    285.0      0.0    672.6     71.3      6.9      0.0
     1     1    26     1     9    20     0     2   -11.0   24.102  120.486      9.6   1014.7    285.9    287.1      0.0    271.8     61.8     22.1      0.0
     2     1    26     1     9    20     0     2   -11.0   24.492  120.791     26.9   1012.0    286.5    287.5      0.0    503.9     61.5     33.9      0.0
     3     1    26     1     9    20     0     2   -11.0   23.990  120.376     24.2   1011.4    286.4    287.3      0.0    237.0     60.4     30.4      0.0
     4     1    26     1     9    20     0     2   -11.0   23.355  120.112     72.6    996.4    286.9    286.6      0.0    132.6     60.2    123.0      0.0
     5     1    26     1     9    20     0     2   -11.0   23.337  120.194     88.6    995.9    286.8    286.5      0.0    121.5     59.5    107.8      0.0
     6     1    26     1     9    20     0     2   -11.0   23.443  120.044     15.9   1010.0    285.9    286.7      0.0    152.2     60.2     67.8      0.0
     7     1    26     1     9    20     0     2   -11.0   25.266  121.168      0.1   1018.4    286.7    288.2      0.0    891.8     58.3      0.0      0.0
     8     1    26     1     9    20     0     2   -11.0   25.285  121.304      0.9   1019.4    286.3    287.9      0.0    898.0     56.6      0.0      0.0
     9     1    26     1     9    20     0     2   -11.0   25.028  120.957      8.0   1017.9    286.8    288.3      0.0    666.9     60.9      0.0      0.0
    10     1    26     1     9    20     0     2   -11.0   24.102  120.486    259.4   1014.7    285.9    287.1      0.0    271.8     61.8     22.1      0.0
    11     1    26     1     9    20     0     2   -11.0   24.492  120.791    276.5   1012.0    286.5    287.5      0.0    503.9     61.5     33.9      0.0
    12     1    26     1     9    20     0     2   -11.0   23.990  120.376    273.9   1011.4    286.4    287.3      0.0    237.0     60.4     30.4      0.0
    13     1    26     1     9    20     0     2   -11.0   23.355  120.112    321.4    996.4    286.9    286.6      0.0    132.6     60.2    123.0      0.0
    14     1    26     1     9    20     0     2   -11.0   23.337  120.194    337.6    995.9    286.8    286.5      0.0    121.5     59.5    107.8      0.0
    15     1    26     1     9    20     0     2   -11.0   23.443  120.044    265.2   1010.0    285.9    286.7      0.0    152.2     60.2     67.8      0.0
    16     1    26     1     9    20     0     2   -11.0   25.266  121.168    250.1   1018.4    286.7    288.2      0.0    891.8     58.3      0.0      0.0
    17     1    26     1     9    20     0     2   -11.0   25.285  121.304    250.9   1019.4    286.3    287.9      0.0    898.0     56.6      0.0      0.0
    18     1    26     1     9    20     0     2   -11.0   25.028  120.957    256.5   1017.9    286.8    288.3      0.0    666.9     60.9      0.0      0.0
    19     1    26     1     9    20     0     2   -11.0   24.519  120.665     60.0    971.9    287.5    285.2      0.0    350.7     65.4     92.1      0.0
    20     1    26     1     9    20     0     2   -11.0   24.865  121.028     12.4    986.4    286.9    285.8      0.0    634.8     65.9     18.3      0.0
    21     1    26     1     9    20     0     2   -11.0   24.099  120.401    217.9    960.1    289.1    285.8      0.0    257.4     59.7     25.8      0.0
    22     1    26     1     9    20     0     2   -11.0   23.585  120.178    112.5    965.0    289.1    286.1      0.0    135.1     58.0     99.6      0.0
    23     1    26     1     9    20     0     2   -11.0   23.684  120.276     68.1    972.5    288.4    286.1      0.0    131.8     57.6     66.3      0.0
    24     1    26     1     9    20     0     2   -11.0   23.475  120.096     76.9    966.7    289.5    286.7      0.0    120.6     57.3    128.2      0.0
    25     1    26     1     9    20     0     2   -11.0   25.256  121.352    234.8    962.5    287.0    283.8      0.0    911.7     73.3      0.0      0.0
    26     1    26     1     9    20     0     2   -11.0   25.189  121.592    191.6    966.2    287.0    284.1      0.0    904.0     70.7     10.6      0.0
    27     1    26     1     9    20     0     2   -11.0   25.155  121.061     94.0    976.7    287.0    285.0      0.0    664.7     68.7     17.7      0.0
     1     1    26     1     9    19     0     1   -12.0   24.197  120.556     21.6   1006.4    286.4    286.9      0.0    268.2     60.9     86.2      0.0
     2     1    26     1     9    19     0     1   -12.0   24.594  120.884     41.4   1008.4    286.3    287.0      0.0    410.4     60.6     55.4      0.0
     3     1    26     1     9    19     0     1   -12.0   24.081  120.435     37.2   1010.0    286.2    287.0      0.0    208.0     59.7     33.4      0.0
     4     1    26     1     9    19     0     1   -12.0   23.451  120.161    120.8    989.5    287.3    286.4      0.0    117.2     59.6    135.9      0.0
     5     1    26     1     9    19     0     1   -12.0   23.418  120.237    111.2    995.2    286.7    286.3      0.0    105.6     58.8     92.1      0.0
     6     1    26     1     9    19     0     1   -12.0   23.529  120.084     49.5   1001.1    286.5    286.6      0.0    144.3     60.4    113.4      0.0
     7     1    26     1     9    19     0     1   -12.0   25.413  121.235      0.1   1019.5    286.5    288.1      0.0    919.0     57.0      0.0      0.0
     8     1    26     1     9    19     0     1   -12.0   25.416  121.356      0.9   1019.6    286.2    287.8      0.0    940.9     55.4      0.0      0.0
     9     1    26     1     9    19     0     1   -12.0   25.162  121.056     10.2   1016.8    286.7    288.1      0.0    649.8     59.9     15.4      0.0
    10     1    26     1     9    19     0     1   -12.0   24.197  120.556    270.7   1006.4    286.4    286.9      0.0    268.2     60.9     86.2      0.0
    11     1    26     1     9    19     0     1   -12.0   24.594  120.884    290.9   1008.4    286.3    287.0      0.0    410.4     60.6     55.4      0.0
    12     1    26     1     9    19     0     1   -12.0   24.081  120.435    286.9   1010.0    286.2    287.0      0.0    208.0     59.7     33.4      0.0
    13     1    26     1     9    19     0     1   -12.0   23.451  120.161    369.5    989.5    287.3    286.4      0.0    117.2     59.6    135.9      0.0
    14     1    26     1     9    19     0     1   -12.0   23.418  120.237    360.3    995.2    286.7    286.3      0.0    105.6     58.8     92.1      0.0
    15     1    26     1     9    19     0     1   -12.0   23.529  120.084    298.4   1001.1    286.5    286.6      0.0    144.3     60.4    113.4      0.0
    16     1    26     1     9    19     0     1   -12.0   25.413  121.235    250.1   1019.5    286.5    288.1      0.0    919.0     57.0      0.0      0.0
    17     1    26     1     9    19     0     1   -12.0   25.416  121.356    250.9   1019.6    286.2    287.8      0.0    940.9     55.4      0.0      0.0
    18     1    26     1     9    19     0     1   -12.0   25.162  121.056    258.5   1016.8    286.7    288.1      0.0    649.8     59.9     15.4      0.0
    19     1    26     1     9    19     0     1   -12.0   24.671  120.762     59.1    975.1    287.4    285.3      0.0    400.5     64.7     66.9      0.0
    20     1    26     1     9    19     0     1   -12.0   24.982  121.116      0.0    992.5    287.1    286.4      0.0    822.6     63.5      4.9      0.0
    21     1    26     1     9    19     0     1   -12.0   24.219  120.459    245.5    957.2    289.5    285.9      0.0    220.6     56.3     22.9      0.0
    22     1    26     1     9    19     0     1   -12.0   23.678  120.220    167.7    960.8    289.4    286.1      0.0    124.5     56.5     81.1      0.0
    23     1    26     1     9    19     0     1   -12.0   23.793  120.328     98.2    964.9    288.9    286.0      0.0    146.7     56.8    105.1      0.0
    24     1    26     1     9    19     0     1   -12.0   23.570  120.132    131.2    957.7    289.7    286.2      0.0    116.5     58.6    153.5      0.0
    25     1    26     1     9    19     0     1   -12.0   25.358  121.439    190.8    968.2    286.9    284.3      0.0    894.8     70.0      0.0      0.0
    26     1    26     1     9    19     0     1   -12.0   25.255  121.672    148.0    973.2    287.0    284.8      0.0   1007.9     67.7      0.0      0.0
    27     1    26     1     9    19     0     1   -12.0   25.300  121.167     76.8    979.7    287.0    285.3      0.0    617.9     66.5     12.6      0.0