    10     1
    GFSQ    26     1     2     0     0
    GFSQ    26     1     3     0     0
    GFSQ    26     1     4     0     0
    GFSQ    26     1     5     0     0
    GFSQ    26     1     6     0     0
    GFSQ    26     1     7     0     0
    GFSQ    26     1     8     0     0
    GFSQ    26     1     9     0     0
    GFSQ    26     1    10     0     0
    GFSQ    26     1    11     0     0
    27 BACKWARD OMEGA   
    26     1    10     6   22.711  120.310    10.0
    26     1    10     6   22.711  120.310    10.0
    26     1    10     6   22.711  120.310    10.0
    26     1    10     6   22.711  120.310    10.0
    26     1    10     6   22.711  120.310    10.0
    26     1    10     6   22.711  120.310    10.0
    26     1    10     6   22.711  120.310    10.0
    26     1    10     6   22.711  120.310    10.0
    26     1    10     6   22.711  120.310    10.0
    26     1    10     6   22.711  120.310    10.0
    26     1    10     6   22.711  120.310    10.0
    26     1    10     6   22.711  120.310    10.0
    26     1    10     6   22.711  120.310    10.0
    26     1    10     6   22.711  120.310    10.0
    26     1    10     6   22.711  120.310    10.0
    26     1    10     6   22.711  120.310    10.0
    26     1    10     6   22.711  120.310    10.0
    26     1    10     6   22.711  120.310    10.0
    26     1    10     6   22.711  120.310    10.0
    26     1    10     6   22.711  120.310    10.0
    26     1    10     6   22.711  120.310    10.0
    26     1    10     6   22.711  120.310    10.0
    26     1    10     6   22.711  120.310    10.0
    26     1    10     6   22.711  120.310    10.0
    26     1    10     6   22.711  120.310    10.0
    26     1    10     6   22.711  120.310    10.0
    26     1    10     6   22.711  120.310    10.0
     8 PRESSURE THETA    AIR_TEMP RAINFALL MIXDEPTH RELHUMID TERR_MSL SUN_FLUX
     1     1    26     1    10     6     0     0     0.0   22.711  120.310     10.0   1012.8    291.1    292.2      0.0    728.5     57.6     34.8    302.5
     2     1    26     1    10     6     0     0     0.0   22.711  120.310     10.0   1010.7    292.1    293.0      0.0   1046.9     47.9     51.7    388.1
     3     1    26     1    10     6     0     0     0.0   22.711  120.310     10.0   1015.4    290.7    292.0      0.0    683.6     64.6     11.2    293.8
     4     1    26     1    10     6     0     0     0.0   22.711  120.310     10.0    982.6    293.1    291.6      0.0    952.6     55.6    288.6    371.9
     5     1    26     1    10     6     0     0     0.0   22.711  120.310     10.0    971.7    294.0    291.5      0.0   1022.9     50.8    381.9    486.7
     6     1    26     1    10     6     0     0     0.0   22.711  120.310     10.0    994.3    292.5    292.0      0.0    927.4     61.7    194.3    293.3
     7     1    26     1    10     6     0     0     0.0   22.711  120.310     10.0   1016.3    290.0    291.4      0.0    746.4     65.7      4.7    297.7
     8     1    26     1    10     6     0     0     0.0   22.711  120.310     10.0   1016.3    289.9    291.3      0.0    803.4     62.9      5.6    408.4
     9     1    26     1    10     6     0     0     0.0   22.711  120.310     10.0   1016.7    290.3    291.7      0.0    715.3     66.1      0.0    319.1
    10     1    26     1    10     6     0     0     0.0   22.711  120.310     10.0   1012.8    291.1    292.2      0.0    728.5     57.6     34.8    302.5
    11     1    26     1    10     6     0     0     0.0   22.711  120.310     10.0   1010.7    292.1    293.0      0.0   1046.9     47.9     51.7    388.1
    12     1    26     1    10     6     0     0     0.0   22.711  120.310     10.0   1015.4    290.7    292.0      0.0    683.6     64.6     11.2    293.8
    13     1    26     1    10     6     0     0     0.0   22.711  120.310     10.0    982.6    293.1    291.6      0.0    952.6     55.6    288.6    371.9
    14     1    26     1    10     6     0     0     0.0   22.711  120.310     10.0    971.7    294.0    291.5      0.0   1022.9     50.8    381.9    486.7
    15     1    26     1    10     6     0     0     0.0   22.711  120.310     10.0    994.4    292.5    292.0      0.0    927.4     61.7    194.3    293.3
    16     1    26     1    10     6     0     0     0.0   22.711  120.310     10.0   1016.3    290.0    291.4      0.0    746.4     65.7      4.7    297.7
    17     1    26     1    10     6     0     0     0.0   22.711  120.310     10.0   1016.3    289.9    291.3      0.0    803.4     62.9      5.6    408.4
    18     1    26     1    10     6     0     0     0.0   22.711  120.310     10.0   1016.7    290.3    291.7      0.0    715.3     66.1      0.0    319.1
    19     1    26     1    10     6     0     0     0.0   22.711  120.310     10.0    983.7    290.8    289.5      0.0    728.5     65.7     34.8    302.5
    20     1    26     1    10     6     0     0     0.0   22.711  120.310     10.0    981.7    291.6    290.1      0.0   1046.9     55.1     51.7    388.1
    21     1    26     1    10     6     0     0     0.0   22.711  120.310     10.0    986.2    290.5    289.3      0.0    683.6     72.6     11.2    293.8
    22     1    26     1    10     6     0     0     0.0   22.711  120.310     10.0    954.5    292.7    288.8      0.0    952.6     64.1    288.6    371.9
    23     1    26     1    10     6     0     0     0.0   22.711  120.310     10.0    944.0    293.4    288.5      0.0   1022.9     58.7    381.9    486.7
    24     1    26     1    10     6     0     0     0.0   22.711  120.310     10.0    965.9    292.3    289.4      0.0    927.4     70.7    194.3    293.3
    25     1    26     1    10     6     0     0     0.0   22.711  120.310     10.0    987.0    289.8    288.7      0.0    746.4     73.3      4.7    297.7
    26     1    26     1    10     6     0     0     0.0   22.711  120.310     10.0    986.9    289.6    288.5      0.0    803.4     69.6      5.6    408.4
    27     1    26     1    10     6     0     0     0.0   22.711  120.310     10.0    987.4    290.1    289.1      0.0    715.3     73.8      0.0    319.1
     1     1    26     1    10     5     0     1    -1.0   22.805  120.225      0.0   1015.7    290.5    291.8      0.0    664.8     54.9     21.1    302.1
     2     1    26     1    10     5     0     1    -1.0   22.789  120.240      0.0   1015.7    291.2    292.5      0.0    931.7     46.6     22.5    415.7
     3     1    26     1    10     5     0     1    -1.0   22.829  120.214      1.9   1016.9    290.3    291.7      0.0    622.4     62.6      6.3    282.3
     4     1    26     1    10     5     0     1    -1.0   22.754  120.227      0.0   1006.3    291.8    292.4      0.0    895.0     52.4     82.4    324.9
     5     1    26     1    10     5     0     1    -1.0   22.746  120.237      0.0    998.6    292.3    292.2      0.0    994.8     48.7    143.6    474.8
     6     1    26     1    10     5     0     1    -1.0   22.763  120.204      0.0   1012.3    291.6    292.7      0.0    894.8     59.9     46.8    290.6
     7     1    26     1    10     5     0     1    -1.0   22.922  120.274      7.3   1017.3    289.4    290.8      0.0    706.2     63.6      2.2    397.3
     8     1    26     1    10     5     0     1    -1.0   22.943  120.291      6.2   1017.3    289.3    290.7      0.0    810.4     62.0      3.9    524.9
     9     1    26     1    10     5     0     1    -1.0   22.885  120.258      9.7   1017.4    289.8    291.2      0.0    683.8     64.6      0.4    284.0
    10     1    26     1    10     5     0     1    -1.0   22.805  120.225    249.8   1015.7    290.5    291.8      0.0    664.8     54.9     21.1    302.1
    11     1    26     1    10     5     0     1    -1.0   22.789  120.240    249.8   1015.7    291.2    292.5      0.0    931.7     46.6     22.5    415.7
    12     1    26     1    10     5     0     1    -1.0   22.829  120.214    249.9   1016.9    290.3    291.7      0.0    622.4     62.6      6.3    282.3
    13     1    26     1    10     5     0     1    -1.0   22.754  120.227    249.2   1006.3    291.8    292.4      0.0    895.0     52.4     82.4    324.9
    14     1    26     1    10     5     0     1    -1.0   22.746  120.237    248.6    998.6    292.3    292.2      0.0    994.8     48.7    143.6    474.8
    15     1    26     1    10     5     0     1    -1.0   22.763  120.204    249.5   1012.3    291.6    292.7      0.0    894.8     59.9     46.8    290.6
    16     1    26     1    10     5     0     1    -1.0   22.922  120.274    250.0   1017.3    289.4    290.8      0.0    706.2     63.6      2.2    397.3
    17     1    26     1    10     5     0     1    -1.0   22.943  120.291    250.0   1017.3    289.3    290.7      0.0    810.4     62.0      3.9    524.9
    18     1    26     1    10     5     0     1    -1.0   22.885  120.258    250.0   1017.4    289.8    291.2      0.0    683.8     64.6      0.4    284.0
    19     1    26     1    10     5     0     1    -1.0   22.812  120.233     45.0    982.3    290.2    288.8      0.0    673.1     63.1     21.9    305.1
    20     1    26     1    10     5     0     1    -1.0   22.806  120.244      0.0    988.8    290.8    289.9      0.0    937.6     53.0     22.9    422.9
    21     1    26     1    10     5     0     1    -1.0   22.822  120.217     33.3    984.9    290.1    288.8      0.0    622.5     71.6      5.8    282.5
    22     1    26     1    10     5     0     1    -1.0   22.764  120.226      0.0    979.8    291.5    289.8      0.0    898.6     59.7     84.7    330.9
    23     1    26     1    10     5     0     1    -1.0   22.752  120.234      0.0    972.7    291.8    289.5      0.0    994.8     55.1    144.4    476.7
    24     1    26     1    10     5     0     1    -1.0   22.771  120.204      0.0    986.6    291.4    290.3      0.0    893.2     66.9     47.8    291.5
    25     1    26     1    10     5     0     1    -1.0   22.924  120.278     31.0    985.3    289.2    288.0      0.0    708.8     71.1      2.6    397.7
    26     1    26     1    10     5     0     1    -1.0   22.948  120.304     58.5    982.2    289.1    287.6      0.0    821.7     69.7      5.1    524.8
    27     1    26     1    10     5     0     1    -1.0   22.881  120.254     15.1    987.4    289.6    288.6      0.0    684.5     72.4      0.2    284.3
     1     1    26     1    10     4     0     2    -2.0   22.899  120.169      0.0   1016.8    289.9    291.3      0.0    655.3     53.4     15.8    358.9
     2     1    26     1    10     4     0     2    -2.0   22.877  120.194      0.0   1016.9    290.1    291.5      0.0    779.1     50.0     18.1    468.2
     3     1    26     1    10     4     0     2    -2.0   22.921  120.150      0.0   1017.4    289.9    291.3      0.0    582.8     59.4      9.6    257.6
     4     1    26     1    10     4     0     2    -2.0   22.790  120.149      0.0   1009.5    291.1    291.8      0.0    728.2     52.3     67.6    320.9
     5     1    26     1    10     4     0     2    -2.0   22.771  120.172      0.0   1002.9    291.5    291.7      0.0    847.3     48.5    120.8    466.1
     6     1    26     1    10     4     0     2    -2.0   22.799  120.114      0.0   1014.7    291.1    292.3      0.0    774.4     60.1     30.6    275.4
     7     1    26     1    10     4     0     2    -2.0   23.118  120.267      6.1   1018.1    289.0    290.4      0.0    715.6     62.5      1.6    494.9
     8     1    26     1    10     4     0     2    -2.0   23.157  120.303      4.6   1018.1    288.9    290.4      0.0    809.0     61.3      1.8    528.3
     9     1    26     1    10     4     0     2    -2.0   23.045  120.235      9.6   1018.2    289.2    290.7      0.0    636.7     61.9      0.0    301.6
    10     1    26     1    10     4     0     2    -2.0   22.899  120.169    249.8   1016.8    289.9    291.3      0.0    655.3     53.4     15.8    358.9
    11     1    26     1    10     4     0     2    -2.0   22.877  120.194    249.8   1016.9    290.1    291.5      0.0    779.1     50.0     18.1    468.2
    12     1    26     1    10     4     0     2    -2.0   22.921  120.150    249.9   1017.4    289.9    291.3      0.0    582.8     59.4      9.6    257.6
    13     1    26     1    10     4     0     2    -2.0   22.790  120.149    249.3   1009.5    291.1    291.8      0.0    728.2     52.3     67.6    320.9
    14     1    26     1    10     4     0     2    -2.0   22.771  120.172    248.8   1002.9    291.5    291.7      0.0    847.3     48.5    120.8    466.1
    15     1    26     1    10     4     0     2    -2.0   22.799  120.114    249.7   1014.7    291.1    292.3      0.0    774.4     60.1     30.6    275.4
    16     1    26     1    10     4     0     2    -2.0   23.118  120.267    250.0   1018.1    289.0    290.4      0.0    715.6     62.5      1.6    494.9
    17     1    26     1    10     4     0     2    -2.0   23.157  120.303    250.0   1018.1    288.9    290.4      0.0    809.0     61.3      1.8    528.3
    18     1    26     1    10     4     0     2    -2.0   23.045  120.235    250.0   1018.2    289.2    290.7      0.0    636.7     61.9      0.0    301.6
    19     1    26     1    10     4     0     2    -2.0   22.901  120.181     59.1    981.7    289.7    288.2      0.0    658.2     61.7     17.0    358.5
    20     1    26     1    10     4     0     2    -2.0   22.906  120.202      0.0    989.0    289.8    288.9      0.0    790.2     56.3     18.9    477.4
    21     1    26     1    10     4     0     2    -2.0   22.901  120.156     36.8    984.9    289.7    288.5      0.0    589.7     68.5      8.8    257.6
    22     1    26     1    10     4     0     2    -2.0   22.802  120.151      0.0    983.2    290.7    289.3      0.0    736.9     59.2     70.0    328.9
    23     1    26     1    10     4     0     2    -2.0   22.779  120.171      0.0    978.0    291.1    289.2      0.0    844.3     54.7    123.7    467.1
    24     1    26     1    10     4     0     2    -2.0   22.806  120.117      0.0    989.7    290.8    290.0      0.0    773.9     66.6     32.0    276.2
    25     1    26     1    10     4     0     2    -2.0   23.117  120.280     84.5    979.8    288.8    287.1      0.0    719.4     71.6      2.8    492.5
    26     1    26     1    10     4     0     2    -2.0   23.157  120.326    103.2    977.7    288.7    286.9      0.0    816.1     70.5      2.6    528.0
    27     1    26     1    10     4     0     2    -2.0   23.035  120.228     17.1    987.9    289.1    288.1      0.0    641.2     69.4      0.0    295.5
     1     1    26     1    10     3     0     3    -3.0   22.977  120.138      0.0   1017.8    289.3    290.8      0.0    598.0     52.5     12.9    430.2
     2     1    26     1    10     3     0     3    -3.0   22.963  120.175      0.0   1017.5    289.5    290.9      0.0    687.3     51.2     16.4    491.9
     3     1    26     1    10     3     0     3    -3.0   22.997  120.109      0.0   1018.1    289.2    290.7      0.0    491.2     55.8     10.1    241.0
     4     1    26     1    10     3     0     3    -3.0   22.820  120.081      0.0   1013.0    290.2    291.2      0.0    572.3     51.0     49.9    313.2
     5     1    26     1    10     3     0     3    -3.0   22.787  120.118      0.0   1007.4    290.6    291.2      0.0    684.7     47.9     94.7    461.9
     6     1    26     1    10     3     0     3    -3.0   22.807  120.046      0.0   1017.2    290.7    292.1      0.0    719.3     60.5     16.0    247.0
     7     1    26     1    10     3     0     3    -3.0   23.294  120.285      5.6   1018.7    288.7    290.2      0.0    731.4     61.6      2.7    499.5
     8     1    26     1    10     3     0     3    -3.0   23.363  120.338      3.5   1018.9    288.6    290.1      0.0    802.1     60.5      0.0    494.3
     9     1    26     1    10     3     0     3    -3.0   23.172  120.235      9.6   1018.9    288.9    290.5      0.0    610.9     60.3      0.0    411.8
    10     1    26     1    10     3     0     3    -3.0   22.977  120.138    249.9   1017.8    289.3    290.8      0.0    598.0     52.5     12.9    430.2
    11     1    26     1    10     3     0     3    -3.0   22.963  120.175    249.8   1017.5    289.5    290.9      0.0    687.3     51.2     16.4    491.9
    12     1    26     1    10     3     0     3    -3.0   22.997  120.109    249.9   1018.1    289.2    290.7      0.0    491.2     55.8     10.1    241.0
    13     1    26     1    10     3     0     3    -3.0   22.820  120.081    249.5   1013.0    290.2    291.2      0.0    572.3     51.0     49.9    313.2
    14     1    26     1    10     3     0     3    -3.0   22.787  120.118    249.1   1007.4    290.6    291.2      0.0    684.7     47.9     94.7    461.9
    15     1    26     1    10     3     0     3    -3.0   22.807  120.046    249.8   1017.2    290.7    292.1      0.0    719.3     60.5     16.0    247.0
    16     1    26     1    10     3     0     3    -3.0   23.294  120.285    250.0   1018.7    288.7    290.2      0.0    731.4     61.6      2.7    499.5
    17     1    26     1    10     3     0     3    -3.0   23.363  120.338    250.0   1018.9    288.6    290.1      0.0    802.1     60.5      0.0    494.3
    18     1    26     1    10     3     0     3    -3.0   23.172  120.235    250.0   1018.9    288.9    290.5      0.0    610.9     60.3      0.0    411.8
    19     1    26     1    10     3     0     3    -3.0   22.969  120.151     76.7    980.5    289.2    287.6      0.0    591.6     61.5     14.1    420.4
    20     1    26     1    10     3     0     3    -3.0   22.997  120.187     18.3    987.0    289.3    288.2      0.0    698.6     57.9     17.5    500.0
    21     1    26     1    10     3     0     3    -3.0   22.958  120.114     30.1    986.4    289.3    288.1      0.0    509.6     64.8      8.9    238.2
    22     1    26     1    10     3     0     3    -3.0   22.825  120.086      0.0    985.9    289.9    288.7      0.0    580.5     58.0     52.0    318.6
    23     1    26     1    10     3     0     3    -3.0   22.793  120.118      0.0    981.1    290.2    288.7      0.0    685.0     54.4     97.1    463.4
    24     1    26     1    10     3     0     3    -3.0   22.800  120.055      0.0    993.2    290.5    290.0      0.0    733.6     66.7     17.2    248.6
    25     1    26     1    10     3     0     3    -3.0   23.282  120.303    116.0    976.7    288.5    286.6      0.0    725.9     71.8      4.3    500.0
    26     1    26     1    10     3     0     3    -3.0   23.349  120.367    103.0    978.5    288.3    286.6      0.0    800.3     69.6      0.0    495.0
    27     1    26     1    10     3     0     3    -3.0   23.158  120.226     36.6    986.3    288.9    287.7      0.0    613.4     68.8      0.0    399.9
     1     1    26     1    10     2     0     2    -4.0   23.050  120.131      0.0   1017.8    288.7    290.1      0.0    535.2     54.6     12.2    314.1
     2     1    26     1    10     2     0     2    -4.0   23.053  120.178      0.0   1017.8    288.6    290.1      0.0    602.2     54.1     13.2    340.1
     3     1    26     1    10     2     0     2    -4.0   23.069  120.095      0.0   1018.0    288.8    290.3      0.0    467.8     56.2      8.9    207.9
     4     1    26     1    10     2     0     2    -4.0   22.851  120.033      0.0   1015.4    288.9    290.2      0.0    408.8     52.1     35.3    220.7
     5     1    26     1    10     2     0     2    -4.0   22.802  120.080      0.0   1010.3    289.1    290.0      0.0    486.4     50.8     74.7    310.6
     6     1    26     1    10     2     0     2    -4.0   22.799  120.007      0.0   1018.0    290.0    291.5      0.0    582.4     60.7      6.1    163.3
     7     1    26     1    10     2     0     2    -4.0   23.473  120.322      4.5   1018.9    288.4    290.0      0.0    718.7     60.8      0.7    337.1
     8     1    26     1    10     2     0     2    -4.0   23.595  120.393      1.4   1018.9    288.0    289.5      0.0    766.6     62.0      0.0    335.1
     9     1    26     1    10     2     0     2    -4.0   23.288  120.255      9.5   1018.5    288.7    290.2      0.0    605.5     60.4      0.5    330.7
    10     1    26     1    10     2     0     2    -4.0   23.050  120.131    249.9   1017.8    288.7    290.1      0.0    535.2     54.6     12.2    314.1
    11     1    26     1    10     2     0     2    -4.0   23.053  120.178    249.9   1017.8    288.6    290.1      0.0    602.2     54.1     13.2    340.1
    12     1    26     1    10     2     0     2    -4.0   23.069  120.095    249.9   1018.0    288.8    290.3      0.0    467.8     56.2      8.9    207.9
    13     1    26     1    10     2     0     2    -4.0   22.851  120.033    249.6   1015.4    288.9    290.2      0.0    408.8     52.1     35.3    220.7
    14     1    26     1    10     2     0     2    -4.0   22.802  120.080    249.3   1010.3    289.1    290.0      0.0    486.4     50.8     74.7    310.6
    15     1    26     1    10     2     0     2    -4.0   22.799  120.007    249.9   1018.0    290.0    291.5      0.0    582.4     60.7      6.1    163.3
    16     1    26     1    10     2     0     2    -4.0   23.473  120.322    250.0   1018.9    288.4    290.0      0.0    718.7     60.8      0.7    337.1
    17     1    26     1    10     2     0     2    -4.0   23.595  120.393    250.0   1018.9    288.0    289.5      0.0    766.6     62.0      0.0    335.1
    18     1    26     1    10     2     0     2    -4.0   23.288  120.255    250.0   1018.5    288.7    290.2      0.0    605.5     60.4      0.5    330.7
    19     1    26     1    10     2     0     2    -4.0   23.031  120.140     98.6    977.9    288.9    287.1      0.0    522.0     62.3     13.1    310.1
    20     1    26     1    10     2     0     2    -4.0   23.097  120.192     39.8    984.9    288.7    287.4      0.0    610.5     60.7     11.0    340.0
    21     1    26     1    10     2     0     2    -4.0   23.009  120.093     31.6    986.0    289.0    287.8      0.0    445.9     63.6      8.7    173.3
    22     1    26     1    10     2     0     2    -4.0   22.844  120.040      0.0    987.2    289.2    288.1      0.0    411.3     57.8     37.5    218.8
    23     1    26     1    10     2     0     2    -4.0   22.807  120.082      0.0    982.7    289.4    288.0      0.0    487.9     55.3     77.6    311.9
    24     1    26     1    10     2     0     2    -4.0   22.766  120.022      0.0    994.6    290.1    289.7      0.0    624.3     67.5      6.5    164.9
    25     1    26     1    10     2     0     2    -4.0   23.448  120.342    107.7    977.7    288.3    286.5      0.0    700.2     69.5      1.8    337.8
    26     1    26     1    10     2     0     2    -4.0   23.586  120.428     72.5    981.9    287.7    286.2      0.0    760.1     70.8      0.0    335.1
    27     1    26     1    10     2     0     2    -4.0   23.271  120.244     74.4    981.4    288.6    287.0      0.0    606.2     70.2      0.0    330.8
     1     1    26     1    10     1     0     1    -5.0   23.141  120.145      0.0   1017.6    287.9    289.4      0.0    459.3     56.3     13.6    172.4
     2     1    26     1    10     1     0     1    -5.0   23.162  120.199      0.0   1018.0    287.7    289.2      0.0    504.6     56.9      6.5    179.8
     3     1    26     1    10     1     0     1    -5.0   23.149  120.106      0.0   1017.7    288.3    289.7      0.0    419.4     56.4      9.9    136.7
     4     1    26     1    10     1     0     1    -5.0   22.890  120.010      0.0   1016.8    287.8    289.2      0.0    281.2     53.6     27.4    127.5
     5     1    26     1    10     1     0     1    -5.0   22.830  120.061      0.0   1011.6    287.8    288.8      0.0    318.3     54.1     67.2    166.2
     6     1    26     1    10     1     0     1    -5.0   22.800  119.999      0.0   1017.9    289.5    291.0      0.0    466.0     59.9      4.7     87.9
     7     1    26     1    10     1     0     1    -5.0   23.674  120.377      2.3   1018.7    287.9    289.4      0.0    686.3     61.6      0.0    177.9
     8     1    26     1    10     1     0     1    -5.0   23.880  120.492      0.0   1019.4    287.4    289.0      0.0    769.1     64.0      0.0    177.5
     9     1    26     1    10     1     0     1    -5.0   23.425  120.294      8.2   1017.9    288.4    289.9      0.0    580.0     60.0      4.1    177.4
    10     1    26     1    10     1     0     1    -5.0   23.141  120.145    249.9   1017.6    287.9    289.4      0.0    459.3     56.3     13.6    172.4
    11     1    26     1    10     1     0     1    -5.0   23.162  120.199    249.9   1018.0    287.7    289.2      0.0    504.6     56.9      6.5    179.8
    12     1    26     1    10     1     0     1    -5.0   23.149  120.106    249.9   1017.7    288.3    289.7      0.0    419.5     56.4      9.9    136.7
    13     1    26     1    10     1     0     1    -5.0   22.890  120.010    249.7   1016.8    287.8    289.2      0.0    281.2     53.6     27.4    127.5
    14     1    26     1    10     1     0     1    -5.0   22.830  120.061    249.3   1011.6    287.8    288.8      0.0    318.3     54.1     67.2    166.2
    15     1    26     1    10     1     0     1    -5.0   22.800  119.999    250.0   1017.9    289.5    291.0      0.0    466.0     59.9      4.7     87.9
    16     1    26     1    10     1     0     1    -5.0   23.674  120.377    250.0   1018.7    287.9    289.4      0.0    686.3     61.6      0.0    177.9
    17     1    26     1    10     1     0     1    -5.0   23.880  120.492    250.0   1019.4    287.4    289.0      0.0    769.1     64.0      0.0    177.5
    18     1    26     1    10     1     0     1    -5.0   23.425  120.294    250.0   1017.9    288.4    289.9      0.0    580.0     60.0      4.1    177.4
    19     1    26     1    10     1     0     1    -5.0   23.117  120.149    103.6    977.1    288.7    286.8      0.0    446.1     62.1     14.0    170.6
    20     1    26     1    10     1     0     1    -5.0   23.247  120.217     27.5    986.5    288.0    286.9      0.0    518.3     64.2      0.2    179.8
    21     1    26     1    10     1     0     1    -5.0   23.072  120.098     50.7    983.5    288.8    287.4      0.0    404.9     63.6      9.2    114.6
    22     1    26     1    10     1     0     1    -5.0   22.869  120.017      0.0    988.0    288.7    287.7      0.0    280.4     57.8     30.0    123.2
    23     1    26     1    10     1     0     1    -5.0   22.842  120.066      0.0    983.2    288.7    287.3      0.0    320.7     56.5     72.4    167.5
    24     1    26     1    10     1     0     1    -5.0   22.732  120.026      0.0    993.7    289.8    289.3      0.0    530.2     67.5      5.4     89.2
    25     1    26     1    10     1     0     1    -5.0   23.660  120.399     71.4    981.8    287.8    286.2      0.0    666.0     69.8      0.0    178.0
    26     1    26     1    10     1     0     1    -5.0   23.897  120.541     68.7    982.1    287.2    285.7      0.0    744.7     71.5      3.8    177.5
    27     1    26     1    10     1     0     1    -5.0   23.410  120.279     84.0    979.8    288.4    286.7      0.0    590.2     69.1      2.7    177.3
     1     1    26     1    10     0     0     0    -6.0   23.248  120.175      0.0   1017.6    286.8    288.3      0.0    352.9     58.4     16.4     19.8
     2     1    26     1    10     0     0     0    -6.0   23.288  120.239      0.0   1017.7    286.8    288.2      0.0    388.0     60.3      0.0     19.8
     3     1    26     1    10     0     0     0    -6.0   23.233  120.136      0.0   1017.6    287.4    288.9      0.0    316.0     57.1     12.7     19.8
     4     1    26     1    10     0     0     0    -6.0   22.935  120.009      0.0   1017.0    286.7    288.1      0.0    148.5     56.1     27.3     19.8
     5     1    26     1    10     0     0     0    -6.0   22.871  120.061      0.0   1011.1    286.7    287.6      0.0    161.6     57.7     73.3     19.8
     6     1    26     1    10     0     0     0    -6.0   22.809  120.020      0.0   1017.0    288.9    290.3      0.0    336.7     58.8     10.2     13.7
     7     1    26     1    10     0     0     0    -6.0   23.913  120.462      0.0   1019.0    287.4    289.0      0.0    706.1     63.7      0.0     19.8
     8     1    26     1    10     0     0     0    -6.0   24.171  120.635      0.6   1018.9    286.8    288.4      0.0    808.5     63.1      4.0     19.8
     9     1    26     1    10     0     0     0    -6.0   23.580  120.345      5.3   1018.0    287.6    289.1      0.0    506.5     60.6      6.1     19.8
    10     1    26     1    10     0     0     0    -6.0   23.248  120.175    249.8   1017.6    286.8    288.3      0.0    352.9     58.4     16.4     19.8
    11     1    26     1    10     0     0     0    -6.0   23.288  120.239    250.0   1017.7    286.8    288.2      0.0    388.0     60.3      0.0     19.8
    12     1    26     1    10     0     0     0    -6.0   23.233  120.136    249.9   1017.6    287.4    288.9      0.0    316.0     57.1     12.7     19.8
    13     1    26     1    10     0     0     0    -6.0   22.935  120.009    249.7   1017.0    286.7    288.1      0.0    148.5     56.1     27.3     19.8
    14     1    26     1    10     0     0     0    -6.0   22.871  120.061    249.3   1011.1    286.7    287.6      0.0    161.6     57.7     73.3     19.8
    15     1    26     1    10     0     0     0    -6.0   22.809  120.020    249.9   1017.0    288.9    290.3      0.0    336.7     58.8     10.2     13.7
    16     1    26     1    10     0     0     0    -6.0   23.913  120.462    250.0   1019.0    287.4    289.0      0.0    706.1     63.7      0.0     19.8
    17     1    26     1    10     0     0     0    -6.0   24.171  120.635    250.6   1018.9    286.8    288.4      0.0    808.5     63.1      4.0     19.8
    18     1    26     1    10     0     0     0    -6.0   23.580  120.345    249.9   1018.0    287.6    289.1      0.0    506.5     60.6      6.1     19.8
    19     1    26     1    10     0     0     0    -6.0   23.241  120.177     76.4    980.1    288.1    286.5      0.0    346.6     61.3     16.6     19.8
    20     1    26     1    10     0     0     0    -6.0   23.473  120.274      0.0    989.0    287.3    286.3      0.0    533.2     68.1      6.7     19.8
    21     1    26     1    10     0     0     0    -6.0   23.138  120.122     69.3    981.1    288.6    287.0      0.0    324.0     62.6     11.4     19.8
    22     1    26     1    10     0     0     0    -6.0   22.902  120.015      0.6    988.1    288.2    287.2      0.0    151.6     58.0     29.5     19.8
    23     1    26     1    10     0     0     0    -6.0   22.902  120.069      0.0    981.9    288.1    286.6      0.0    166.9     57.9     85.3     19.8
    24     1    26     1    10     0     0     0    -6.0   22.704  120.063      0.0    990.7    289.6    288.8      0.0    428.1     67.6     11.4     13.3
    25     1    26     1    10     0     0     0    -6.0   23.946  120.499     38.3    986.1    287.2    286.0      0.0    715.9     71.2      0.0     19.8
    26     1    26     1    10     0     0     0    -6.0   24.214  120.711    106.9    978.0    286.7    284.9      0.0    822.0     72.4      2.9     19.8
    27     1    26     1    10     0     0     0    -6.0   23.586  120.330     45.6    984.3    288.0    286.7      0.0    531.7     67.0      4.9     19.8
     1     1    26     1     9    23     0     1    -7.0   23.363  120.214      0.0   1017.1    286.4    287.8      0.0    311.1     59.3     11.0     13.2
     2     1    26     1     9    23     0     1    -7.0   23.427  120.296      0.0   1015.1    286.8    288.1      0.0    405.9     60.9     17.2     13.2
     3     1    26     1     9    23     0     1    -7.0   23.322  120.172      0.0   1017.1    286.8    288.2      0.0    282.1     58.1     16.1     13.2
     4     1    26     1     9    23     0     1    -7.0   22.985  120.020      0.3   1015.5    286.3    287.6      0.0    138.5     57.6     33.3     13.2
     5     1    26     1     9    23     0     1    -7.0   22.924  120.074      2.5   1008.1    286.5    287.2      0.0    154.7     59.1     93.9     13.2
     6     1    26     1     9    23     0     1    -7.0   22.833  120.051      2.6   1015.4    288.6    289.8      0.0    290.6     58.6     19.7      9.7
     7     1    26     1     9    23     0     1    -7.0   24.175  120.583      0.0   1017.6    287.0    288.4      0.0    666.5     63.4      7.8     13.2
     8     1    26     1     9    23     0     1    -7.0   24.423  120.796      0.1   1017.9    286.8    288.3      0.0    815.9     61.8      8.7     13.2
     9     1    26     1     9    23     0     1    -7.0   23.742  120.407      3.1   1017.7    287.0    288.4      0.0    442.9     61.1      0.4     13.2
    10     1    26     1     9    23     0     1    -7.0   23.363  120.214    249.9   1017.1    286.4    287.8      0.0    311.1     59.3     11.0     13.2
    11     1    26     1     9    23     0     1    -7.0   23.427  120.296    249.8   1015.1    286.8    288.1      0.0    405.9     60.9     17.2     13.2
    12     1    26     1     9    23     0     1    -7.0   23.322  120.172    249.8   1017.1    286.8    288.2      0.0    282.1     58.1     16.1     13.2
    13     1    26     1     9    23     0     1    -7.0   22.985  120.020    250.0   1015.5    286.3    287.6      0.0    138.5     57.6     33.3     13.2
    14     1    26     1     9    23     0     1    -7.0   22.924  120.074    251.6   1008.1    286.5    287.2      0.0    154.7     59.1     93.9     13.2
    15     1    26     1     9    23     0     1    -7.0   22.833  120.051    252.4   1015.4    288.6    289.8      0.0    290.6     58.6     19.7      9.7
    16     1    26     1     9    23     0     1    -7.0   24.175  120.583    249.9   1017.6    287.0    288.4      0.0    666.5     63.4      7.8     13.2
    17     1    26     1     9    23     0     1    -7.0   24.423  120.796    250.0   1017.9    286.8    288.3      0.0    815.9     61.8      8.7     13.2
    18     1    26     1     9    23     0     1    -7.0   23.742  120.407    250.0   1017.7    287.0    288.4      0.0    442.9     61.1      0.4     13.2
    19     1    26     1     9    23     0     1    -7.0   23.414  120.226     55.8    982.0    287.8    286.3      0.0    311.3     62.4      7.3     13.2
    20     1    26     1     9    23     0     1    -7.0   23.734  120.370      0.0    987.7    287.0    286.0      0.0    513.6     67.6     12.3     13.2
    21     1    26     1     9    23     0     1    -7.0   23.222  120.154     75.7    979.9    288.6    286.9      0.0    286.0     60.6     14.5     13.2
    22     1    26     1     9    23     0     1    -7.0   22.955  120.028      3.7    986.2    288.3    287.1      0.0    140.2     57.1     36.4     13.2
    23     1    26     1     9    23     0     1    -7.0   22.993  120.091      0.0    976.2    288.7    286.7      0.0    158.2     57.5    127.0     13.2
    24     1    26     1     9    23     0     1    -7.0   22.690  120.113      0.0    987.9    289.5    288.5      0.0    391.1     67.9     19.0      9.2
    25     1    26     1     9    23     0     1    -7.0   24.245  120.642     57.9    981.7    287.0    285.5      0.0    654.1     70.5     13.3     13.2
    26     1    26     1     9    23     0     1    -7.0   24.484  120.905    135.1    973.9    286.9    284.7      0.0    790.5     71.8      6.0     13.2
    27     1    26     1     9    23     0     1    -7.0   23.807  120.401     19.0    987.0    287.6    286.5      0.0    487.2     66.9      0.0     13.2
     1     1    26     1     9    22     0     2    -8.0   23.468  120.263      0.7   1015.2    286.0    287.3      0.0    253.7     59.9     13.2      6.6
     2     1    26     1     9    22     0     2    -8.0   23.564  120.359      1.4   1014.4    286.6    287.7      0.0    360.1     61.3     20.5      6.6
     3     1    26     1     9    22     0     2    -8.0   23.418  120.209      0.0   1016.5    286.2    287.6      0.0    242.6     59.0     19.6      6.6
     4     1    26     1     9    22     0     2    -8.0   23.044  120.037      4.8   1013.2    286.1    287.1      0.0    136.5     59.4     46.8      6.6
     5     1    26     1     9    22     0     2    -8.0   22.988  120.099     25.7   1001.0    286.6    286.7      0.0    132.6     60.8    134.7      6.6
     6     1    26     1     9    22     0     2    -8.0   22.879  120.080     13.6   1013.4    288.0    289.1      0.0    229.1     58.8     31.2      5.3
     7     1    26     1     9    22     0     2    -8.0   24.395  120.711      0.8   1017.4    286.9    288.3      0.0    653.8     62.8      8.3      6.6
     8     1    26     1     9    22     0     2    -8.0   24.625  120.944      0.0   1018.3    286.8    288.3      0.0    825.3     61.1      0.0      6.6
     9     1    26     1     9    22     0     2    -8.0   23.893  120.478      2.1   1016.5    286.8    288.1      0.0    396.5     61.3      0.0      6.6
    10     1    26     1     9    22     0     2    -8.0   23.468  120.263    250.5   1015.2    286.0    287.3      0.0    253.7     59.9     13.2      6.6
    11     1    26     1     9    22     0     2    -8.0   23.564  120.359    251.2   1014.4    286.6    287.7      0.0    360.1     61.3     20.5      6.6
    12     1    26     1     9    22     0     2    -8.0   23.418  120.209    249.8   1016.5    286.2    287.6      0.0    242.6     59.0     19.6      6.6
    13     1    26     1     9    22     0     2    -8.0   23.044  120.037    254.3   1013.2    286.1    287.1      0.0    136.5     59.4     46.8      6.6
    14     1    26     1     9    22     0     2    -8.0   22.988  120.099    274.4   1001.0    286.6    286.7      0.0    132.6     60.8    134.7      6.6
    15     1    26     1     9    22     0     2    -8.0   22.879  120.080    263.3   1013.4    288.0    289.1      0.0    229.1     58.8     31.2      5.3
    16     1    26     1     9    22     0     2    -8.0   24.395  120.711    250.7   1017.4    286.9    288.3      0.0    653.8     62.8      8.3      6.6
    17     1    26     1     9    22     0     2    -8.0   24.625  120.944    250.0   1018.3    286.8    288.3      0.0    825.3     61.1      0.0      6.6
    18     1    26     1     9    22     0     2    -8.0   23.893  120.478    250.0   1016.5    286.8    288.1      0.0    396.5     61.3      0.0      6.6
    19     1    26     1     9    22     0     2    -8.0   23.618  120.295     68.2    977.6    287.9    286.1      0.0    312.0     63.7     22.1      6.6
    20     1    26     1     9    22     0     2    -8.0   23.973  120.484     29.4    983.7    287.0    285.7      0.0    475.3     68.1     22.0      6.6
    21     1    26     1     9    22     0     2    -8.0   23.339  120.196     76.0    979.3    288.7    287.0      0.0    243.1     58.4     18.4      6.6
    22     1    26     1     9    22     0     2    -8.0   23.041  120.055     12.9    981.9    288.6    287.1      0.0    127.8     56.6     57.4      6.6
    23     1    26     1     9    22     0     2    -8.0   23.106  120.131     15.2    971.9    289.0    286.6      0.0    140.6     58.4    141.4      6.6
    24     1    26     1     9    22     0     2    -8.0   22.701  120.157      2.2    985.5    289.4    288.2      0.0    312.6     67.5     28.0      4.5
    25     1    26     1     9    22     0     2    -8.0   24.499  120.795     79.9    977.3    287.1    285.2      0.0    660.5     69.8     27.3      6.6
    26     1    26     1     9    22     0     2    -8.0   24.694  121.078    149.6    970.5    286.9    284.4      0.0    757.2     72.1     16.4      6.6
    27     1    26     1     9    22     0     2    -8.0   24.051  120.497     15.9    986.4    287.4    286.3      0.0    486.7     68.1      0.0      6.6
     1     1    26     1     9    21     0     3    -9.0   23.562  120.319     12.1   1011.3    286.1    287.0      0.0    216.0     60.7     41.7      0.0
     2     1    26     1     9    21     0     3    -9.0   23.679  120.424      9.9   1013.9    286.0    287.1      0.0    256.9     61.6     22.6      0.0
     3     1    26     1     9    21     0     3    -9.0   23.513  120.247      0.0   1015.7    285.6    286.8      0.0    186.0     59.5     21.9      0.0
     4     1    26     1     9    21     0     3    -9.0   23.117  120.066     23.8   1007.3    286.0    286.6      0.0    123.0     61.2     76.6      0.0
     5     1    26     1     9    21     0     3    -9.0   23.079  120.148     87.8    989.4    287.5    286.6      0.0     97.1     60.3    166.9      0.0
     6     1    26     1     9    21     0     3    -9.0   22.945  120.112     35.9   1008.7    287.4    288.1      0.0    161.5     59.9     45.9      0.0
     7     1    26     1     9    21     0     3    -9.0   24.571  120.838      4.6   1013.2    286.6    287.7      0.0    581.4     63.1     38.1      0.0
     8     1    26     1     9    21     0     3    -9.0   24.798  121.064      0.0   1017.3    286.6    288.0      0.0    818.6     60.6      4.8      0.0
     9     1    26     1     9    21     0     3    -9.0   24.027  120.552      4.3   1014.7    286.7    287.9      0.0    336.0     61.7     10.9      0.0
    10     1    26     1     9    21     0     3    -9.0   23.562  120.319    261.7   1011.3    286.1    287.0      0.0    216.0     60.7     41.7      0.0
    11     1    26     1     9    21     0     3    -9.0   23.679  120.424    259.7   1013.9    286.0    287.1      0.0    256.9     61.6     22.6      0.0
    12     1    26     1     9    21     0     3    -9.0   23.513  120.247    249.8   1015.7    285.6    286.8      0.0    186.0     59.5     21.9      0.0
    13     1    26     1     9    21     0     3    -9.0   23.117  120.066    273.1   1007.3    286.0    286.6      0.0    123.0     61.2     76.6      0.0
    14     1    26     1     9    21     0     3    -9.0   23.079  120.148    336.1    989.4    287.5    286.6      0.0     97.1     60.3    166.9      0.0
    15     1    26     1     9    21     0     3    -9.0   22.945  120.112    285.4   1008.7    287.4    288.1      0.0    161.5     59.9     45.9      0.0
    16     1    26     1     9    21     0     3    -9.0   24.571  120.838    254.2   1013.2    286.6    287.7      0.0    581.4     63.1     38.1      0.0
    17     1    26     1     9    21     0     3    -9.0   24.798  121.064    250.0   1017.3    286.6    288.0      0.0    818.6     60.6      4.8      0.0
    18     1    26     1     9    21     0     3    -9.0   24.027  120.552    252.1   1014.7    286.7    287.9      0.0    336.0     61.7     10.9      0.0
    19     1    26     1     9    21     0     3    -9.0   23.802  120.376    103.7    972.8    288.3    286.0      0.0    267.1     62.4     24.6      0.0
    20     1    26     1     9    21     0     3    -9.0   24.162  120.601     49.2    973.2    287.7    285.4      0.0    399.2     65.8     89.0      0.0
    21     1    26     1     9    21     0     3    -9.0   23.492  120.257     98.5    974.9    289.2    287.1      0.0    172.4     54.3     30.8      0.0
    22     1    26     1     9    21     0     3    -9.0   23.157  120.100     40.0    971.7    289.5    287.1      0.0    106.2     57.1    115.2      0.0
    23     1    26     1     9    21     0     3    -9.0   23.223  120.183     51.0    967.4    289.2    286.5      0.0     96.9     57.4    144.7      0.0
    24     1    26     1     9    21     0     3    -9.0   22.731  120.201     26.0    981.5    289.2    287.7      0.0    192.0     67.0     41.2      0.0
    25     1    26     1     9    21     0     3    -9.0   24.697  120.934     81.6    976.9    287.0    285.1      0.0    618.0     70.1     23.6      0.0
    26     1    26     1     9    21     0     3    -9.0   24.857  121.218    162.3    969.2    286.8    284.3      0.0    702.5     72.1     11.7      0.0
    27     1    26     1     9    21     0     3    -9.0   24.268  120.605     49.1    981.8    287.5    286.0      0.0    417.7     65.0      9.8      0.0
     1     1    26     1     9    20     0     2   -10.0   23.656  120.378     34.9   1007.8    286.4    287.0      0.0    204.3     60.2     53.2      0.0
     2     1    26     1     9    20     0     2   -10.0   23.765  120.481     20.3   1012.9    285.7    286.7      0.0    201.0     61.2     21.7      0.0
     3     1    26     1     9    20     0     2   -10.0   23.599  120.288      9.6   1012.0    285.9    286.8      0.0    185.5     59.8     52.0      0.0
     4     1    26     1     9    20     0     2   -10.0   23.210  120.109     70.4    995.1    287.0    286.6      0.0    110.8     60.7    138.2      0.0
     5     1    26     1     9    20     0     2   -10.0   23.178  120.197    146.9    981.9    288.0    286.5      0.0     81.4     59.5    175.0      0.0
     6     1    26     1     9    20     0     2   -10.0   23.021  120.141     65.0   1003.4    287.4    287.7      0.0    123.7     59.6     62.7      0.0
     7     1    26     1     9    20     0     2   -10.0   24.712  120.949     14.7   1015.1    286.6    287.9      0.0    586.5     61.7     18.4      0.0
     8     1    26     1     9    20     0     2   -10.0   24.948  121.157      0.0   1018.0    286.7    288.1      0.0    832.7     59.0      3.1      0.0
     9     1    26     1     9    20     0     2   -10.0   24.148  120.626     12.7   1014.4    286.4    287.6      0.0    313.2     61.0     18.4      0.0
    10     1    26     1     9    20     0     2   -10.0   23.656  120.378    284.4   1007.8    286.4    287.0      0.0    204.3     60.2     53.2      0.0
    11     1    26     1     9    20     0     2   -10.0   23.765  120.481    270.1   1012.9    285.7    286.7      0.0    201.0     61.2     21.7      0.0
    12     1    26     1     9    20     0     2   -10.0   23.599  120.288    259.0   1012.0    285.9    286.8      0.0    185.5     59.8     52.0      0.0
    13     1    26     1     9    20     0     2   -10.0   23.210  120.109    319.0    995.1    287.0    286.6      0.0    110.8     60.7    138.2      0.0
    14     1    26     1     9    20     0     2   -10.0   23.178  120.197    395.2    981.9    288.0    286.5      0.0     81.4     59.5    175.0      0.0
    15     1    26     1     9    20     0     2   -10.0   23.021  120.141    314.4   1003.4    287.4    287.7      0.0    123.7     59.6     62.7      0.0
    16     1    26     1     9    20     0     2   -10.0   24.712  120.949    264.5   1015.1    286.6    287.9      0.0    586.5     61.7     18.4      0.0
    17     1    26     1     9    20     0     2   -10.0   24.948  121.157    250.0   1018.0    286.7    288.1      0.0    832.7     59.0      3.1      0.0
    18     1    26     1     9    20     0     2   -10.0   24.147  120.625    260.4   1014.7    286.4    287.6      0.0    313.3     61.0     18.4      0.0
    19     1    26     1     9    20     0     2   -10.0   23.952  120.451    155.2    967.4    288.6    285.9      0.0    223.3     58.8     23.8      0.0
    20     1    26     1     9    20     0     2   -10.0   24.319  120.709     48.4    973.4    287.4    285.2      0.0    347.9     65.5     91.5      0.0
    21     1    26     1     9    20     0     2   -10.0   23.640  120.319    159.5    962.6    289.5    286.3      0.0    172.3     57.0     73.4      0.0
    22     1    26     1     9    20     0     2   -10.0   23.265  120.146    101.3    957.3    290.2    286.6      0.0     91.2     57.8    186.7      0.0
    23     1    26     1     9    20     0     2   -10.0   23.320  120.230    101.8    962.7    289.3    286.2      0.0     85.0     56.9    135.7      0.0
    24     1    26     1     9    20     0     2   -10.0   22.764  120.237     64.2    976.0    289.6    287.6      0.0    134.9     67.5     54.4      0.0
    25     1    26     1     9    20     0     2   -10.0   24.866  121.055     76.8    978.3    287.0    285.2      0.0    628.8     68.2     20.3      0.0
    26     1    26     1     9    20     0     2   -10.0   24.989  121.332    161.2    970.7    286.9    284.5      0.0    883.5     70.8      2.5      0.0
    27     1    26     1     9    20     0     2   -10.0   24.450  120.705     81.1    977.8    287.5    285.7      0.0    399.0     65.0     19.2      0.0
     1     1    26     1     9    19     0     1   -11.0   23.744  120.435     49.6   1007.6    286.2    286.9      0.0    178.4     59.4     43.2      0.0
     2     1    26     1     9    19     0     1   -11.0   23.844  120.540     33.7   1006.5    286.1    286.6      0.0    211.6     60.7     66.4      0.0
     3     1    26     1     9    19     0     1   -11.0   23.680  120.336     35.2   1005.8    286.3    286.8      0.0    174.9     59.4     79.7      0.0
     4     1    26     1     9    19     0     1   -11.0   23.303  120.153    127.3    983.7    287.8    286.5      0.0     97.8     60.4    180.8      0.0
     5     1    26     1     9    19     0     1   -11.0   23.255  120.233    191.7    977.9    287.9    286.1      0.0     65.8     58.9    168.3      0.0
     6     1    26     1     9    19     0     1   -11.0   23.099  120.162     90.4    997.9    287.7    287.5      0.0    102.2     59.6     81.3      0.0
     7     1    26     1     9    19     0     1   -11.0   24.837  121.049     21.6   1014.5    286.6    287.8      0.0    567.2     60.2     20.9      0.0
     8     1    26     1     9    19     0     1   -11.0   25.091  121.229      0.0   1019.3    286.7    288.3      0.0    907.0     57.4      0.0      0.0
     9     1    26     1     9    19     0     1   -11.0   24.252  120.692     19.4   1013.5    286.1    287.2      0.0    257.9     60.5     18.0      0.0
    10     1    26     1     9    19     0     1   -11.0   23.744  120.435    299.2   1007.6    286.2    286.9      0.0    178.4     59.4     43.2      0.0
    11     1    26     1     9    19     0     1   -11.0   23.844  120.540    283.1   1006.5    286.1    286.6      0.0    211.6     60.7     66.4      0.0
    12     1    26     1     9    19     0     1   -11.0   23.680  120.336    284.4   1005.8    286.3    286.8      0.0    174.9     59.4     79.7      0.0
    13     1    26     1     9    19     0     1   -11.0   23.303  120.153    375.5    983.7    287.8    286.5      0.0     97.8     60.4    180.8      0.0
    14     1    26     1     9    19     0     1   -11.0   23.255  120.233    440.0    977.9    287.9    286.1      0.0     65.8     58.9    168.3      0.0
    15     1    26     1     9    19     0     1   -11.0   23.099  120.162    339.6    997.9    287.7    287.5      0.0    102.2     59.6     81.3      0.0
    16     1    26     1     9    19     0     1   -11.0   24.837  121.049    271.3   1014.5    286.6    287.8      0.0    567.2     60.2     20.9      0.0
    17     1    26     1     9    19     0     1   -11.0   25.091  121.229    250.0   1019.3    286.7    288.3      0.0    907.0     57.4      0.0      0.0
    18     1    26     1     9    19     0     1   -11.0   24.251  120.691    266.7   1013.8    286.1    287.2      0.0    258.1     60.5     17.9      0.0
    19     1    26     1     9    19     0     1   -11.0   24.085  120.514    183.2    963.0    289.0    285.9      0.0    228.1     56.6     38.0      0.0
    20     1    26     1     9    19     0     1   -11.0   24.462  120.803     41.3    976.0    287.4    285.4      0.0    395.4     64.4     78.4      0.0
    21     1    26     1     9    19     0     1   -11.0   23.750  120.367    215.9    954.9    289.6    285.8      0.0    163.4     57.4     85.7      0.0
    22     1    26     1     9    19     0     1   -11.0   23.339  120.176    161.9    949.9    290.3    286.0      0.0     86.4     58.7    191.5      0.0
    23     1    26     1     9    19     0     1   -11.0   23.390  120.263    156.7    954.2    289.8    285.9      0.0     82.0     55.9    155.9      0.0
    24     1    26     1     9    19     0     1   -11.0   22.794  120.251     89.2    972.0    289.9    287.5      0.0    125.3     68.2     63.6      0.0
    25     1    26     1     9    19     0     1   -11.0   25.011  121.163     59.6    981.4    287.0    285.5      0.0    573.3     66.1     14.6      0.0
    26     1    26     1     9    19     0     1   -11.0   25.096  121.418    122.2    976.2    286.9    284.9      0.0    892.1     67.7      0.0      0.0
    27     1    26     1     9    19     0     1   -11.0   24.629  120.803     91.7    972.3    287.9    285.5      0.0    409.3     64.0     57.7      0.0
     1     1    26     1     9    18     0     0   -12.0   23.809  120.484     54.6   1007.2    286.0    286.6      0.0    146.3     58.5     44.9      0.0
     2     1    26     1     9    18     0     0   -12.0   23.930  120.607     63.2    994.8    286.8    286.4      0.0    198.5     59.2    142.6      0.0
     3     1    26     1     9    18     0     0   -12.0   23.761  120.386     68.2   1000.2    286.6    286.6      0.0    155.3     58.8     96.8      0.0
     4     1    26     1     9    18     0     0   -12.0   23.377  120.184    182.3    977.0    288.1    286.1      0.0     88.9     60.6    184.5      0.0
     5     1    26     1     9    18     0     0   -12.0   23.309  120.259    241.7    969.5    288.4    285.8      0.0     63.1     58.6    192.3      0.0
     6     1    26     1     9    18     0     0   -12.0   23.173  120.177    111.8    992.9    287.9    287.3      0.0     81.6     59.4     99.9      0.0
     7     1    26     1     9    18     0     0   -12.0   24.950  121.134     29.2   1013.6    286.5    287.6      0.0    511.1     59.5     26.4      0.0
     8     1    26     1     9    18     0     0   -12.0   25.232  121.274      0.0   1019.7    286.5    288.1      0.0    969.9     56.2      0.0      0.0
     9     1    26     1     9    18     0     0   -12.0   24.344  120.755     21.9   1012.4    286.0    287.0      0.0    245.6     60.1     28.5      0.0
    10     1    26     1     9    18     0     0   -12.0   23.809  120.484    304.1   1007.2    286.0    286.6      0.0    146.3     58.5     44.9      0.0
    11     1    26     1     9    18     0     0   -12.0   23.930  120.607    311.7    994.8    286.8    286.4      0.0    198.5     59.2    142.6      0.0
    12     1    26     1     9    18     0     0   -12.0   23.761  120.386    317.2   1000.2    286.6    286.6      0.0    155.3     58.8     96.8      0.0
    13     1    26     1     9    18     0     0   -12.0   23.377  120.184    430.4    977.0    288.1    286.1      0.0     88.9     60.6    184.5      0.0
    14     1    26     1     9    18     0     0   -12.0   23.309  120.259    489.7    969.5    288.4    285.8      0.0     63.1     58.6    192.3      0.0
    15     1    26     1     9    18     0     0   -12.0   23.173  120.177    360.8    992.9    287.9    287.3      0.0     81.6     59.4     99.9      0.0
    16     1    26     1     9    18     0     0   -12.0   24.950  121.134    278.9   1013.6    286.5    287.6      0.0    511.1     59.5     26.4      0.0
    17     1    26     1     9    18     0     0   -12.0   25.232  121.274    250.0   1019.7    286.5    288.1      0.0    969.9     56.2      0.0      0.0
    18     1    26     1     9    18     0     0   -12.0   24.340  120.753    268.5   1013.0    286.0    287.1      0.0    245.0     60.0     26.3      0.0
    19     1    26     1     9    18     0     0   -12.0   24.219  120.567    189.7    956.5    289.3    285.7      0.0    266.0     57.2     99.4      0.0
    20     1    26     1     9    18     0     0   -12.0   24.584  120.884     18.4    981.5    287.3    285.8      0.0    365.3     62.2     57.9      0.0
    21     1    26     1     9    18     0     0   -12.0   23.830  120.398    254.3    951.0    289.8    285.6      0.0    165.6     57.8     84.5      0.0
    22     1    26     1     9    18     0     0   -12.0   23.383  120.190    203.5    945.8    290.2    285.6      0.0     85.1     59.3    187.4      0.0
    23     1    26     1     9    18     0     0   -12.0   23.440  120.281    203.7    947.2    290.3    285.8      0.0     88.4     55.3    172.4      0.0
    24     1    26     1     9    18     0     0   -12.0   22.821  120.243     97.1    970.9    290.0    287.6      0.0    134.2     68.3     62.9      0.0
    25     1    26     1     9    18     0     0   -12.0   25.133  121.254     30.2    985.7    287.0    285.8      0.0    624.0     64.1     11.7      0.0
    26     1    26     1     9    18     0     0   -12.0   25.192  121.478     91.0    980.4    286.8    285.2      0.0    928.4     65.7      0.0      0.0
    27     1    26     1     9    18     0     0   -12.0   24.797  120.895    107.4    969.5    287.9    285.3      0.0    361.7     62.7     71.3      0.0