    10     1
    GFSQ    26     1     2     0     0
    GFSQ    26     1     3     0     0
    GFSQ    26     1     4     0     0
    GFSQ    26     1     5     0     0
    GFSQ    26     1     6     0     0
    GFSQ    26     1     7     0     0
    GFSQ    26     1     8     0     0
    GFSQ    26     1     9     0     0
    GFSQ    26     1    10     0     0
    GFSQ    26     1    11     0     0
    27 BACKWARD OMEGA   
    26     1    10     1   22.711  120.310    10.0
    26     1    10     1   22.711  120.310    10.0
    26     1    10     1   22.711  120.310    10.0
    26     1    10     1   22.711  120.310    10.0
    26     1    10     1   22.711  120.310    10.0
    26     1    10     1   22.711  120.310    10.0
    26     1    10     1   22.711  120.310    10.0
    26     1    10     1   22.711  120.310    10.0
    26     1    10     1   22.711  120.310    10.0
    26     1    10     1   22.711  120.310    10.0
    26     1    10     1   22.711  120.310    10.0
    26     1    10     1   22.711  120.310    10.0
    26     1    10     1   22.711  120.310    10.0
    26     1    10     1   22.711  120.310    10.0
    26     1    10     1   22.711  120.310    10.0
    26     1    10     1   22.711  120.310    10.0
    26     1    10     1   22.711  120.310    10.0
    26     1    10     1   22.711  120.310    10.0
    26     1    10     1   22.711  120.310    10.0
    26     1    10     1   22.711  120.310    10.0
    26     1    10     1   22.711  120.310    10.0
    26     1    10     1   22.711  120.310    10.0
    26     1    10     1   22.711  120.310    10.0
    26     1    10     1   22.711  120.310    10.0
    26     1    10     1   22.711  120.310    10.0
    26     1    10     1   22.711  120.310    10.0
    26     1    10     1   22.711  120.310    10.0
     8 PRESSURE THETA    AIR_TEMP RAINFALL MIXDEPTH RELHUMID TERR_MSL SUN_FLUX
     1     1    26     1    10     1     0     1     0.0   22.711  120.310     10.0   1015.0    288.7    289.9      0.0    315.1     55.7     34.8     96.0
     2     1    26     1    10     1     0     1     0.0   22.711  120.310     10.0   1013.3    287.8    288.9      0.0    293.1     54.3     51.7    147.6
     3     1    26     1    10     1     0     1     0.0   22.711  120.310     10.0   1016.8    290.1    291.5      0.0    541.2     61.2     11.2     90.2
     4     1    26     1    10     1     0     1     0.0   22.711  120.310     10.0    983.7    290.9    289.5      0.0    368.5     55.0    288.6    128.1
     5     1    26     1    10     1     0     1     0.0   22.711  120.310     10.0    973.8    290.6    288.3      0.0    319.5     57.8    381.9    170.4
     6     1    26     1    10     1     0     1     0.0   22.711  120.310     10.0    995.8    290.7    290.3      0.0    472.8     61.4    194.3    101.5
     7     1    26     1    10     1     0     1     0.0   22.711  120.310     10.0   1017.9    288.8    290.2      0.0    428.0     57.8      4.7     90.9
     8     1    26     1    10     1     0     1     0.0   22.711  120.310     10.0   1017.9    288.4    289.9      0.0    482.6     57.6      5.6    155.7
     9     1    26     1    10     1     0     1     0.0   22.711  120.310     10.0   1018.0    289.7    291.2      0.0    528.2     62.3      0.0     82.6
    10     1    26     1    10     1     0     1     0.0   22.711  120.310     10.0   1015.0    288.7    289.9      0.0    315.1     55.7     34.8     96.0
    11     1    26     1    10     1     0     1     0.0   22.711  120.310     10.0   1013.3    287.8    288.9      0.0    293.1     54.3     51.7    147.6
    12     1    26     1    10     1     0     1     0.0   22.711  120.310     10.0   1016.8    290.1    291.5      0.0    541.2     61.2     11.2     90.2
    13     1    26     1    10     1     0     1     0.0   22.711  120.310     10.0    983.7    290.9    289.5      0.0    368.5     55.0    288.6    128.1
    14     1    26     1    10     1     0     1     0.0   22.711  120.310     10.0    973.8    290.6    288.3      0.0    319.5     57.8    381.9    170.4
    15     1    26     1    10     1     0     1     0.0   22.711  120.310     10.0    995.8    290.7    290.3      0.0    472.8     61.4    194.3    101.5
    16     1    26     1    10     1     0     1     0.0   22.711  120.310     10.0   1017.9    288.8    290.2      0.0    428.0     57.8      4.7     90.9
    17     1    26     1    10     1     0     1     0.0   22.711  120.310     10.0   1017.9    288.4    289.9      0.0    482.6     57.6      5.6    155.7
    18     1    26     1    10     1     0     1     0.0   22.711  120.310     10.0   1018.0    289.7    291.2      0.0    528.2     62.3      0.0     82.6
    19     1    26     1    10     1     0     1     0.0   22.711  120.310     10.0    985.5    289.3    288.1      0.0    315.1     61.7     34.8     96.0
    20     1    26     1    10     1     0     1     0.0   22.711  120.310     10.0    983.9    288.8    287.4      0.0    293.1     56.9     51.7    147.6
    21     1    26     1    10     1     0     1     0.0   22.711  120.310     10.0    987.5    290.0    288.9      0.0    541.2     69.1     11.2     90.2
    22     1    26     1    10     1     0     1     0.0   22.711  120.310     10.0    955.5    291.3    287.5      0.0    368.5     60.9    288.6    128.1
    23     1    26     1    10     1     0     1     0.0   22.711  120.310     10.0    945.8    291.5    286.8      0.0    319.5     59.6    381.9    170.4
    24     1    26     1    10     1     0     1     0.0   22.711  120.310     10.0    967.2    290.9    288.1      0.0    472.8     68.2    194.3    101.5
    25     1    26     1    10     1     0     1     0.0   22.711  120.310     10.0    988.4    288.9    287.9      0.0    428.0     64.1      4.7     90.9
    26     1    26     1    10     1     0     1     0.0   22.711  120.310     10.0    988.3    288.5    287.5      0.0    482.6     63.6      5.6    155.7
    27     1    26     1    10     1     0     1     0.0   22.711  120.310     10.0    988.6    289.5    288.6      0.0    528.2     70.1      0.0     82.6
     1     1    26     1    10     0     0     0    -1.0   22.748  120.304      5.7   1015.0    287.7    288.9      0.0    168.8     55.9     37.1     19.8
     2     1    26     1    10     0     0     0    -1.0   22.742  120.305      0.0   1013.6    286.6    287.7      0.0    129.1     57.7     51.2     19.8
     3     1    26     1    10     0     0     0    -1.0   22.705  120.338     13.7   1015.4    289.6    290.9      0.0    414.8     60.6     16.0     13.3
     4     1    26     1    10     0     0     0    -1.0   22.719  120.297      9.2    988.1    289.7    288.7      0.0    160.1     55.9    246.3     19.0
     5     1    26     1    10     0     0     0    -1.0   22.702  120.289      0.0    983.2    288.7    287.2      0.0     95.4     61.5    296.8     19.8
     6     1    26     1    10     0     0     0    -1.0   22.705  120.341     71.1    979.9    290.1    288.4      0.0    280.0     65.3    266.7     14.4
     7     1    26     1    10     0     0     0    -1.0   22.794  120.344      9.2   1017.6    288.1    289.5      0.0    342.4     57.1      8.8     19.8
     8     1    26     1    10     0     0     0    -1.0   22.814  120.351      9.0   1017.6    287.7    289.1      0.0    395.3     58.1      9.5     19.8
     9     1    26     1    10     0     0     0    -1.0   22.755  120.357      8.4   1017.6    289.3    290.8      0.0    450.0     60.9      0.2     12.0
    10     1    26     1    10     0     0     0    -1.0   22.748  120.304    249.7   1015.0    287.7    288.9      0.0    168.8     55.9     37.1     19.8
    11     1    26     1    10     0     0     0    -1.0   22.742  120.305    249.5   1013.6    286.6    287.7      0.0    129.1     57.7     51.2     19.8
    12     1    26     1    10     0     0     0    -1.0   22.705  120.338    253.9   1015.8    289.6    290.9      0.0    414.7     60.5     16.0     13.3
    13     1    26     1    10     0     0     0    -1.0   22.719  120.297    255.6    988.1    289.7    288.7      0.0    160.1     55.9    246.3     19.0
    14     1    26     1    10     0     0     0    -1.0   22.702  120.289    247.0    983.2    288.7    287.2      0.0     95.4     61.5    296.8     19.8
    15     1    26     1    10     0     0     0    -1.0   22.705  120.340    306.1    981.7    290.1    288.6      0.0    280.6     64.9    264.1     14.3
    16     1    26     1    10     0     0     0    -1.0   22.794  120.344    249.9   1017.6    288.1    289.5      0.0    342.4     57.1      8.8     19.8
    17     1    26     1    10     0     0     0    -1.0   22.814  120.351    249.9   1017.6    287.7    289.1      0.0    395.3     58.1      9.5     19.8
    18     1    26     1    10     0     0     0    -1.0   22.755  120.357    250.0   1017.6    289.3    290.8      0.0    450.0     60.9      0.2     12.0
    19     1    26     1    10     0     0     0    -1.0   22.710  120.312      8.7    985.5    289.0    287.8      0.0    198.6     61.7     35.2     18.5
    20     1    26     1    10     0     0     0    -1.0   22.744  120.304      8.8    984.3    288.1    286.8      0.0    129.2     57.5     50.6     19.8
    21     1    26     1    10     0     0     0    -1.0   22.681  120.348      0.0    988.4    289.7    288.7      0.0    443.7     68.6     15.7     14.0
    22     1    26     1    10     0     0     0    -1.0   22.697  120.301     32.3    956.3    290.7    287.0      0.0    168.8     61.3    254.7     18.5
    23     1    26     1    10     0     0     0    -1.0   22.693  120.291      0.0    955.5    290.4    286.5      0.0     97.9     60.5    300.6     19.8
    24     1    26     1    10     0     0     0    -1.0   22.694  120.348     58.3    952.1    291.0    286.9      0.0    288.9     70.0    275.3     14.3
    25     1    26     1    10     0     0     0    -1.0   22.776  120.342     38.2    984.7    288.7    287.4      0.0    341.3     63.1      8.6     19.8
    26     1    26     1    10     0     0     0    -1.0   22.823  120.341     12.6    987.7    288.1    287.1      0.0    414.9     62.8      8.5     19.8
    27     1    26     1    10     0     0     0    -1.0   22.737  120.362      0.0    991.0    289.2    288.4      0.0    463.0     67.9      0.0     12.2
     1     1    26     1     9    23     0     1    -2.0   22.796  120.313      9.5   1013.8    287.2    288.3      0.0    154.6     57.4     42.4     13.2
     2     1    26     1     9    23     0     1    -2.0   22.783  120.313      0.0   1011.8    286.4    287.3      0.0    128.8     59.2     61.2     13.2
     3     1    26     1     9    23     0     1    -2.0   22.711  120.379     27.8   1012.5    289.3    290.4      0.0    353.3     60.7     24.1      8.7
     4     1    26     1     9    23     0     1    -2.0   22.736  120.299     61.4    980.6    289.4    287.7      0.0    126.0     58.5    258.3     13.0
     5     1    26     1     9    23     0     1    -2.0   22.701  120.284     15.4    984.5    288.2    286.8      0.0     72.7     63.2    275.0     13.2
     6     1    26     1     9    23     0     1    -2.0   22.712  120.398    179.7    950.6    290.8    286.6      0.0    197.0     68.2    411.1     10.2
     7     1    26     1     9    23     0     1    -2.0   22.883  120.385      9.2   1017.2    287.5    288.9      0.0    312.0     57.7     12.6     13.2
     8     1    26     1     9    23     0     1    -2.0   22.926  120.397      8.1   1017.2    287.0    288.4      0.0    352.4     59.1     13.8     13.2
     9     1    26     1     9    23     0     1    -2.0   22.807  120.410      6.4   1017.2    288.9    290.3      0.0    404.9     59.7      3.4      9.1
    10     1    26     1     9    23     0     1    -2.0   22.796  120.313    253.4   1013.8    287.2    288.3      0.0    154.6     57.4     42.4     13.2
    11     1    26     1     9    23     0     1    -2.0   22.783  120.313    249.4   1011.8    286.4    287.3      0.0    128.8     59.2     61.2     13.2
    12     1    26     1     9    23     0     1    -2.0   22.712  120.379    269.1   1013.5    289.3    290.5      0.0    352.8     60.4     24.1      8.7
    13     1    26     1     9    23     0     1    -2.0   22.736  120.299    307.7    980.7    289.4    287.7      0.0    126.0     58.5    258.4     13.0
    14     1    26     1     9    23     0     1    -2.0   22.701  120.284    262.6    984.5    288.2    286.8      0.0     72.7     63.2    275.0     13.2
    15     1    26     1     9    23     0     1    -2.0   22.712  120.396    414.9    952.3    290.7    286.7      0.0    197.6     68.1    406.6     10.2
    16     1    26     1     9    23     0     1    -2.0   22.883  120.385    249.9   1017.2    287.5    288.9      0.0    312.0     57.7     12.6     13.2
    17     1    26     1     9    23     0     1    -2.0   22.926  120.397    249.9   1017.2    287.0    288.4      0.0    352.4     59.1     13.8     13.2
    18     1    26     1     9    23     0     1    -2.0   22.807  120.410    250.0   1017.2    288.9    290.3      0.0    404.9     59.7      3.4      9.1
    19     1    26     1     9    23     0     1    -2.0   22.718  120.331     13.0    983.7    289.0    287.7      0.0    180.4     61.6     40.9     12.5
    20     1    26     1     9    23     0     1    -2.0   22.803  120.314     12.2    981.7    288.4    286.9      0.0    133.1     57.3     64.8     13.2
    21     1    26     1     9    23     0     1    -2.0   22.665  120.402      0.0    987.6    289.6    288.6      0.0    403.8     68.6     22.2      9.7
    22     1    26     1     9    23     0     1    -2.0   22.690  120.307     64.3    950.7    291.0    286.7      0.0    139.1     62.3    272.6     12.2
    23     1    26     1     9    23     0     1    -2.0   22.687  120.287     13.1    955.6    290.5    286.6      0.0     76.5     60.7    281.3     13.2
    24     1    26     1     9    23     0     1    -2.0   22.696  120.410    147.4    925.3    292.1    285.6      0.0    207.1     71.0    423.3      9.9
    25     1    26     1     9    23     0     1    -2.0   22.847  120.382     60.7    981.8    288.7    287.2      0.0    314.8     62.7     12.3     13.2
    26     1    26     1     9    23     0     1    -2.0   22.971  120.388      0.8    988.7    287.9    287.0      0.0    380.9     62.0     12.9     13.2
    27     1    26     1     9    23     0     1    -2.0   22.768  120.420      0.0    994.6    289.0    288.6      0.0    424.1     65.6      1.2      8.3
     1     1    26     1     9    22     0     2    -3.0   22.854  120.329     20.0   1010.8    286.8    287.7      0.0    135.2     59.4     52.2      6.6
     2     1    26     1     9    22     0     2    -3.0   22.836  120.331     12.8   1008.3    286.2    286.9      0.0    122.1     60.8     83.0      6.6
     3     1    26     1     9    22     0     2    -3.0   22.734  120.416     53.6   1008.2    289.0    289.6      0.0    259.1     60.7     34.5      4.1
     4     1    26     1     9    22     0     2    -3.0   22.764  120.308    124.2    968.4    289.8    287.1      0.0     91.2     59.2    300.4      6.6
     5     1    26     1     9    22     0     2    -3.0   22.720  120.292     68.1    973.8    288.8    286.5      0.0     46.4     62.9    311.2      6.6
     6     1    26     1     9    22     0     2    -3.0   22.731  120.454    274.4    920.6    292.1    285.3      0.0    114.0     69.6    576.6      5.7
     7     1    26     1     9    22     0     2    -3.0   22.979  120.424      9.2   1016.7    286.8    288.1      0.0    256.6     58.5     16.3      6.6
     8     1    26     1     9    22     0     2    -3.0   23.043  120.445      7.4   1016.6    286.3    287.7      0.0    295.4     59.7     15.1      6.6
     9     1    26     1     9    22     0     2    -3.0   22.877  120.453      5.2   1016.6    288.1    289.5      0.0    325.0     58.8      9.7      5.3
    10     1    26     1     9    22     0     2    -3.0   22.853  120.329    263.8   1011.5    286.8    287.7      0.0    135.5     59.3     52.0      6.6
    11     1    26     1     9    22     0     2    -3.0   22.836  120.331    261.9   1008.3    286.2    286.9      0.0    122.1     60.8     83.0      6.6
    12     1    26     1     9    22     0     2    -3.0   22.735  120.415    295.4   1009.2    288.9    289.7      0.0    258.4     60.5     34.5      4.1
    13     1    26     1     9    22     0     2    -3.0   22.764  120.308    370.4    968.5    289.8    287.1      0.0     91.2     59.2    300.5      6.6
    14     1    26     1     9    22     0     2    -3.0   22.720  120.292    315.0    973.8    288.8    286.5      0.0     46.4     62.9    311.2      6.6
    15     1    26     1     9    22     0     2    -3.0   22.731  120.451    509.1    922.3    292.0    285.3      0.0    114.6     69.5    570.8      5.7
    16     1    26     1     9    22     0     2    -3.0   22.979  120.424    249.8   1016.7    286.8    288.1      0.0    256.6     58.5     16.3      6.6
    17     1    26     1     9    22     0     2    -3.0   23.043  120.445    249.8   1016.6    286.3    287.7      0.0    295.4     59.7     15.1      6.6
    18     1    26     1     9    22     0     2    -3.0   22.877  120.453    249.9   1016.6    288.1    289.5      0.0    325.0     58.8      9.7      5.3
    19     1    26     1     9    22     0     2    -3.0   22.753  120.359     20.3    981.0    289.1    287.5      0.0    143.3     61.3     51.6      6.6
    20     1    26     1     9    22     0     2    -3.0   22.895  120.344     26.3    974.8    289.1    287.0      0.0    123.6     57.3    106.2      6.6
    21     1    26     1     9    22     0     2    -3.0   22.673  120.451     13.2    984.0    289.5    288.2      0.0    322.6     68.5     30.8      4.8
    22     1    26     1     9    22     0     2    -3.0   22.704  120.315     74.7    945.8    291.3    286.6      0.0    102.7     62.2    304.5      6.2
    23     1    26     1     9    22     0     2    -3.0   22.706  120.289     35.2    950.8    290.9    286.6      0.0     49.5     60.8    297.6      6.6
    24     1    26     1     9    22     0     2    -3.0   22.723  120.459    207.4    901.1    293.5    284.8      0.0    119.2     68.4    578.7      5.6
    25     1    26     1     9    22     0     2    -3.0   22.943  120.425     67.8    980.4    288.7    287.1      0.0    257.6     60.1     16.4      6.6
    26     1    26     1     9    22     0     2    -3.0   23.156  120.454      4.6    987.6    287.7    286.7      0.0    314.5     61.8      7.2      6.6
    27     1    26     1     9    22     0     2    -3.0   22.818  120.467      0.0    992.4    288.8    288.1      0.0    354.9     64.2      5.5      4.7
     1     1    26     1     9    21     0     3    -4.0   22.928  120.356     42.5   1005.2    286.6    287.0      0.0    104.5     61.2     69.8      0.0
     2     1    26     1     9    21     0     3    -4.0   22.911  120.365     53.0    997.5    286.8    286.6      0.0     97.5     61.4    130.0      0.0
     3     1    26     1     9    21     0     3    -4.0   22.769  120.455     95.6   1001.9    288.6    288.8      0.0    154.7     61.1     47.9      0.0
     4     1    26     1     9    21     0     3    -4.0   22.807  120.320    163.9    957.0    290.5    286.8      0.0     53.2     60.0    359.9      0.0
     5     1    26     1     9    21     0     3    -4.0   22.762  120.302    123.9    960.1    290.1    286.6      0.0     17.6     61.8    373.0      0.0
     6     1    26     1     9    21     0     3    -4.0   22.755  120.492    340.8    897.6    293.4    284.4      0.0     51.0     68.8    710.4      0.0
     7     1    26     1     9    21     0     3    -4.0   23.076  120.462      9.2   1016.0    286.1    287.4      0.0    210.4     59.5     19.8      0.0
     8     1    26     1     9    21     0     3    -4.0   23.148  120.496      7.3   1015.7    285.7    287.0      0.0    220.9     59.9      9.4      0.0
     9     1    26     1     9    21     0     3    -4.0   22.966  120.491      4.9   1015.7    287.0    288.3      0.0    215.7     58.6     19.5      0.0
    10     1    26     1     9    21     0     3    -4.0   22.924  120.355    286.0   1005.9    286.5    287.0      0.0    105.5     61.3     69.1      0.0
    11     1    26     1     9    21     0     3    -4.0   22.911  120.365    301.7    997.5    286.8    286.6      0.0     97.5     61.4    130.0      0.0
    12     1    26     1     9    21     0     3    -4.0   22.771  120.454    337.5   1002.8    288.6    288.8      0.0    155.3     60.9     47.8      0.0
    13     1    26     1     9    21     0     3    -4.0   22.807  120.320    409.8    957.1    290.5    286.8      0.0     53.2     59.9    360.1      0.0
    14     1    26     1     9    21     0     3    -4.0   22.762  120.302    370.2    960.1    290.1    286.6      0.0     17.6     61.8    373.0      0.0
    15     1    26     1     9    21     0     3    -4.0   22.754  120.490    574.0    899.4    293.3    284.5      0.0     51.6     69.1    704.5      0.0
    16     1    26     1     9    21     0     3    -4.0   23.076  120.462    249.8   1016.0    286.1    287.4      0.0    210.4     59.5     19.8      0.0
    17     1    26     1     9    21     0     3    -4.0   23.148  120.496    249.9   1015.7    285.7    287.0      0.0    220.9     59.9      9.4      0.0
    18     1    26     1     9    21     0     3    -4.0   22.966  120.491    249.8   1015.7    287.0    288.3      0.0    215.7     58.6     19.5      0.0
    19     1    26     1     9    21     0     3    -4.0   22.818  120.393     28.1    977.3    289.3    287.4      0.0    109.2     61.2     69.8      0.0
    20     1    26     1     9    21     0     3    -4.0   23.006  120.391     73.0    960.6    290.2    286.9      0.0     88.4     56.9    184.0      0.0
    21     1    26     1     9    21     0     3    -4.0   22.699  120.500     51.2    978.4    289.5    287.7      0.0    198.6     68.6     44.1      0.0
    22     1    26     1     9    21     0     3    -4.0   22.741  120.319     63.9    943.5    291.4    286.5      0.0     64.9     61.1    333.2      0.0
    23     1    26     1     9    21     0     3    -4.0   22.752  120.298     71.4    940.8    291.6    286.5      0.0     17.6     60.5    348.0      0.0
    24     1    26     1     9    21     0     3    -4.0   22.761  120.477    224.4    887.9    294.4    284.5      0.0     53.9     64.9    677.2      0.0
    25     1    26     1     9    21     0     3    -4.0   23.072  120.479     73.0    978.9    289.0    287.2      0.0    185.9     56.3     21.4      0.0
    26     1    26     1     9    21     0     3    -4.0   23.358  120.539     44.9    980.0    288.0    286.3      0.0    262.9     62.3     19.9      0.0
    27     1    26     1     9    21     0     3    -4.0   22.892  120.513      0.0    989.3    288.6    287.7      0.0    252.4     62.3     16.3      0.0
     1     1    26     1     9    20     0     2    -5.0   23.015  120.386     78.8    997.2    287.1    286.9      0.0     81.7     61.0     98.3      0.0
     2     1    26     1     9    20     0     2    -5.0   23.007  120.415    127.3    980.1    288.3    286.6      0.0     77.0     60.2    210.7      0.0
     3     1    26     1     9    20     0     2    -5.0   22.813  120.487    136.5    995.5    288.8    288.4      0.0    125.2     60.8     60.5      0.0
     4     1    26     1     9    20     0     2    -5.0   22.855  120.327    187.4    949.5    290.9    286.5      0.0     43.3     60.2    405.9      0.0
     5     1    26     1     9    20     0     2    -5.0   22.815  120.313    170.0    947.6    290.9    286.3      0.0     17.7     60.4    445.0      0.0
     6     1    26     1     9    20     0     2    -5.0   22.784  120.505    380.0    889.6    293.9    284.2      0.0     42.2     68.5    751.9      0.0
     7     1    26     1     9    20     0     2    -5.0   23.167  120.496      9.2   1016.2    285.7    287.0      0.0    183.5     58.8     23.1      0.0
     8     1    26     1     9    20     0     2    -5.0   23.236  120.551     16.7   1011.6    286.0    286.9      0.0    208.0     59.5     39.7      0.0
     9     1    26     1     9    20     0     2    -5.0   23.061  120.519      7.5   1015.2    286.6    287.9      0.0    171.5     58.2     29.6      0.0
    10     1    26     1     9    20     0     2    -5.0   23.010  120.385    321.5    998.2    287.0    286.9      0.0     82.0     61.1     96.0      0.0
    11     1    26     1     9    20     0     2    -5.0   23.007  120.415    375.2    980.1    288.3    286.6      0.0     77.0     60.2    210.7      0.0
    12     1    26     1     9    20     0     2    -5.0   22.815  120.486    378.7    996.4    288.8    288.5      0.0    125.6     60.6     60.6      0.0
    13     1    26     1     9    20     0     2    -5.0   22.855  120.327    432.9    949.5    290.9    286.5      0.0     43.3     60.1    406.2      0.0
    14     1    26     1     9    20     0     2    -5.0   22.815  120.313    415.5    947.6    290.9    286.3      0.0     17.7     60.4    445.0      0.0
    15     1    26     1     9    20     0     2    -5.0   22.782  120.505    616.2    890.5    293.8    284.2      0.0     42.2     68.8    750.0      0.0
    16     1    26     1     9    20     0     2    -5.0   23.167  120.496    249.8   1016.2    285.7    287.0      0.0    183.5     58.8     23.1      0.0
    17     1    26     1     9    20     0     2    -5.0   23.235  120.550    259.2   1012.4    286.0    287.0      0.0    208.1     59.6     39.6      0.0
    18     1    26     1     9    20     0     2    -5.0   23.061  120.519    252.3   1015.2    286.6    287.9      0.0    171.5     58.2     29.6      0.0
    19     1    26     1     9    20     0     2    -5.0   22.890  120.423     41.6    972.9    289.5    287.2      0.0     84.1     60.7     92.6      0.0
    20     1    26     1     9    20     0     2    -5.0   23.100  120.435    151.5    950.5    290.5    286.3      0.0     78.3     57.6    195.9      0.0
    21     1    26     1     9    20     0     2    -5.0   22.728  120.540    100.7    960.7    290.3    287.0      0.0    145.8     70.5    152.7      0.0
    22     1    26     1     9    20     0     2    -5.0   22.787  120.318     48.0    944.0    291.3    286.5      0.0     57.2     61.4    346.4      0.0
    23     1    26     1     9    20     0     2    -5.0   22.803  120.305    117.5    930.0    292.1    286.0      0.0     17.7     60.6    406.6      0.0
    24     1    26     1     9    20     0     2    -5.0   22.801  120.472    227.1    886.0    294.4    284.4      0.0     43.6     65.3    699.9      0.0
    25     1    26     1     9    20     0     2    -5.0   23.214  120.535    104.3    971.3    289.2    286.8      0.0    160.6     55.9     60.3      0.0
    26     1    26     1     9    20     0     2    -5.0   23.533  120.620     88.1    975.1    288.1    286.0      0.0    263.7     62.3     24.5      0.0
    27     1    26     1     9    20     0     2    -5.0   22.977  120.552      0.0    986.2    288.6    287.5      0.0    182.2     60.5     34.3      0.0
     1     1    26     1     9    19     0     1    -6.0   23.100  120.413    120.7    986.9    287.9    286.8      0.0     73.9     60.4    149.1      0.0
     2     1    26     1     9    19     0     1    -6.0   23.084  120.450    198.4    971.1    288.8    286.3      0.0     67.1     60.1    217.6      0.0
     3     1    26     1     9    19     0     1    -6.0   22.863  120.501    158.6    991.0    289.0    288.3      0.0    110.5     60.0     73.9      0.0
     4     1    26     1     9    19     0     1    -6.0   22.898  120.325    200.0    947.2    291.0    286.4      0.0     36.0     60.2    415.5      0.0
     5     1    26     1     9    19     0     1    -6.0   22.856  120.316    202.9    940.5    291.2    286.0      0.0     17.7     60.5    481.3      0.0
     6     1    26     1     9    19     0     1    -6.0   22.817  120.499    391.1    884.8    294.1    284.0      0.0     26.1     68.5    792.2      0.0
     7     1    26     1     9    19     0     1    -6.0   23.250  120.528     16.9   1012.2    285.9    286.9      0.0    178.5     59.1     56.1      0.0
     8     1    26     1     9    19     0     1    -6.0   23.321  120.607     38.2   1007.0    286.4    287.0      0.0    196.7     59.3     63.0      0.0
     9     1    26     1     9    19     0     1    -6.0   23.150  120.540     16.9   1013.0    286.5    287.5      0.0    158.1     58.7     39.7      0.0
    10     1    26     1     9    19     0     1    -6.0   23.095  120.412    363.2    987.9    287.8    286.8      0.0     74.4     60.4    145.9      0.0
    11     1    26     1     9    19     0     1    -6.0   23.084  120.450    446.3    971.1    288.8    286.3      0.0     67.1     60.1    217.6      0.0
    12     1    26     1     9    19     0     1    -6.0   22.866  120.501    400.8    992.0    289.0    288.3      0.0    110.1     59.8     72.8      0.0
    13     1    26     1     9    19     0     1    -6.0   22.898  120.325    445.5    947.2    291.0    286.4      0.0     36.0     60.2    415.9      0.0
    14     1    26     1     9    19     0     1    -6.0   22.856  120.316    448.1    940.5    291.2    286.0      0.0     17.7     60.5    481.3      0.0
    15     1    26     1     9    19     0     1    -6.0   22.815  120.500    630.2    884.9    294.1    284.0      0.0     25.7     68.8    793.6      0.0
    16     1    26     1     9    19     0     1    -6.0   23.250  120.528    257.1   1013.0    285.9    286.9      0.0    178.5     59.1     56.1      0.0
    17     1    26     1     9    19     0     1    -6.0   23.316  120.605    281.3   1007.8    286.3    287.0      0.0    196.6     59.3     63.0      0.0
    18     1    26     1     9    19     0     1    -6.0   23.149  120.540    261.8   1013.5    286.5    287.6      0.0    158.3     58.7     39.7      0.0
    19     1    26     1     9    19     0     1    -6.0   22.947  120.442     60.6    968.3    289.7    287.1      0.0     64.6     60.8    111.1      0.0
    20     1    26     1     9    19     0     1    -6.0   23.158  120.463    210.4    943.9    290.6    285.8      0.0     67.9     57.9    197.6      0.0
    21     1    26     1     9    19     0     1    -6.0   22.754  120.555    136.1    951.1    290.8    286.6      0.0    110.8     72.0    205.5      0.0
    22     1    26     1     9    19     0     1    -6.0   22.823  120.314     42.1    945.0    291.2    286.4      0.0     51.4     61.7    344.6      0.0
    23     1    26     1     9    19     0     1    -6.0   22.834  120.303    149.0    925.6    292.0    285.6      0.0     17.7     61.7    418.5      0.0
    24     1    26     1     9    19     0     1    -6.0   22.837  120.451    211.6    891.5    294.0    284.4      0.0     42.5     67.0    671.2      0.0
    25     1    26     1     9    19     0     1    -6.0   23.331  120.578    157.0    961.3    289.5    286.2      0.0    160.2     57.7     94.8      0.0
    26     1    26     1     9    19     0     1    -6.0   23.686  120.688    122.4    971.4    288.4    286.0      0.0    239.8     59.3     23.9      0.0
    27     1    26     1     9    19     0     1    -6.0   23.057  120.576      0.0    984.5    288.7    287.4      0.0    153.9     59.2     47.3      0.0
     1     1    26     1     9    18     0     0    -7.0   23.170  120.433    159.2    977.4    288.5    286.6      0.0     66.2     60.9    197.0      0.0
     2     1    26     1     9    18     0     0    -7.0   23.137  120.472    259.3    964.5    288.9    285.9      0.0     59.0     60.4    215.2      0.0
     3     1    26     1     9    18     0     0    -7.0   22.914  120.503    165.7    988.3    289.2    288.2      0.0    102.7     59.2     87.1      0.0
     4     1    26     1     9    18     0     0    -7.0   22.935  120.316    198.2    949.6    290.8    286.4      0.0     30.1     60.1    396.6      0.0
     5     1    26     1     9    18     0     0    -7.0   22.884  120.311    218.8    939.4    291.1    285.8      0.0     17.8     61.5    477.4      0.0
     6     1    26     1     9    18     0     0    -7.0   22.848  120.475    383.7    890.8    293.6    284.0      0.0     28.1     70.1    751.5      0.0
     7     1    26     1     9    18     0     0    -7.0   23.335  120.567     38.6   1006.1    286.4    286.8      0.0    177.3     59.3     83.0      0.0
     8     1    26     1     9    18     0     0    -7.0   23.403  120.662     58.1   1004.5    286.4    286.8      0.0    174.6     59.0     68.3      0.0
     9     1    26     1     9    18     0     0    -7.0   23.240  120.559     31.8   1009.0    286.3    287.1      0.0    141.4     59.4     53.2      0.0
    10     1    26     1     9    18     0     0    -7.0   23.165  120.433    401.0    978.5    288.4    286.6      0.0     66.6     60.8    194.1      0.0
    11     1    26     1     9    18     0     0    -7.0   23.137  120.472    507.2    964.5    288.9    285.9      0.0     59.0     60.4    215.2      0.0
    12     1    26     1     9    18     0     0    -7.0   22.917  120.504    407.7    988.9    289.1    288.2      0.0    101.8     59.1     88.8      0.0
    13     1    26     1     9    18     0     0    -7.0   22.935  120.316    443.9    949.6    290.8    286.4      0.0     30.1     60.1    397.1      0.0
    14     1    26     1     9    18     0     0    -7.0   22.884  120.311    464.0    939.4    291.1    285.8      0.0     17.8     61.5    477.4      0.0
    15     1    26     1     9    18     0     0    -7.0   22.845  120.477    625.6    890.3    293.6    284.0      0.0     27.2     70.2    756.2      0.0
    16     1    26     1     9    18     0     0    -7.0   23.329  120.565    278.6   1007.4    286.3    286.9      0.0    177.8     59.3     82.0      0.0
    17     1    26     1     9    18     0     0    -7.0   23.394  120.660    302.6   1004.9    286.4    286.8      0.0    174.5     59.0     69.8      0.0
    18     1    26     1     9    18     0     0    -7.0   23.236  120.559    276.9   1009.6    286.3    287.1      0.0    142.2     59.4     52.8      0.0
    19     1    26     1     9    18     0     0    -7.0   22.983  120.451     85.0    964.0    289.8    286.8      0.0     53.0     61.4    122.9      0.0
    20     1    26     1     9    18     0     0    -7.0   23.187  120.474    244.9    940.5    290.5    285.5      0.0     64.3     58.7    193.8      0.0
    21     1    26     1     9    18     0     0    -7.0   22.777  120.547    151.9    951.0    290.9    286.7      0.0    115.9     72.9    191.0      0.0
    22     1    26     1     9    18     0     0    -7.0   22.849  120.306     37.7    947.6    291.0    286.4      0.0     47.8     61.8    325.9      0.0
    23     1    26     1     9    18     0     0    -7.0   22.846  120.294    163.7    927.4    291.6    285.3      0.0     17.8     63.5    387.4      0.0
    24     1    26     1     9    18     0     0    -7.0   22.865  120.422    174.1    903.3    293.1    284.6      0.0     48.5     69.5    603.7      0.0
    25     1    26     1     9    18     0     0    -7.0   23.419  120.607    206.5    954.9    289.5    285.7      0.0    161.4     58.6    100.9      0.0
    26     1    26     1     9    18     0     0    -7.0   23.834  120.749    135.5    970.1    288.6    286.1      0.0    243.5     56.8     23.3      0.0
    27     1    26     1     9    18     0     0    -7.0   23.135  120.589      1.0    982.9    288.7    287.2      0.0    141.0     58.6     58.4      0.0
     1     1    26     1     9    17     0     1    -8.0   23.225  120.453    207.7    967.4    289.1    286.4      0.0     61.0     60.4    244.5      0.0
     2     1    26     1     9    17     0     1    -8.0   23.175  120.493    315.2    958.4    289.4    285.9      0.0     61.6     58.7    216.2      0.0
     3     1    26     1     9    17     0     1    -8.0   22.957  120.499    165.0    988.6    289.2    288.2      0.0    113.6     58.3     81.7      0.0
     4     1    26     1     9    17     0     1    -8.0   22.965  120.308    189.8    953.3    290.5    286.5      0.0     26.0     59.8    374.9      0.0
     5     1    26     1     9    17     0     1    -8.0   22.903  120.308    238.4    937.7    291.2    285.7      0.0     18.1     61.0    478.7      0.0
     6     1    26     1     9    17     0     1    -8.0   22.872  120.448    371.5    899.1    293.1    284.2      0.0     50.6     70.7    688.7      0.0
     7     1    26     1     9    17     0     1    -8.0   23.426  120.614     70.4    999.4    286.9    286.8      0.0    183.3     58.9    104.7      0.0
     8     1    26     1     9    17     0     1    -8.0   23.479  120.713     69.2   1004.6    286.4    286.8      0.0    179.3     57.9     56.2      0.0
     9     1    26     1     9    17     0     1    -8.0   23.332  120.583     53.3   1003.8    286.8    287.1      0.0    150.6     59.2     83.7      0.0
    10     1    26     1     9    17     0     1    -8.0   23.222  120.453    447.4    968.4    289.0    286.4      0.0     60.9     60.4    242.6      0.0
    11     1    26     1     9    17     0     1    -8.0   23.175  120.493    563.0    958.4    289.4    285.9      0.0     61.6     58.7    216.2      0.0
    12     1    26     1     9    17     0     1    -8.0   22.961  120.500    407.5    989.1    289.1    288.2      0.0    110.9     58.2     83.8      0.0
    13     1    26     1     9    17     0     1    -8.0   22.965  120.308    435.6    953.3    290.5    286.4      0.0     26.0     59.8    375.6      0.0
    14     1    26     1     9    17     0     1    -8.0   22.903  120.308    483.6    937.7    291.2    285.7      0.0     18.1     61.0    478.7      0.0
    15     1    26     1     9    17     0     1    -8.0   22.869  120.450    615.1    898.3    293.1    284.2      0.0     49.5     70.8    695.4      0.0
    16     1    26     1     9    17     0     1    -8.0   23.417  120.611    310.8   1000.5    286.8    286.8      0.0    184.3     58.9    104.6      0.0
    17     1    26     1     9    17     0     1    -8.0   23.470  120.710    315.8   1004.6    286.4    286.8      0.0    179.2     57.9     59.4      0.0
    18     1    26     1     9    17     0     1    -8.0   23.327  120.583    298.2   1004.5    286.7    287.1      0.0    150.6     59.2     82.0      0.0
    19     1    26     1     9    17     0     1    -8.0   23.005  120.459    115.8    959.9    289.9    286.5      0.0     48.0     60.9    133.3      0.0
    20     1    26     1     9    17     0     1    -8.0   23.207  120.482    270.0    938.2    290.8    285.6      0.0     78.6     57.2    191.5      0.0
    21     1    26     1     9    17     0     1    -8.0   22.790  120.526    138.7    958.8    290.6    287.1      0.0    174.3     71.5    133.1      0.0
    22     1    26     1     9    17     0     1    -8.0   22.865  120.298     34.1    950.9    290.8    286.5      0.0     50.6     60.7    301.8      0.0
    23     1    26     1     9    17     0     1    -8.0   22.846  120.287    178.4    929.1    291.6    285.5      0.0     18.1     62.3    360.7      0.0
    24     1    26     1     9    17     0     1    -8.0   22.883  120.393    143.0    915.1    292.4    285.0      0.0     76.2     69.7    526.3      0.0
    25     1    26     1     9    17     0     1    -8.0   23.492  120.635    250.1    949.8    289.9    285.7      0.0    178.0     57.3    101.4      0.0
    26     1    26     1     9    17     0     1    -8.0   23.999  120.824    149.0    960.4    288.7    285.4      0.0    329.0     60.0    108.8      0.0
    27     1    26     1     9    17     0     1    -8.0   23.216  120.601      7.1    980.6    288.7    287.1      0.0    133.4     58.2     71.8      0.0
     1     1    26     1     9    16     0     2    -9.0   23.263  120.484    285.1    954.4    290.1    286.2      0.0     39.8     59.7    286.6      0.0
     2     1    26     1     9    16     0     2    -9.0   23.206  120.519    365.8    944.6    290.5    285.7      0.0     75.1     57.2    293.3      0.0
     3     1    26     1     9    16     0     2    -9.0   22.991  120.490    163.5    988.5    289.1    288.1      0.0    116.4     57.0     83.8      0.0
     4     1    26     1     9    16     0     2    -9.0   22.989  120.302    183.9    956.1    290.2    286.4      0.0     21.3     59.6    360.7      0.0
     5     1    26     1     9    16     0     2    -9.0   22.913  120.317    280.7    929.4    291.7    285.5      0.0     18.4     60.7    518.3      0.0
     6     1    26     1     9    16     0     2    -9.0   22.886  120.424    362.8    906.9    292.6    284.4      0.0     74.5     70.8    626.4      0.0
     7     1    26     1     9    16     0     2    -9.0   23.526  120.666    108.6    993.8    287.2    286.7      0.0    185.2     58.2    113.1      0.0
     8     1    26     1     9    16     0     2    -9.0   23.565  120.762     74.8   1002.3    286.5    286.7      0.0    202.3     56.9     69.5      0.0
     9     1    26     1     9    16     0     2    -9.0   23.427  120.618     86.9    994.5    287.4    287.0      0.0    153.6     59.1    136.9      0.0
    10     1    26     1     9    16     0     2    -9.0   23.261  120.484    523.9    955.2    290.0    286.2      0.0     39.0     59.7    288.0      0.0
    11     1    26     1     9    16     0     2    -9.0   23.206  120.519    612.8    944.6    290.5    285.7      0.0     75.1     57.2    293.3      0.0
    12     1    26     1     9    16     0     2    -9.0   22.996  120.492    406.4    989.0    289.1    288.1      0.0    112.0     56.9     84.9      0.0
    13     1    26     1     9    16     0     2    -9.0   22.989  120.302    429.8    956.0    290.2    286.4      0.0     21.3     59.6    361.4      0.0
    14     1    26     1     9    16     0     2    -9.0   22.913  120.317    525.5    929.4    291.7    285.5      0.0     18.4     60.7    518.3      0.0
    15     1    26     1     9    16     0     2    -9.0   22.885  120.427    607.4    906.0    292.6    284.4      0.0     73.2     70.9    634.2      0.0
    16     1    26     1     9    16     0     2    -9.0   23.516  120.663    349.4    994.6    287.2    286.7      0.0    184.5     58.1    114.3      0.0
    17     1    26     1     9    16     0     2    -9.0   23.555  120.759    321.8   1003.1    286.5    286.8      0.0    199.7     56.8     65.9      0.0
    18     1    26     1     9    16     0     2    -9.0   23.421  120.616    331.0    995.4    287.4    287.0      0.0    154.4     59.1    133.4      0.0
    19     1    26     1     9    16     0     2    -9.0   23.015  120.473    143.8    955.9    290.1    286.4      0.0     40.8     60.2    146.2      0.0
    20     1    26     1     9    16     0     2    -9.0   23.222  120.501    301.0    934.1    291.3    285.7      0.0     84.6     55.4    200.2      0.0
    21     1    26     1     9    16     0     2    -9.0   22.789  120.496     90.3    972.6    290.3    288.0      0.0    251.9     67.9     59.5      0.0
    22     1    26     1     9    16     0     2    -9.0   22.875  120.292     34.0    953.5    290.6    286.6      0.0     54.0     59.6    279.8      0.0
    23     1    26     1     9    16     0     2    -9.0   22.839  120.289    198.8    927.0    291.8    285.5      0.0     18.4     61.1    364.1      0.0
    24     1    26     1     9    16     0     2    -9.0   22.890  120.369    121.9    925.2    291.9    285.4      0.0    106.6     69.1    454.3      0.0
    25     1    26     1     9    16     0     2    -9.0   23.558  120.669    288.4    945.4    290.3    285.7      0.0    195.2     56.1    103.6      0.0
    26     1    26     1     9    16     0     2    -9.0   24.163  120.926    202.2    950.5    288.6    284.4      0.0    316.4     61.9    147.7      0.0
    27     1    26     1     9    16     0     2    -9.0   23.300  120.626     27.0    975.3    288.9    286.8      0.0    126.4     58.3    103.8      0.0
     1     1    26     1     9    15     0     3   -10.0   23.276  120.523    357.5    936.0    291.5    285.9      0.0     27.9     58.7    387.3      0.0
     2     1    26     1     9    15     0     3   -10.0   23.231  120.544    404.1    929.5    291.6    285.4      0.0     91.8     55.9    396.6      0.0
     3     1    26     1     9    15     0     3   -10.0   23.023  120.477    166.1    988.1    289.0    288.0      0.0    123.5     56.1     87.0      0.0
     4     1    26     1     9    15     0     3   -10.0   23.004  120.299    183.9    957.2    290.1    286.4      0.0     18.6     59.4    355.9      0.0
     5     1    26     1     9    15     0     3   -10.0   22.913  120.333    333.7    917.4    292.4    285.2      0.0     18.6     60.5    580.7      0.0
     6     1    26     1     9    15     0     3   -10.0   22.890  120.405    357.3    914.0    292.2    284.7      0.0    101.3     70.7    567.2      0.0
     7     1    26     1     9    15     0     3   -10.0   23.637  120.721    141.7    991.4    287.3    286.6      0.0    198.6     57.3    100.4      0.0
     8     1    26     1     9    15     0     3   -10.0   23.669  120.816     86.6    994.8    287.0    286.5      0.0    240.1     57.7    125.4      0.0
     9     1    26     1     9    15     0     3   -10.0   23.518  120.669    146.0    979.7    288.4    286.7      0.0    127.9     58.7    211.2      0.0
    10     1    26     1     9    15     0     3   -10.0   23.274  120.523    598.5    936.3    291.4    285.9      0.0     26.9     58.8    390.3      0.0
    11     1    26     1     9    15     0     3   -10.0   23.231  120.544    650.2    929.5    291.6    285.4      0.0     91.8     55.9    396.6      0.0
    12     1    26     1     9    15     0     3   -10.0   23.028  120.479    408.9    988.7    289.0    288.1      0.0    120.3     56.1     88.6      0.0
    13     1    26     1     9    15     0     3   -10.0   23.005  120.300    429.9    957.2    290.1    286.4      0.0     18.6     59.4    356.9      0.0
    14     1    26     1     9    15     0     3   -10.0   22.913  120.333    577.9    917.4    292.4    285.2      0.0     18.6     60.5    580.7      0.0
    15     1    26     1     9    15     0     3   -10.0   22.889  120.408    602.7    912.9    292.2    284.6      0.0     99.7     70.9    576.1      0.0
    16     1    26     1     9    15     0     3   -10.0   23.625  120.718    383.8    991.8    287.3    286.6      0.0    197.9     57.2    103.8      0.0
    17     1    26     1     9    15     0     3   -10.0   23.658  120.812    333.3    995.0    287.0    286.6      0.0    239.0     57.6    125.0      0.0
    18     1    26     1     9    15     0     3   -10.0   23.512  120.667    389.1    980.3    288.4    286.7      0.0    128.8     58.8    211.0      0.0
    19     1    26     1     9    15     0     3   -10.0   23.011  120.491    158.0    953.9    290.3    286.4      0.0     26.7     58.8    153.8      0.0
    20     1    26     1     9    15     0     3   -10.0   23.228  120.525    354.1    916.9    292.6    285.4      0.0     97.5     53.7    310.8      0.0
    21     1    26     1     9    15     0     3   -10.0   22.787  120.460     11.5    982.8    290.3    288.8      0.0    345.0     63.7     51.1      0.0
    22     1    26     1     9    15     0     3   -10.0   22.877  120.286     37.2    955.7    290.4    286.6      0.0     59.0     58.6    259.0      0.0
    23     1    26     1     9    15     0     3   -10.0   22.825  120.296    219.4    923.3    292.1    285.5      0.0     18.6     59.9    383.0      0.0
    24     1    26     1     9    15     0     3   -10.0   22.885  120.348    102.3    935.1    291.4    285.8      0.0    145.1     68.2    384.1      0.0
    25     1    26     1     9    15     0     3   -10.0   23.617  120.708    322.0    941.8    290.7    285.8      0.0    205.5     54.6    102.6      0.0
    26     1    26     1     9    15     0     3   -10.0   24.310  121.050    293.3    929.2    289.1    283.0      0.0    345.7     62.4    254.6      0.0
    27     1    26     1     9    15     0     3   -10.0   23.371  120.664     62.9    965.9    289.4    286.6      0.0    111.4     58.2    158.2      0.0
     1     1    26     1     9    14     0     2   -11.0   23.282  120.555    408.3    917.2    292.5    285.3      0.0     39.2     58.9    512.7     19.5
     2     1    26     1     9    14     0     2   -11.0   23.257  120.565    425.4    918.3    292.0    284.8      0.0    156.6     57.1    484.3     40.7
     3     1    26     1     9    14     0     2   -11.0   23.060  120.469    171.9    987.2    289.2    288.2      0.0    128.3     55.6     93.0     50.9
     4     1    26     1     9    14     0     2   -11.0   23.021  120.297    187.2    956.8    290.3    286.6      0.0     21.1     58.7    358.3     24.6
     5     1    26     1     9    14     0     2   -11.0   22.912  120.345    379.3    907.6    293.0    284.9      0.0     21.1     60.3    627.4     18.9
     6     1    26     1     9    14     0     2   -11.0   22.889  120.391    355.5    919.4    292.1    285.0      0.0    128.0     70.0    522.3     55.8
     7     1    26     1     9    14     0     2   -11.0   23.761  120.771    153.9    990.0    287.5    286.7      0.0    261.3     56.4     97.9     46.6
     8     1    26     1     9    14     0     2   -11.0   23.794  120.875    101.1    990.0    287.2    286.4      0.0    252.8     58.4    154.3     37.6
     9     1    26     1     9    14     0     2   -11.0   23.597  120.721    215.0    969.1    289.2    286.6      0.0    127.7     57.2    233.3     28.6
    10     1    26     1     9    14     0     2   -11.0   23.279  120.556    649.2    917.3    292.5    285.3      0.0     37.6     58.9    516.6     19.2
    11     1    26     1     9    14     0     2   -11.0   23.257  120.565    670.6    918.3    292.0    284.8      0.0    156.6     57.1    484.3     40.7
    12     1    26     1     9    14     0     2   -11.0   23.064  120.471    414.2    987.8    289.2    288.2      0.0    125.0     55.6     94.5     50.4
    13     1    26     1     9    14     0     2   -11.0   23.021  120.298    433.2    956.7    290.4    286.6      0.0     21.1     58.7    359.5     24.6
    14     1    26     1     9    14     0     2   -11.0   22.912  120.345    623.1    907.6    293.0    284.9      0.0     21.1     60.3    627.4     18.9
    15     1    26     1     9    14     0     2   -11.0   22.888  120.394    601.7    918.2    292.1    285.0      0.0    125.8     70.2    531.8     55.8
    16     1    26     1     9    14     0     2   -11.0   23.749  120.767    397.3    991.2    287.5    286.8      0.0    259.3     56.1     93.3     47.3
    17     1    26     1     9    14     0     2   -11.0   23.782  120.870    346.0    991.1    287.2    286.4      0.0    251.9     58.3    148.3     37.2
    18     1    26     1     9    14     0     2   -11.0   23.592  120.719    458.1    969.6    289.1    286.6      0.0    126.8     57.2    233.8     27.9
    19     1    26     1     9    14     0     2   -11.0   23.006  120.508    161.4    950.0    290.7    286.5      0.0     21.1     58.5    187.5     26.3
    20     1    26     1     9    14     0     2   -11.0   23.222  120.550    431.2    897.0    293.5    284.4      0.0    150.2     54.9    427.9     39.5
    21     1    26     1     9    14     0     2   -11.0   22.796  120.438      0.0    991.0    290.2    289.4      0.0    389.1     60.3     47.1     49.6
    22     1    26     1     9    14     0     2   -11.0   22.880  120.284     41.3    956.3    290.6    286.9      0.0     65.5     58.1    250.3     41.9
    23     1    26     1     9    14     0     2   -11.0   22.814  120.303    236.5    919.1    292.4    285.3      0.0     21.1     59.7    405.6     22.9
    24     1    26     1     9    14     0     2   -11.0   22.877  120.332     80.1    943.8    291.3    286.4      0.0    184.2     66.9    330.4     54.0
    25     1    26     1     9    14     0     2   -11.0   23.668  120.748    352.1    939.3    290.7    285.6      0.0    254.3     54.9     96.8     48.2
    26     1    26     1     9    14     0     2   -11.0   24.426  121.181    380.2    915.1    289.4    282.0      0.0    368.3     65.1    305.2     56.8
    27     1    26     1     9    14     0     2   -11.0   23.422  120.707    102.0    954.6    290.3    286.4      0.0     79.5     58.1    221.2     18.6
     1     1    26     1     9    13     0     1   -12.0   23.294  120.578    446.7    903.8    293.2    284.7      0.0     55.8     59.0    601.8     40.4
     2     1    26     1     9    13     0     1   -12.0   23.297  120.587    438.0    912.3    292.1    284.3      0.0    204.4     58.6    527.8     78.2
     3     1    26     1     9    13     0     1   -12.0   23.100  120.472    175.6    985.9    289.5    288.3      0.0    121.3     55.1    103.1     91.1
     4     1    26     1     9    13     0     1   -12.0   23.049  120.297    192.6    954.8    290.7    286.8      0.0     23.5     58.1    373.8     47.1
     5     1    26     1     9    13     0     1   -12.0   22.918  120.352    413.7    900.4    293.5    284.6      0.0     23.5     60.1    661.2     37.2
     6     1    26     1     9    13     0     1   -12.0   22.888  120.385    359.1    921.5    292.1    285.2      0.0    149.9     69.6    501.9    111.3
     7     1    26     1     9    13     0     1   -12.0   23.919  120.820    152.5    986.5    287.7    286.6      0.0    309.2     57.9    131.1     77.0
     8     1    26     1     9    13     0     1   -12.0   23.940  120.946    153.3    974.4    287.7    285.5      0.0    276.1     59.8    243.4     86.1
     9     1    26     1     9    13     0     1   -12.0   23.684  120.761    246.9    962.6    289.5    286.3      0.0    211.9     56.7    264.7     77.8
    10     1    26     1     9    13     0     1   -12.0   23.291  120.579    687.2    903.8    293.2    284.7      0.0     53.7     59.0    605.6     39.9
    11     1    26     1     9    13     0     1   -12.0   23.297  120.587    682.8    912.3    292.1    284.3      0.0    204.4     58.6    527.8     78.2
    12     1    26     1     9    13     0     1   -12.0   23.104  120.474    417.6    986.5    289.5    288.3      0.0    117.8     55.1    104.7     90.1
    13     1    26     1     9    13     0     1   -12.0   23.049  120.297    438.6    954.7    290.7    286.8      0.0     23.5     58.1    374.9     47.1
    14     1    26     1     9    13     0     1   -12.0   22.918  120.352    657.1    900.4    293.5    284.6      0.0     23.5     60.1    661.2     37.2
    15     1    26     1     9    13     0     1   -12.0   22.888  120.388    605.8    920.2    292.1    285.1      0.0    147.4     69.8    511.2    111.4
    16     1    26     1     9    13     0     1   -12.0   23.906  120.815    393.7    987.5    287.7    286.7      0.0    311.7     57.7    130.1     78.0
    17     1    26     1     9    13     0     1   -12.0   23.927  120.939    390.6    976.6    287.6    285.7      0.0    277.5     59.6    234.3     85.1
    18     1    26     1     9    13     0     1   -12.0   23.679  120.758    490.0    963.9    289.4    286.4      0.0    208.4     56.6    257.5     76.9
    19     1    26     1     9    13     0     1   -12.0   23.017  120.522    165.6    943.0    291.2    286.3      0.0     23.5     58.3    250.4     51.0
    20     1    26     1     9    13     0     1   -12.0   23.203  120.574    532.4    874.8    294.6    283.4      0.0    176.8     56.6    543.1     70.5
    21     1    26     1     9    13     0     1   -12.0   22.804  120.434      0.0    991.4    290.3    289.5      0.0    412.6     59.1     47.3    100.1
    22     1    26     1     9    13     0     1   -12.0   22.893  120.286     45.5    954.5    290.9    287.0      0.0     66.5     57.9    264.6     80.2
    23     1    26     1     9    13     0     1   -12.0   22.816  120.310    251.3    914.4    292.7    285.2      0.0     23.5     59.5    435.8     45.3
    24     1    26     1     9    13     0     1   -12.0   22.871  120.328     62.2    948.0    291.2    286.7      0.0    215.2     66.0    313.3    107.4
    25     1    26     1     9    13     0     1   -12.0   23.716  120.788    385.9    927.6    291.2    285.0      0.0    288.8     56.1    168.8     91.7
    26     1    26     1     9    13     0     1   -12.0   24.527  121.318    454.1    911.2    288.6    281.0      0.0    355.7     71.2    271.7    112.4
    27     1    26     1     9    13     0     1   -12.0   23.466  120.751    145.2    942.3    291.1    286.2      0.0     23.5     57.7    291.7     35.3