    10     1
    GFSQ    26     1    28     0     0
    GFSQ    26     1    29     0     0
    GFSQ    26     1    30     0     0
    GFSQ    26     1    31     0     0
    GFSQ    26     2     1     0     0
    GFSQ    26     2     2     0     0
    GFSQ    26     2     3     0     0
    GFSQ    26     2     4     0     0
    GFSQ    26     2     5     0     0
    GFSQ    26     2     6     0     0
    27 BACKWARD OMEGA   
    26     2     5     6   24.218  120.618    10.0
    26     2     5     6   24.218  120.618    10.0
    26     2     5     6   24.218  120.618    10.0
    26     2     5     6   24.218  120.618    10.0
    26     2     5     6   24.218  120.618    10.0
    26     2     5     6   24.218  120.618    10.0
    26     2     5     6   24.218  120.618    10.0
    26     2     5     6   24.218  120.618    10.0
    26     2     5     6   24.218  120.618    10.0
    26     2     5     6   24.218  120.618    10.0
    26     2     5     6   24.218  120.618    10.0
    26     2     5     6   24.218  120.618    10.0
    26     2     5     6   24.218  120.618    10.0
    26     2     5     6   24.218  120.618    10.0
    26     2     5     6   24.218  120.618    10.0
    26     2     5     6   24.218  120.618    10.0
    26     2     5     6   24.218  120.618    10.0
    26     2     5     6   24.218  120.618    10.0
    26     2     5     6   24.218  120.618    10.0
    26     2     5     6   24.218  120.618    10.0
    26     2     5     6   24.218  120.618    10.0
    26     2     5     6   24.218  120.618    10.0
    26     2     5     6   24.218  120.618    10.0
    26     2     5     6   24.218  120.618    10.0
    26     2     5     6   24.218  120.618    10.0
    26     2     5     6   24.218  120.618    10.0
    26     2     5     6   24.218  120.618    10.0
     8 PRESSURE THETA    AIR_TEMP RAINFALL MIXDEPTH RELHUMID TERR_MSL SUN_FLUX
     1     1    26     2     5     6     0     0     0.0   24.218  120.618     10.0    995.4    295.8    295.4      0.0    720.8     55.5    157.4    583.7
     2     1    26     2     5     6     0     0     0.0   24.218  120.618     10.0   1004.4    293.8    294.2      0.0    431.6     60.7     82.7    508.9
     3     1    26     2     5     6     0     0     0.0   24.218  120.618     10.0    993.7    298.3    297.8      0.0   1073.2     45.8    165.7    643.7
     4     1    26     2     5     6     0     0     0.0   24.218  120.618     10.0    924.8    301.5    294.6      0.0   1273.6     47.7    810.8    666.8
     5     1    26     2     5     6     0     0     0.0   24.218  120.618     10.0    948.2    299.2    294.5      0.0   1061.6     51.5    595.2    622.5
     6     1    26     2     5     6     0     0     0.0   24.218  120.618     10.0    939.8    301.6    296.2      0.0   1487.3     44.5    664.3    676.1
     7     1    26     2     5     6     0     0     0.0   24.218  120.618     10.0   1013.1    291.7    292.8      0.0    186.0     68.7     11.1    432.5
     8     1    26     2     5     6     0     0     0.0   24.218  120.618     10.0   1014.2    291.4    292.6      0.0    131.5     68.8      1.4    400.3
     9     1    26     2     5     6     0     0     0.0   24.218  120.618     10.0   1011.2    294.2    295.1      0.0    449.2     59.2     13.0    514.0
    10     1    26     2     5     6     0     0     0.0   24.218  120.618     10.0    995.4    295.8    295.4      0.0    720.8     55.5    157.4    583.7
    11     1    26     2     5     6     0     0     0.0   24.218  120.618     10.0   1004.4    293.8    294.2      0.0    431.6     60.7     82.7    508.9
    12     1    26     2     5     6     0     0     0.0   24.218  120.618     10.0    993.7    298.3    297.8      0.0   1073.2     45.8    165.7    643.7
    13     1    26     2     5     6     0     0     0.0   24.218  120.618     10.0    924.8    301.5    294.6      0.0   1273.6     47.7    810.8    666.8
    14     1    26     2     5     6     0     0     0.0   24.218  120.618     10.0    948.2    299.2    294.5      0.0   1061.6     51.5    595.2    622.5
    15     1    26     2     5     6     0     0     0.0   24.218  120.618     10.0    939.8    301.6    296.2      0.0   1487.3     44.5    664.3    676.1
    16     1    26     2     5     6     0     0     0.0   24.218  120.618     10.0   1013.1    291.7    292.8      0.0    186.0     68.7     11.1    432.5
    17     1    26     2     5     6     0     0     0.0   24.218  120.618     10.0   1014.2    291.4    292.6      0.0    131.5     68.8      1.4    400.3
    18     1    26     2     5     6     0     0     0.0   24.218  120.618     10.0   1011.2    294.2    295.1      0.0    449.2     59.2     13.0    514.0
    19     1    26     2     5     6     0     0     0.0   24.218  120.618     10.0    967.3    297.0    294.2      0.0    720.8     53.6    157.4    583.7
    20     1    26     2     5     6     0     0     0.0   24.218  120.618     10.0    975.9    295.9    293.9      0.0    431.6     55.4     82.7    508.9
    21     1    26     2     5     6     0     0     0.0   24.218  120.618     10.0    965.7    297.7    294.7      0.0   1073.2     53.2    165.7    643.7
    22     1    26     2     5     6     0     0     0.0   24.218  120.618     10.0    899.1    300.7    291.5      0.0   1273.6     55.3    810.8    666.8
    23     1    26     2     5     6     0     0     0.0   24.218  120.618     10.0    921.7    299.1    292.1      0.0   1061.6     56.5    595.2    622.5
    24     1    26     2     5     6     0     0     0.0   24.218  120.618     10.0    913.8    300.8    293.0      0.0   1487.3     51.8    664.3    676.1
    25     1    26     2     5     6     0     0     0.0   24.218  120.618     10.0    984.2    294.7    293.4      0.0    186.0     55.7     11.1    432.5
    26     1    26     2     5     6     0     0     0.0   24.218  120.618     10.0    985.2    294.5    293.3      0.0    131.5     57.7      1.4    400.3
    27     1    26     2     5     6     0     0     0.0   24.218  120.618     10.0    982.4    295.2    293.7      0.0    449.2     56.0     13.0    514.0
     1     1    26     2     5     5     0     1    -1.0   24.151  120.601      0.0   1006.5    293.2    293.7      0.0    395.3     64.3     69.9    483.6
     2     1    26     2     5     5     0     1    -1.0   24.120  120.602      0.0   1010.7    292.0    292.9      0.0    225.6     67.9     34.9    433.3
     3     1    26     2     5     5     0     1    -1.0   24.172  120.589      0.0   1007.4    296.3    296.9      0.0    736.0     49.3     52.7    570.9
     4     1    26     2     5     5     0     1    -1.0   24.130  120.590      0.0    965.7    299.6    296.5      0.0   1115.3     45.5    433.8    609.4
     5     1    26     2     5     5     0     1    -1.0   24.132  120.592      0.0    982.5    296.8    295.3      0.0    796.2     52.5    289.4    537.6
     6     1    26     2     5     5     0     1    -1.0   24.151  120.579      0.0    973.5    300.1    297.8      0.0   1315.9     42.9    357.1    630.1
     7     1    26     2     5     5     0     1    -1.0   24.153  120.619      2.7   1014.9    291.0    292.2      0.0    149.4     73.3      5.5    338.1
     8     1    26     2     5     5     0     1    -1.0   24.110  120.601      8.9   1015.6    290.8    292.1      0.0    129.0     72.7      0.9    338.4
     9     1    26     2     5     5     0     1    -1.0   24.181  120.622      0.0   1013.7    292.3    293.5      0.0    262.4     68.0      5.9    418.3
    10     1    26     2     5     5     0     1    -1.0   24.151  120.601    249.3   1006.5    293.2    293.7      0.0    395.3     64.3     69.9    483.6
    11     1    26     2     5     5     0     1    -1.0   24.120  120.602    249.7   1010.7    292.0    292.9      0.0    225.6     67.9     34.9    433.3
    12     1    26     2     5     5     0     1    -1.0   24.172  120.589    249.5   1007.4    296.3    296.9      0.0    736.0     49.3     52.7    570.9
    13     1    26     2     5     5     0     1    -1.0   24.130  120.590    245.7    965.7    299.6    296.5      0.0   1115.3     45.5    433.9    609.4
    14     1    26     2     5     5     0     1    -1.0   24.132  120.592    247.1    982.5    296.8    295.3      0.0    796.2     52.5    289.5    537.6
    15     1    26     2     5     5     0     1    -1.0   24.151  120.579    246.4    973.5    300.1    297.8      0.0   1315.9     42.9    357.2    630.1
    16     1    26     2     5     5     0     1    -1.0   24.153  120.619    249.9   1014.9    291.0    292.2      0.0    149.4     73.3      5.5    338.1
    17     1    26     2     5     5     0     1    -1.0   24.110  120.601    250.0   1015.6    290.8    292.1      0.0    129.0     72.7      0.9    338.4
    18     1    26     2     5     5     0     1    -1.0   24.181  120.622    249.9   1013.7    292.3    293.5      0.0    262.4     68.0      5.9    418.3
    19     1    26     2     5     5     0     1    -1.0   24.141  120.589      4.3    979.9    295.2    293.5      0.0    375.7     56.2     56.7    481.5
    20     1    26     2     5     5     0     1    -1.0   24.110  120.567     13.3    984.1    294.5    293.2      0.0    142.9     56.6     10.7    419.0
    21     1    26     2     5     5     0     1    -1.0   24.162  120.582      1.0    980.5    295.7    294.0      0.0    732.4     56.5     47.3    570.8
    22     1    26     2     5     5     0     1    -1.0   24.116  120.570      0.0    956.0    298.6    294.8      0.0   1110.6     50.2    344.1    607.0
    23     1    26     2     5     5     0     1    -1.0   24.107  120.563      0.0    969.6    296.7    294.1      0.0    770.5     54.1    201.4    534.2
    24     1    26     2     5     5     0     1    -1.0   24.147  120.549      0.0    961.5    299.0    295.6      0.0   1273.4     47.8    297.4    626.4
    25     1    26     2     5     5     0     1    -1.0   24.142  120.578     50.4    981.8    294.2    292.7      0.0    127.7     56.6      1.7    315.5
    26     1    26     2     5     5     0     1    -1.0   24.107  120.541     27.6    984.8    294.0    292.7      0.0    127.0     57.8      0.0    327.9
    27     1    26     2     5     5     0     1    -1.0   24.167  120.605     70.8    978.0    294.5    292.7      0.0    233.8     57.9      4.2    410.0
     1     1    26     2     5     4     0     2    -2.0   24.194  120.547      0.0   1013.2    291.4    292.5      0.0    220.0     71.8     20.1    380.7
     2     1    26     2     5     4     0     2    -2.0   24.132  120.559      0.0   1015.5    290.7    292.0      0.0    112.6     73.9      3.6    375.0
     3     1    26     2     5     4     0     2    -2.0   24.229  120.522      0.0   1012.8    293.9    295.0      0.0    463.2     59.3     19.9    456.8
     4     1    26     2     5     4     0     2    -2.0   24.144  120.516      0.0    986.0    297.2    296.0      0.0    832.4     49.8    258.3    530.3
     5     1    26     2     5     4     0     2    -2.0   24.143  120.532      0.0    998.8    295.0    294.9      0.0    577.9     56.3    150.4    451.8
     6     1    26     2     5     4     0     2    -2.0   24.179  120.485      0.0    991.5    298.1    297.4      0.0   1008.0     45.4    203.0    562.5
     7     1    26     2     5     4     0     2    -2.0   24.197  120.590      0.7   1016.2    290.4    291.7      0.0    141.5     77.2      2.5    271.7
     8     1    26     2     5     4     0     2    -2.0   24.118  120.558      8.8   1016.6    290.2    291.6      0.0    115.5     76.4      0.0    290.8
     9     1    26     2     5     4     0     2    -2.0   24.251  120.590      0.0   1015.7    291.0    292.3      0.0    200.1     74.9      2.8    333.5
    10     1    26     2     5     4     0     2    -2.0   24.194  120.547    249.8   1013.2    291.4    292.5      0.0    220.0     71.8     20.1    380.7
    11     1    26     2     5     4     0     2    -2.0   24.132  120.559    250.0   1015.5    290.7    292.0      0.0    112.6     73.9      3.6    375.0
    12     1    26     2     5     4     0     2    -2.0   24.229  120.522    249.8   1012.8    293.9    295.0      0.0    463.3     59.3     19.9    456.8
    13     1    26     2     5     4     0     2    -2.0   24.144  120.516    247.4    986.0    297.2    296.0      0.0    832.5     49.8    258.4    530.4
    14     1    26     2     5     4     0     2    -2.0   24.143  120.533    248.5    998.8    295.0    294.9      0.0    578.0     56.3    150.4    451.8
    15     1    26     2     5     4     0     2    -2.0   24.179  120.485    248.0    991.5    298.1    297.4      0.0   1008.1     45.4    203.1    562.5
    16     1    26     2     5     4     0     2    -2.0   24.197  120.590    250.0   1016.2    290.4    291.7      0.0    141.5     77.2      2.5    271.7
    17     1    26     2     5     4     0     2    -2.0   24.118  120.558    250.0   1016.6    290.2    291.6      0.0    115.5     76.4      0.0    290.8
    18     1    26     2     5     4     0     2    -2.0   24.251  120.590    250.0   1015.7    291.0    292.3      0.0    200.1     74.9      2.8    333.5
    19     1    26     2     5     4     0     2    -2.0   24.174  120.519     47.2    980.1    294.4    292.7      0.0    219.6     58.1     19.3    366.0
    20     1    26     2     5     4     0     2    -2.0   24.113  120.472     52.5    981.8    294.1    292.5      0.0    121.1     57.2      3.4    345.8
    21     1    26     2     5     4     0     2    -2.0   24.212  120.509     35.5    981.2    294.5    292.9      0.0    464.0     59.1     18.6    456.0
    22     1    26     2     5     4     0     2    -2.0   24.129  120.486      0.0    983.7    296.3    294.9      0.0    769.3     53.5    222.7    515.0
    23     1    26     2     5     4     0     2    -2.0   24.104  120.486      0.0    983.1    295.1    293.7      0.0    521.8     55.6    138.2    447.9
    24     1    26     2     5     4     0     2    -2.0   24.175  120.449      0.0    990.2    297.1    296.3      0.0    927.4     48.8    166.2    551.8
    25     1    26     2     5     4     0     2    -2.0   24.168  120.486     79.5    979.5    293.9    292.2      0.0    132.9     56.9      0.0    272.6
    26     1    26     2     5     4     0     2    -2.0   24.103  120.420     61.3    981.6    293.7    292.2      0.0    108.2     59.4      0.0    329.0
    27     1    26     2     5     4     0     2    -2.0   24.209  120.536    134.7    972.7    294.4    292.0      0.0    168.6     58.2      0.0    329.7
     1     1    26     2     5     3     0     3    -3.0   24.262  120.524      0.0   1015.2    290.8    292.0      0.0    179.9     75.4     12.7    316.4
     2     1    26     2     5     3     0     3    -3.0   24.173  120.551      0.0   1017.3    290.1    291.6      0.0     87.2     77.6      0.0    337.8
     3     1    26     2     5     3     0     3    -3.0   24.311  120.484      0.0   1014.6    292.0    293.3      0.0    314.2     69.2     16.3    342.6
     4     1    26     2     5     3     0     3    -3.0   24.186  120.463      0.0    994.5    295.1    294.6      0.0    567.7     57.3    193.4    434.1
     5     1    26     2     5     3     0     3    -3.0   24.175  120.506      0.0   1003.5    293.8    294.0      0.0    429.8     60.9    116.1    376.7
     6     1    26     2     5     3     0     3    -3.0   24.231  120.410      0.0   1001.1    295.9    296.0      0.0    694.0     51.9    129.4    469.5
     7     1    26     2     5     3     0     3    -3.0   24.266  120.590      0.0   1017.0    289.9    291.3      0.0    134.1     80.0      1.7    242.1
     8     1    26     2     5     3     0     3    -3.0   24.154  120.549      8.9   1017.3    289.6    291.0      0.0     91.6     79.5      0.0    268.7
     9     1    26     2     5     3     0     3    -3.0   24.347  120.584      0.0   1017.0    290.2    291.6      0.0    185.6     79.7      2.2    250.0
    10     1    26     2     5     3     0     3    -3.0   24.262  120.524    249.9   1015.2    290.8    292.0      0.0    179.9     75.4     12.7    316.4
    11     1    26     2     5     3     0     3    -3.0   24.173  120.551    250.0   1017.3    290.1    291.6      0.0     87.2     77.6      0.0    337.8
    12     1    26     2     5     3     0     3    -3.0   24.311  120.484    249.8   1014.6    292.0    293.3      0.0    314.2     69.2     16.3    342.6
    13     1    26     2     5     3     0     3    -3.0   24.186  120.463    248.1    994.5    295.1    294.6      0.0    567.7     57.3    193.5    434.1
    14     1    26     2     5     3     0     3    -3.0   24.175  120.506    248.8   1003.5    293.8    294.0      0.0    429.8     60.9    116.1    376.7
    15     1    26     2     5     3     0     3    -3.0   24.231  120.410    248.7   1001.1    295.9    296.0      0.0    694.1     51.9    129.4    469.5
    16     1    26     2     5     3     0     3    -3.0   24.266  120.590    250.0   1017.0    289.9    291.3      0.0    134.1     80.0      1.7    242.1
    17     1    26     2     5     3     0     3    -3.0   24.154  120.549    250.1   1017.3    289.6    291.0      0.0     91.6     79.5      0.0    268.7
    18     1    26     2     5     3     0     3    -3.0   24.347  120.584    250.0   1017.0    290.2    291.6      0.0    185.6     79.7      2.2    250.0
    19     1    26     2     5     3     0     3    -3.0   24.223  120.454     98.3    976.3    294.1    292.1      0.0    181.5     58.5     10.6    282.3
    20     1    26     2     5     3     0     3    -3.0   24.139  120.380     97.9    977.9    293.9    292.1      0.0     99.0     57.6      0.8    283.3
    21     1    26     2     5     3     0     3    -3.0   24.278  120.450     89.7    977.0    294.0    292.1      0.0    312.3     59.5     13.1    340.9
    22     1    26     2     5     3     0     3    -3.0   24.173  120.427      0.0    979.6    294.9    293.2      0.0    500.3     56.6    157.4    411.1
    23     1    26     2     5     3     0     3    -3.0   24.130  120.436      0.0    981.3    294.2    292.6      0.0    346.9     57.0     91.1    374.0
    24     1    26     2     5     3     0     3    -3.0   24.237  120.370      0.0    987.3    294.9    293.8      0.0    593.8     56.2     86.7    447.6
    25     1    26     2     5     3     0     3    -3.0   24.214  120.405    117.3    975.8    293.7    291.7      0.0    140.4     57.3      0.0    281.5
    26     1    26     2     5     3     0     3    -3.0   24.116  120.315    135.1    973.8    293.7    291.5      0.0    101.3     62.0      0.0    334.8
    27     1    26     2     5     3     0     3    -3.0   24.259  120.474    193.1    967.2    294.4    291.6      0.0    192.8     58.0      0.0    289.5
     1     1    26     2     5     2     0     2    -4.0   24.343  120.533      0.0   1016.4    290.1    291.4      0.0    150.4     79.0      6.5    219.1
     2     1    26     2     5     2     0     2    -4.0   24.231  120.576      0.0   1016.6    289.9    291.2      0.0    124.4     79.4      7.1    218.2
     3     1    26     2     5     2     0     2    -4.0   24.411  120.479      0.0   1014.8    290.7    291.9      0.0    215.4     77.0     15.9    197.5
     4     1    26     2     5     2     0     2    -4.0   24.246  120.441      0.0   1000.1    293.1    293.1      0.0    369.4     65.4    146.0    272.4
     5     1    26     2     5     2     0     2    -4.0   24.219  120.508      0.0   1005.8    292.1    292.6      0.0    289.3     69.0     96.5    239.2
     6     1    26     2     5     2     0     2    -4.0   24.303  120.371      0.0   1006.0    293.3    293.8      0.0    409.3     62.9     89.5    285.7
     7     1    26     2     5     2     0     2    -4.0   24.347  120.610      0.0   1017.3    289.6    291.0      0.0    133.5     80.7      1.4    179.5
     8     1    26     2     5     2     0     2    -4.0   24.210  120.563      8.9   1017.5    289.3    290.8      0.0    111.5     80.5      0.0    177.6
     9     1    26     2     5     2     0     2    -4.0   24.452  120.602      0.0   1016.9    289.9    291.2      0.0    164.9     80.8      3.5    158.0
    10     1    26     2     5     2     0     2    -4.0   24.343  120.533    249.9   1016.4    290.1    291.4      0.0    150.4     79.0      6.5    219.1
    11     1    26     2     5     2     0     2    -4.0   24.231  120.576    249.9   1016.6    289.9    291.2      0.0    124.4     79.4      7.1    218.2
    12     1    26     2     5     2     0     2    -4.0   24.411  120.479    249.8   1014.8    290.7    291.9      0.0    215.4     77.0     15.9    197.5
    13     1    26     2     5     2     0     2    -4.0   24.246  120.441    248.5   1000.1    293.1    293.1      0.0    369.5     65.4    146.0    272.4
    14     1    26     2     5     2     0     2    -4.0   24.219  120.508    249.0   1005.8    292.1    292.6      0.0    289.3     69.0     96.5    239.2
    15     1    26     2     5     2     0     2    -4.0   24.303  120.371    249.1   1006.0    293.3    293.8      0.0    409.4     62.9     89.6    285.7
    16     1    26     2     5     2     0     2    -4.0   24.347  120.610    250.0   1017.3    289.6    291.0      0.0    133.5     80.7      1.4    179.5
    17     1    26     2     5     2     0     2    -4.0   24.210  120.563    250.1   1017.5    289.3    290.8      0.0    111.5     80.5      0.0    177.6
    18     1    26     2     5     2     0     2    -4.0   24.452  120.602    250.0   1016.9    289.9    291.2      0.0    164.9     80.8      3.5    158.0
    19     1    26     2     5     2     0     2    -4.0   24.268  120.389    136.0    973.1    294.0    291.7      0.0    156.9     58.9      4.5    176.9
    20     1    26     2     5     2     0     2    -4.0   24.165  120.288    164.8    970.6    294.1    291.6      0.0    117.5     59.4      0.0    183.2
    21     1    26     2     5     2     0     2    -4.0   24.340  120.402    131.7    973.0    294.1    291.8      0.0    219.8     58.9      8.6    195.6
    22     1    26     2     5     2     0     2    -4.0   24.231  120.399      0.0    977.4    293.9    292.0      0.0    322.5     60.5    108.6    257.8
    23     1    26     2     5     2     0     2    -4.0   24.170  120.409     10.6    981.4    293.2    291.7      0.0    230.9     61.2     60.1    240.3
    24     1    26     2     5     2     0     2    -4.0   24.315  120.333     11.7    981.6    293.8    292.2      0.0    346.3     61.3     48.2    267.0
    25     1    26     2     5     2     0     2    -4.0   24.258  120.334    178.5    969.0    293.7    291.1      0.0    150.6     59.0      0.0    211.1
    26     1    26     2     5     2     0     2    -4.0   24.131  120.218    243.7    961.6    293.9    290.6      0.0    123.7     66.3      0.0    209.6
    27     1    26     2     5     2     0     2    -4.0   24.303  120.422    246.3    961.4    294.4    291.1      0.0    190.1     59.1      0.0    195.2
     1     1    26     2     5     1     0     1    -5.0   24.433  120.581      0.0   1016.2    289.5    290.8      0.0    155.0     81.9     11.9    114.2
     2     1    26     2     5     1     0     1    -5.0   24.292  120.624      0.0   1015.2    289.6    290.8      0.0    150.8     80.9     20.0    107.3
     3     1    26     2     5     1     0     1    -5.0   24.517  120.508      0.0   1015.7    289.9    291.2      0.0    184.8     80.4     11.4    107.4
     4     1    26     2     5     1     0     1    -5.0   24.313  120.453      0.0   1002.3    291.7    291.9      0.0    253.4     71.6    129.9    134.4
     5     1    26     2     5     1     0     1    -5.0   24.267  120.532      0.0   1007.6    290.7    291.4      0.0    192.9     75.6     82.4    115.6
     6     1    26     2     5     1     0     1    -5.0   24.386  120.370      0.0   1006.1    291.8    292.3      0.0    266.7     71.1     91.1    135.6
     7     1    26     2     5     1     0     1    -5.0   24.435  120.648      0.0   1017.6    289.1    290.6      0.0    144.3     82.3      0.0     97.5
     8     1    26     2     5     1     0     1    -5.0   24.274  120.592      8.9   1017.6    289.0    290.4      0.0    133.6     81.5      0.0     89.1
     9     1    26     2     5     1     0     1    -5.0   24.559  120.640      0.0   1017.1    289.5    290.9      0.0    162.9     81.8      3.4     93.1
    10     1    26     2     5     1     0     1    -5.0   24.433  120.581    249.9   1016.2    289.5    290.8      0.0    155.0     81.9     11.9    114.2
    11     1    26     2     5     1     0     1    -5.0   24.292  120.624    249.8   1015.2    289.6    290.8      0.0    150.8     80.9     20.0    107.3
    12     1    26     2     5     1     0     1    -5.0   24.517  120.508    249.9   1015.7    289.9    291.2      0.0    184.8     80.4     11.4    107.4
    13     1    26     2     5     1     0     1    -5.0   24.313  120.453    248.7   1002.3    291.7    291.9      0.0    253.4     71.6    129.9    134.4
    14     1    26     2     5     1     0     1    -5.0   24.267  120.532    249.2   1007.6    290.7    291.4      0.0    192.9     75.6     82.5    115.6
    15     1    26     2     5     1     0     1    -5.0   24.386  120.370    249.1   1006.1    291.8    292.3      0.0    266.8     71.1     91.1    135.6
    16     1    26     2     5     1     0     1    -5.0   24.435  120.648    250.0   1017.6    289.1    290.6      0.0    144.3     82.3      0.0     97.5
    17     1    26     2     5     1     0     1    -5.0   24.274  120.592    250.1   1017.6    289.0    290.4      0.0    133.6     81.5      0.0     89.1
    18     1    26     2     5     1     0     1    -5.0   24.559  120.640    250.0   1017.1    289.5    290.9      0.0    162.9     81.8      3.4     93.1
    19     1    26     2     5     1     0     1    -5.0   24.298  120.327    168.7    970.1    293.9    291.4      0.0    157.9     58.8      0.8     84.5
    20     1    26     2     5     1     0     1    -5.0   24.180  120.202    270.7    958.7    294.0    290.4      0.0    144.3     61.9      0.0     98.9
    21     1    26     2     5     1     0     1    -5.0   24.386  120.364    152.7    971.3    294.0    291.6      0.0    186.0     59.0      5.1     89.5
    22     1    26     2     5     1     0     1    -5.0   24.286  120.396     14.3    977.4    293.2    291.3      0.0    231.8     63.5     89.9    128.2
    23     1    26     2     5     1     0     1    -5.0   24.203  120.398     35.5    980.1    292.7    291.1      0.0    180.9     63.5     46.2    116.3
    24     1    26     2     5     1     0     1    -5.0   24.388  120.326     35.8    979.6    293.3    291.6      0.0    242.0     62.7     42.1    125.4
    25     1    26     2     5     1     0     1    -5.0   24.288  120.273    258.6    960.0    293.8    290.4      0.0    167.5     61.5      0.0    109.7
    26     1    26     2     5     1     0     1    -5.0   24.133  120.126    372.0    947.3    294.0    289.5      0.0    150.9     71.7      0.0     97.2
    27     1    26     2     5     1     0     1    -5.0   24.332  120.378    292.0    956.3    294.4    290.7      0.0    197.7     60.3      0.0    102.4
     1     1    26     2     5     0     0     0    -6.0   24.519  120.653      0.0   1013.8    289.2    290.3      0.0    158.3     83.6     33.8      3.7
     2     1    26     2     5     0     0     0    -6.0   24.356  120.691      0.0   1015.4    289.0    290.3      0.0    145.6     83.9     20.2      7.0
     3     1    26     2     5     0     0     0    -6.0   24.630  120.575      0.8   1016.0    289.2    290.5      0.0    177.7     84.2     14.1      1.5
     4     1    26     2     5     0     0     0    -6.0   24.384  120.492      0.0   1002.7    290.3    290.5      0.0    152.7     78.4    128.2      1.4
     5     1    26     2     5     0     0     0    -6.0   24.320  120.571      0.0   1008.6    289.6    290.3      0.0    124.4     81.6     79.2      5.7
     6     1    26     2     5     0     0     0    -6.0   24.477  120.403      0.0   1004.1    290.9    291.2      0.0    178.4     75.5    113.5      7.2
     7     1    26     2     5     0     0     0    -6.0   24.526  120.712      0.0   1017.8    288.7    290.2      0.0    169.5     84.2      0.0      2.4
     8     1    26     2     5     0     0     0    -6.0   24.342  120.646      8.9   1017.8    288.6    290.1      0.0    160.4     83.2      0.0      2.2
     9     1    26     2     5     0     0     0    -6.0   24.672  120.702      0.1   1017.8    288.9    290.3      0.0    174.7     84.6      0.0      0.0
    10     1    26     2     5     0     0     0    -6.0   24.519  120.653    249.7   1013.8    289.2    290.3      0.0    158.3     83.6     33.8      3.7
    11     1    26     2     5     0     0     0    -6.0   24.356  120.691    249.8   1015.4    289.0    290.3      0.0    145.6     83.9     20.2      7.0
    12     1    26     2     5     0     0     0    -6.0   24.630  120.575    250.7   1016.0    289.2    290.5      0.0    177.7     84.2     14.1      1.5
    13     1    26     2     5     0     0     0    -6.0   24.384  120.492    248.7   1002.7    290.3    290.5      0.0    152.7     78.4    128.2      1.4
    14     1    26     2     5     0     0     0    -6.0   24.320  120.571    249.2   1008.6    289.6    290.3      0.0    124.4     81.6     79.3      5.7
    15     1    26     2     5     0     0     0    -6.0   24.477  120.403    248.9   1004.0    290.9    291.2      0.0    178.4     75.5    113.5      7.2
    16     1    26     2     5     0     0     0    -6.0   24.526  120.712    250.0   1017.8    288.7    290.2      0.0    169.5     84.2      0.0      2.4
    17     1    26     2     5     0     0     0    -6.0   24.342  120.646    250.1   1017.8    288.6    290.1      0.0    160.4     83.2      0.0      2.2
    18     1    26     2     5     0     0     0    -6.0   24.672  120.702    250.1   1017.8    288.9    290.3      0.0    174.7     84.6      0.0      0.0
    19     1    26     2     5     0     0     0    -6.0   24.318  120.271    212.7    965.3    293.8    290.8      0.0    176.9     58.6      0.0      3.2
    20     1    26     2     5     0     0     0    -6.0   24.180  120.127    451.8    938.5    294.0    288.7      0.0    173.6     69.1      0.0      0.0
    21     1    26     2     5     0     0     0    -6.0   24.419  120.335    158.9    971.1    293.9    291.4      0.0    178.1     59.3      2.3      9.4
    22     1    26     2     5     0     0     0    -6.0   24.331  120.411     37.0    975.1    292.7    290.6      0.0    168.6     65.8     89.3      3.3
    23     1    26     2     5     0     0     0    -6.0   24.224  120.396     70.8    976.8    292.5    290.5      0.0    161.4     65.1     40.7      2.0
    24     1    26     2     5     0     0     0    -6.0   24.448  120.342     49.6    976.8    293.0    291.1      0.0    195.4     63.9     55.7      8.3
    25     1    26     2     5     0     0     0    -6.0   24.302  120.221    356.0    949.1    293.8    289.4      0.0    189.9     65.3      0.0      1.6
    26     1    26     2     5     0     0     0    -6.0   24.116  120.030    491.4    934.1    294.3    288.6      0.0    181.8     76.5      0.0      2.0
    27     1    26     2     5     0     0     0    -6.0   24.347  120.342    312.9    954.1    294.4    290.4      0.0    212.1     60.8      0.0      3.9
     1     1    26     2     4    23     0     1    -7.0   24.592  120.714      0.0   1014.0    289.1    290.3      0.0    140.2     83.2     29.2      4.3
     2     1    26     2     4    23     0     1    -7.0   24.419  120.745      0.1   1017.3    288.9    290.3      0.0    130.8     84.3      0.3      6.2
     3     1    26     2     4    23     0     1    -7.0   24.728  120.647      1.5   1012.6    289.3    290.3      0.0    160.0     82.8     40.7      1.4
     4     1    26     2     4    23     0     1    -7.0   24.445  120.535      1.1   1003.1    290.1    290.3      0.0    118.8     79.1    123.0      0.6
     5     1    26     2     4    23     0     1    -7.0   24.372  120.603      0.0   1008.5    289.6    290.3      0.0    109.1     80.9     78.7      4.6
     6     1    26     2     4    23     0     1    -7.0   24.557  120.447      7.8   1002.4    290.6    290.8      0.0    152.1     76.0    127.4      2.8
     7     1    26     2     4    23     0     1    -7.0   24.612  120.790      0.0   1017.7    288.6    290.1      0.0    185.0     84.4      0.0      4.4
     8     1    26     2     4    23     0     1    -7.0   24.412  120.714      8.9   1017.6    288.5    289.9      0.0    178.3     83.7      0.0      3.7
     9     1    26     2     4    23     0     1    -7.0   24.778  120.777      0.1   1017.4    288.8    290.2      0.0    185.7     84.5      0.0      2.4
    10     1    26     2     4    23     0     1    -7.0   24.592  120.714    249.7   1014.0    289.1    290.3      0.0    140.2     83.2     29.2      4.3
    11     1    26     2     4    23     0     1    -7.0   24.419  120.745    250.1   1017.3    288.9    290.3      0.0    130.8     84.3      0.3      6.2
    12     1    26     2     4    23     0     1    -7.0   24.728  120.647    251.1   1012.6    289.3    290.3      0.0    160.0     82.8     40.7      1.4
    13     1    26     2     4    23     0     1    -7.0   24.445  120.535    249.8   1003.1    290.1    290.3      0.0    118.8     79.1    123.0      0.6
    14     1    26     2     4    23     0     1    -7.0   24.372  120.603    249.2   1008.5    289.6    290.3      0.0    109.1     80.9     78.7      4.6
    15     1    26     2     4    23     0     1    -7.0   24.557  120.447    256.5   1002.4    290.6    290.8      0.0    152.1     76.0    127.5      2.8
    16     1    26     2     4    23     0     1    -7.0   24.612  120.790    250.0   1017.7    288.6    290.1      0.0    185.0     84.4      0.0      4.4
    17     1    26     2     4    23     0     1    -7.0   24.412  120.714    250.1   1017.6    288.5    289.9      0.0    178.3     83.7      0.0      3.7
    18     1    26     2     4    23     0     1    -7.0   24.778  120.777    250.1   1017.4    288.8    290.2      0.0    185.7     84.5      0.0      2.4
    19     1    26     2     4    23     0     1    -7.0   24.322  120.224    269.5    958.3    294.0    290.5      0.0    201.1     57.1      0.0      1.6
    20     1    26     2     4    23     0     1    -7.0   24.132  120.034    641.1    917.2    295.4    288.2      0.0    200.6     72.3      0.0      0.1
    21     1    26     2     4    23     0     1    -7.0   24.441  120.314    166.6    969.9    293.8    291.2      0.0    196.9     57.5      0.4      5.7
    22     1    26     2     4    23     0     1    -7.0   24.359  120.431     70.9    970.3    292.6    290.1      0.0    153.8     68.0     95.4      1.5
    23     1    26     2     4    23     0     1    -7.0   24.229  120.393    112.1    972.0    292.5    290.2      0.0    161.3     66.1     38.3      1.5
    24     1    26     2     4    23     0     1    -7.0   24.494  120.368     68.3    972.7    292.8    290.5      0.0    182.1     67.1     73.6      4.4
    25     1    26     2     4    23     0     1    -7.0   24.286  120.161    437.2    939.5    294.5    289.3      0.0    211.0     64.3      0.0      2.0
    26     1    26     2     4    23     0     1    -7.0   24.069  119.922    565.2    925.4    294.9    288.5      0.0    201.0     73.0      0.0      2.5
    27     1    26     2     4    23     0     1    -7.0   24.351  120.313    308.3    954.0    294.4    290.5      0.0    234.3     57.6      0.0      1.8
     1     1    26     2     4    22     0     2    -8.0   24.654  120.744      0.0   1016.1    289.0    290.3      0.0    132.9     83.7      7.3      2.9
     2     1    26     2     4    22     0     2    -8.0   24.477  120.769      0.6   1017.0    288.8    290.2      0.0    133.8     84.0      0.0      3.6
     3     1    26     2     4    22     0     2    -8.0   24.803  120.693      1.5   1012.8    289.2    290.3      0.0    143.9     82.4     37.9      1.7
     4     1    26     2     4    22     0     2    -8.0   24.490  120.562      5.7   1003.9    290.0    290.3      0.0     89.1     78.9    115.7      0.9
     5     1    26     2     4    22     0     2    -8.0   24.416  120.613      0.0   1012.7    289.4    290.4      0.0    105.0     81.2     36.4      2.4
     6     1    26     2     4    22     0     2    -8.0   24.621  120.484     13.5   1001.8    290.3    290.5      0.0    119.2     77.0    128.8      0.6
     7     1    26     2     4    22     0     2    -8.0   24.688  120.847      0.0   1017.6    288.5    290.0      0.0    184.7     84.3      0.0      3.2
     8     1    26     2     4    22     0     2    -8.0   24.484  120.766      8.6   1017.4    288.4    289.8      0.0    192.3     84.0      0.0      2.6
     9     1    26     2     4    22     0     2    -8.0   24.866  120.837      0.1   1017.1    288.7    290.1      0.0    187.5     84.2      3.5      2.5
    10     1    26     2     4    22     0     2    -8.0   24.654  120.744    249.9   1016.1    289.0    290.3      0.0    132.9     83.7      7.3      2.9
    11     1    26     2     4    22     0     2    -8.0   24.477  120.769    250.6   1017.0    288.8    290.2      0.0    133.8     84.0      0.0      3.6
    12     1    26     2     4    22     0     2    -8.0   24.803  120.693    251.1   1012.7    289.2    290.3      0.0    143.9     82.4     37.9      1.7
    13     1    26     2     4    22     0     2    -8.0   24.490  120.562    254.6   1003.8    290.0    290.3      0.0     89.1     78.9    115.7      0.9
    14     1    26     2     4    22     0     2    -8.0   24.416  120.613    249.6   1012.7    289.4    290.4      0.0    105.0     81.2     36.4      2.4
    15     1    26     2     4    22     0     2    -8.0   24.621  120.484    262.2   1001.8    290.3    290.5      0.0    119.2     77.0    128.8      0.6
    16     1    26     2     4    22     0     2    -8.0   24.688  120.847    250.0   1017.6    288.5    290.0      0.0    184.7     84.3      0.0      3.2
    17     1    26     2     4    22     0     2    -8.0   24.484  120.766    250.0   1017.4    288.4    289.8      0.0    192.3     84.0      0.0      2.6
    18     1    26     2     4    22     0     2    -8.0   24.866  120.837    250.0   1017.1    288.7    290.1      0.0    187.5     84.2      3.5      2.5
    19     1    26     2     4    22     0     2    -8.0   24.301  120.183    311.3    953.0    294.4    290.4      0.0    226.4     54.3      0.0      0.7
    20     1    26     2     4    22     0     2    -8.0   24.041  119.926    715.8    908.7    295.7    287.7      0.0    229.7     70.4      0.0      0.9
    21     1    26     2     4    22     0     2    -8.0   24.447  120.303    187.1    967.0    293.8    291.0      0.0    219.5     54.9      0.0      2.7
    22     1    26     2     4    22     0     2    -8.0   24.360  120.444    115.7    963.9    292.9    289.8      0.0    138.4     67.9    104.5      0.8
    23     1    26     2     4    22     0     2    -8.0   24.214  120.384    156.3    966.8    292.8    290.0      0.0    164.4     65.6     36.8      0.6
    24     1    26     2     4    22     0     2    -8.0   24.517  120.389    105.0    966.7    292.8    290.0      0.0    169.0     68.3     88.3      1.9
    25     1    26     2     4    22     0     2    -8.0   24.235  120.086    476.5    934.6    295.0    289.4      0.0    237.3     60.3      0.0      2.1
    26     1    26     2     4    22     0     2    -8.0   23.993  119.813    608.8    920.1    295.1    288.2      0.0    220.1     70.6      0.0      2.2
    27     1    26     2     4    22     0     2    -8.0   24.344  120.284    289.4    955.5    294.4    290.6      0.0    254.6     54.6      0.0      1.2
     1     1    26     2     4    21     0     3    -9.0   24.714  120.747      0.0   1016.6    288.9    290.2      0.0    145.3     83.8      0.0      0.0
     2     1    26     2     4    21     0     3    -9.0   24.535  120.765      1.0   1016.9    288.7    290.1      0.0    154.2     84.1      0.0      0.0
     3     1    26     2     4    21     0     3    -9.0   24.867  120.711      1.5   1014.6    289.0    290.2      0.0    142.7     82.8     19.2      0.0
     4     1    26     2     4    21     0     3    -9.0   24.525  120.572     17.5   1002.7    289.9    290.1      0.0     74.9     79.3    115.6      0.0
     5     1    26     2     4    21     0     3    -9.0   24.460  120.603      2.1   1013.9    289.2    290.4      0.0    116.5     82.0     22.4      0.0
     6     1    26     2     4    21     0     3    -9.0   24.668  120.510     15.8   1002.3    290.0    290.2      0.0     81.0     77.8    122.4      0.0
     7     1    26     2     4    21     0     3    -9.0   24.765  120.868      0.0   1017.1    288.4    289.8      0.0    192.0     84.3      0.0      0.0
     8     1    26     2     4    21     0     3    -9.0   24.566  120.789      7.1   1016.7    288.2    289.6      0.0    207.1     84.3      0.0      0.0
     9     1    26     2     4    21     0     3    -9.0   24.947  120.865      0.0   1017.4    288.5    290.0      0.0    189.0     84.2      0.0      0.0
    10     1    26     2     4    21     0     3    -9.0   24.714  120.747    250.0   1016.6    288.9    290.2      0.0    145.3     83.8      0.0      0.0
    11     1    26     2     4    21     0     3    -9.0   24.535  120.765    251.0   1016.9    288.7    290.1      0.0    154.2     84.1      0.0      0.0
    12     1    26     2     4    21     0     3    -9.0   24.867  120.711    251.3   1014.6    289.0    290.2      0.0    142.7     82.8     19.2      0.0
    13     1    26     2     4    21     0     3    -9.0   24.525  120.572    266.4   1002.7    289.9    290.1      0.0     74.8     79.3    115.7      0.0
    14     1    26     2     4    21     0     3    -9.0   24.460  120.603    251.9   1013.9    289.2    290.4      0.0    116.5     82.0     22.5      0.0
    15     1    26     2     4    21     0     3    -9.0   24.668  120.510    264.6   1002.3    290.0    290.2      0.0     81.0     77.8    122.4      0.0
    16     1    26     2     4    21     0     3    -9.0   24.765  120.868    250.0   1017.1    288.4    289.8      0.0    192.0     84.3      0.0      0.0
    17     1    26     2     4    21     0     3    -9.0   24.566  120.789    250.0   1016.7    288.2    289.6      0.0    207.1     84.3      0.0      0.0
    18     1    26     2     4    21     0     3    -9.0   24.947  120.865    250.0   1017.4    288.5    290.0      0.0    189.0     84.2      0.0      0.0
    19     1    26     2     4    21     0     3    -9.0   24.260  120.150    320.1    951.4    294.7    290.5      0.0    253.8     50.8      0.0      0.0
    20     1    26     2     4    21     0     3    -9.0   23.935  119.817    728.7    906.7    295.7    287.6      0.0    268.9     68.1      0.0      0.0
    21     1    26     2     4    21     0     3    -9.0   24.433  120.304    220.1    962.7    294.1    290.9      0.0    241.4     51.7      0.0      0.0
    22     1    26     2     4    21     0     3    -9.0   24.328  120.446    175.2    955.4    293.6    289.8      0.0    127.9     64.7    118.5      0.0
    23     1    26     2     4    21     0     3    -9.0   24.174  120.368    205.1    960.9    293.5    290.2      0.0    171.9     60.9     34.4      0.0
    24     1    26     2     4    21     0     3    -9.0   24.508  120.401    159.4    958.8    293.4    289.8      0.0    157.9     65.9    102.5      0.0
    25     1    26     2     4    21     0     3    -9.0   24.164  120.003    496.2    931.9    295.3    289.4      0.0    266.0     56.8      0.0      0.0
    26     1    26     2     4    21     0     3    -9.0   23.900  119.706    655.1    914.6    295.3    287.8      0.0    243.3     71.8      0.0      0.0
    27     1    26     2     4    21     0     3    -9.0   24.327  120.256    267.6    957.3    294.4    290.7      0.0    275.2     52.4      0.0      0.0
     1     1    26     2     4    20     0     2   -10.0   24.785  120.722      0.0   1016.5    288.9    290.3      0.0    158.1     83.1      0.0      0.0
     2     1    26     2     4    20     0     2   -10.0   24.610  120.735      0.0   1016.7    288.7    290.1      0.0    171.5     83.9      0.0      0.0
     3     1    26     2     4    20     0     2   -10.0   24.936  120.697      0.7   1016.4    289.1    290.4      0.0    146.7     82.3      0.0      0.0
     4     1    26     2     4    20     0     2   -10.0   24.554  120.561     26.5   1006.2    290.1    290.6      0.0     70.5     76.5     71.8      0.0
     5     1    26     2     4    20     0     2   -10.0   24.512  120.571      3.3   1015.8    289.3    290.6      0.0    126.0     81.6      4.4      0.0
     6     1    26     2     4    20     0     2   -10.0   24.700  120.517     14.6   1003.6    290.3    290.6      0.0     65.0     73.9    110.3      0.0
     7     1    26     2     4    20     0     2   -10.0   24.856  120.854      0.0   1016.6    288.4    289.8      0.0    196.0     84.6      0.0      0.0
     8     1    26     2     4    20     0     2   -10.0   24.666  120.774      4.6   1016.4    288.1    289.5      0.0    205.5     85.0      0.0      0.0
     9     1    26     2     4    20     0     2   -10.0   25.035  120.857      0.0   1016.7    288.6    289.9      0.0    189.0     84.1      0.0      0.0
    10     1    26     2     4    20     0     2   -10.0   24.785  120.722    250.0   1016.5    288.9    290.3      0.0    158.1     83.1      0.0      0.0
    11     1    26     2     4    20     0     2   -10.0   24.610  120.735    250.0   1016.7    288.7    290.1      0.0    171.5     83.9      0.0      0.0
    12     1    26     2     4    20     0     2   -10.0   24.936  120.697    250.7   1016.4    289.1    290.4      0.0    146.7     82.3      0.0      0.0
    13     1    26     2     4    20     0     2   -10.0   24.554  120.561    275.8   1006.2    290.1    290.6      0.0     70.5     76.5     71.9      0.0
    14     1    26     2     4    20     0     2   -10.0   24.512  120.571    253.3   1015.8    289.3    290.6      0.0    126.0     81.6      4.4      0.0
    15     1    26     2     4    20     0     2   -10.0   24.700  120.517    263.5   1003.6    290.3    290.6      0.0     65.0     73.9    110.4      0.0
    16     1    26     2     4    20     0     2   -10.0   24.856  120.854    250.0   1016.6    288.4    289.8      0.0    196.0     84.6      0.0      0.0
    17     1    26     2     4    20     0     2   -10.0   24.666  120.774    250.0   1016.4    288.1    289.5      0.0    205.5     85.0      0.0      0.0
    18     1    26     2     4    20     0     2   -10.0   25.035  120.857    250.0   1016.7    288.6    289.9      0.0    189.0     84.1      0.0      0.0
    19     1    26     2     4    20     0     2   -10.0   24.208  120.121    299.6    953.6    294.8    290.8      0.0    228.4     49.1      0.0      0.0
    20     1    26     2     4    20     0     2   -10.0   23.818  119.716    739.1    905.5    296.0    287.7      0.0    243.8     68.6      0.0      0.0
    21     1    26     2     4    20     0     2   -10.0   24.398  120.304    251.4    959.0    294.5    291.0      0.0    200.2     50.3      0.0      0.0
    22     1    26     2     4    20     0     2   -10.0   24.264  120.432    213.9    949.7    294.6    290.3      0.0    108.4     60.0    129.5      0.0
    23     1    26     2     4    20     0     2   -10.0   24.110  120.341    222.7    959.4    294.1    290.6      0.0    147.0     57.7     28.8      0.0
    24     1    26     2     4    20     0     2   -10.0   24.461  120.396    197.8    953.5    294.4    290.4      0.0    123.8     60.2    111.0      0.0
    25     1    26     2     4    20     0     2   -10.0   24.076  119.922    520.1    929.2    295.5    289.4      0.0    238.3     58.4      0.0      0.0
    26     1    26     2     4    20     0     2   -10.0   23.785  119.604    677.4    912.3    295.7    288.0      0.0    224.6     71.0      0.0      0.0
    27     1    26     2     4    20     0     2   -10.0   24.298  120.225    250.5    959.1    294.5    291.0      0.0    241.1     50.5      0.0      0.0
     1     1    26     2     4    19     0     1   -11.0   24.885  120.671      0.0   1016.5    288.7    290.0      0.0    184.4     84.5      0.0      0.0
     2     1    26     2     4    19     0     1   -11.0   24.719  120.680      0.0   1016.5    288.5    289.9      0.0    193.3     85.3      0.0      0.0
     3     1    26     2     4    19     0     1   -11.0   25.024  120.652      0.0   1016.3    289.0    290.3      0.0    167.7     83.0      0.0      0.0
     4     1    26     2     4    19     0     1   -11.0   24.590  120.523     20.6   1010.0    290.1    291.0      0.0     81.5     75.3     41.4      0.0
     5     1    26     2     4    19     0     1   -11.0   24.593  120.514      1.1   1016.2    289.1    290.4      0.0    156.9     82.7      0.0      0.0
     6     1    26     2     4    19     0     1   -11.0   24.726  120.499     11.3   1006.1    290.6    291.1      0.0     61.2     71.3     88.8      0.0
     7     1    26     2     4    19     0     1   -11.0   24.978  120.805      0.0   1016.9    288.1    289.5      0.0    205.8     86.1      0.0      0.0
     8     1    26     2     4    19     0     1   -11.0   24.796  120.723      2.6   1016.9    287.9    289.2      0.0    209.3     86.0      0.0      0.0
     9     1    26     2     4    19     0     1   -11.0   25.151  120.812      0.0   1016.9    288.3    289.7      0.0    203.7     85.8      0.0      0.0
    10     1    26     2     4    19     0     1   -11.0   24.885  120.671    250.0   1016.5    288.7    290.0      0.0    184.4     84.5      0.0      0.0
    11     1    26     2     4    19     0     1   -11.0   24.719  120.680    250.0   1016.5    288.5    289.9      0.0    193.3     85.3      0.0      0.0
    12     1    26     2     4    19     0     1   -11.0   25.024  120.652    250.0   1016.3    289.0    290.3      0.0    167.7     83.0      0.0      0.0
    13     1    26     2     4    19     0     1   -11.0   24.590  120.523    270.2   1010.0    290.1    291.0      0.0     81.5     75.3     41.4      0.0
    14     1    26     2     4    19     0     1   -11.0   24.593  120.514    251.1   1016.2    289.1    290.4      0.0    156.9     82.7      0.0      0.0
    15     1    26     2     4    19     0     1   -11.0   24.726  120.499    260.4   1006.1    290.6    291.1      0.0     61.2     71.3     88.9      0.0
    16     1    26     2     4    19     0     1   -11.0   24.978  120.805    250.0   1016.9    288.1    289.5      0.0    205.8     86.1      0.0      0.0
    17     1    26     2     4    19     0     1   -11.0   24.796  120.723    250.0   1016.9    287.9    289.2      0.0    209.3     86.0      0.0      0.0
    18     1    26     2     4    19     0     1   -11.0   25.151  120.812    250.0   1016.9    288.3    289.7      0.0    203.7     85.8      0.0      0.0
    19     1    26     2     4    19     0     1   -11.0   24.152  120.091    260.2    957.9    294.8    291.2      0.0    198.0     47.5      0.0      0.0
    20     1    26     2     4    19     0     1   -11.0   23.679  119.632    736.5    905.8    296.4    288.1      0.0    208.5     65.7      0.0      0.0
    21     1    26     2     4    19     0     1   -11.0   24.353  120.292    247.8    959.3    294.7    291.2      0.0    163.8     49.3      0.0      0.0
    22     1    26     2     4    19     0     1   -11.0   24.185  120.414    204.3    949.7    295.1    290.8      0.0     81.2     57.8    138.0      0.0
    23     1    26     2     4    19     0     1   -11.0   24.041  120.313    190.9    964.4    294.2    291.1      0.0    108.3     57.1     15.1      0.0
    24     1    26     2     4    19     0     1   -11.0   24.388  120.383    190.0    954.6    294.8    290.9      0.0     87.6     58.7    106.7      0.0
    25     1    26     2     4    19     0     1   -11.0   23.966  119.854    531.6    927.8    295.9    289.6      0.0    206.2     56.6      0.0      0.0
    26     1    26     2     4    19     0     1   -11.0   23.649  119.521    656.3    914.4    295.9    288.4      0.0    180.8     66.9      0.0      0.0
    27     1    26     2     4    19     0     1   -11.0   24.252  120.193    237.8    960.4    294.7    291.3      0.0    204.6     48.4      0.0      0.0
     1     1    26     2     4    18     0     0   -12.0   25.028  120.594      0.0   1017.1    288.2    289.6      0.0    201.6     86.9      0.0      0.0
     2     1    26     2     4    18     0     0   -12.0   24.869  120.602      0.0   1017.1    288.1    289.5      0.0    203.0     87.3      0.0      0.0
     3     1    26     2     4    18     0     0   -12.0   25.154  120.577      0.0   1017.1    288.4    289.8      0.0    199.6     86.3      0.0      0.0
     4     1    26     2     4    18     0     0   -12.0   24.646  120.456     13.6   1014.1    289.9    291.1      0.0    108.7     77.5      8.3      0.0
     5     1    26     2     4    18     0     0   -12.0   24.722  120.435      0.0   1016.4    288.7    290.0      0.0    191.4     85.6      0.0      0.0
     6     1    26     2     4    18     0     0   -12.0   24.756  120.454      6.9   1009.3    290.6    291.4      0.0     65.0     71.0     57.3      0.0
     7     1    26     2     4    18     0     0   -12.0   25.135  120.730      0.0   1017.4    287.7    289.1      0.0    214.3     87.3      0.0      0.0
     8     1    26     2     4    18     0     0   -12.0   24.954  120.650      2.0   1017.4    287.4    288.8      0.0    221.8     87.2      0.0      0.0
     9     1    26     2     4    18     0     0   -12.0   25.304  120.739      0.0   1017.4    287.9    289.3      0.0    213.2     87.1      0.0      0.0
    10     1    26     2     4    18     0     0   -12.0   25.028  120.594    250.0   1017.1    288.2    289.6      0.0    201.6     86.9      0.0      0.0
    11     1    26     2     4    18     0     0   -12.0   24.869  120.602    250.0   1017.1    288.1    289.5      0.0    203.0     87.3      0.0      0.0
    12     1    26     2     4    18     0     0   -12.0   25.154  120.577    250.0   1017.1    288.4    289.8      0.0    199.6     86.3      0.0      0.0
    13     1    26     2     4    18     0     0   -12.0   24.646  120.456    263.5   1014.1    289.9    291.1      0.0    108.6     77.5      8.4      0.0
    14     1    26     2     4    18     0     0   -12.0   24.722  120.435    250.0   1016.4    288.7    290.0      0.0    191.4     85.6      0.0      0.0
    15     1    26     2     4    18     0     0   -12.0   24.756  120.454    256.3   1009.3    290.6    291.4      0.0     65.0     71.0     57.4      0.0
    16     1    26     2     4    18     0     0   -12.0   25.135  120.730    250.0   1017.4    287.7    289.1      0.0    214.3     87.3      0.0      0.0
    17     1    26     2     4    18     0     0   -12.0   24.954  120.650    250.0   1017.4    287.4    288.8      0.0    221.8     87.2      0.0      0.0
    18     1    26     2     4    18     0     0   -12.0   25.304  120.739    250.0   1017.4    287.9    289.3      0.0    213.2     87.1      0.0      0.0
    19     1    26     2     4    18     0     0   -12.0   24.089  120.058    219.0    962.4    294.9    291.6      0.0    161.9     45.4      0.0      0.0
    20     1    26     2     4    18     0     0   -12.0   23.521  119.568    712.0    908.4    296.5    288.4      0.0    172.1     61.8      0.0      0.0
    21     1    26     2     4    18     0     0   -12.0   24.295  120.268    226.9    961.6    294.8    291.5      0.0    129.5     48.3      0.0      0.0
    22     1    26     2     4    18     0     0   -12.0   24.090  120.397    159.6    956.1    295.1    291.4      0.0     57.4     57.2    120.4      0.0
    23     1    26     2     4    18     0     0   -12.0   23.957  120.283    118.3    972.4    294.0    291.7      0.0     56.2     56.6     17.8      0.0
    24     1    26     2     4    18     0     0   -12.0   24.295  120.367    148.5    961.0    294.8    291.4      0.0     68.7     58.4     85.5      0.0
    25     1    26     2     4    18     0     0   -12.0   23.830  119.803    508.4    930.3    296.1    290.1      0.0    171.2     53.1      0.0      0.0
    26     1    26     2     4    18     0     0   -12.0   23.492  119.462    611.8    919.2    296.0    289.0      0.0    131.2     62.2      0.0      0.0
    27     1    26     2     4    18     0     0   -12.0   24.185  120.165    223.2    961.9    294.9    291.6      0.0    160.6     45.4      0.0      0.0
