    10     1
    GFSQ    26     1     2     0     0
    GFSQ    26     1     3     0     0
    GFSQ    26     1     4     0     0
    GFSQ    26     1     5     0     0
    GFSQ    26     1     6     0     0
    GFSQ    26     1     7     0     0
    GFSQ    26     1     8     0     0
    GFSQ    26     1     9     0     0
    GFSQ    26     1    10     0     0
    GFSQ    26     1    11     0     0
    27 BACKWARD OMEGA   
    26     1    10     3   22.711  120.310    10.0
    26     1    10     3   22.711  120.310    10.0
    26     1    10     3   22.711  120.310    10.0
    26     1    10     3   22.711  120.310    10.0
    26     1    10     3   22.711  120.310    10.0
    26     1    10     3   22.711  120.310    10.0
    26     1    10     3   22.711  120.310    10.0
    26     1    10     3   22.711  120.310    10.0
    26     1    10     3   22.711  120.310    10.0
    26     1    10     3   22.711  120.310    10.0
    26     1    10     3   22.711  120.310    10.0
    26     1    10     3   22.711  120.310    10.0
    26     1    10     3   22.711  120.310    10.0
    26     1    10     3   22.711  120.310    10.0
    26     1    10     3   22.711  120.310    10.0
    26     1    10     3   22.711  120.310    10.0
    26     1    10     3   22.711  120.310    10.0
    26     1    10     3   22.711  120.310    10.0
    26     1    10     3   22.711  120.310    10.0
    26     1    10     3   22.711  120.310    10.0
    26     1    10     3   22.711  120.310    10.0
    26     1    10     3   22.711  120.310    10.0
    26     1    10     3   22.711  120.310    10.0
    26     1    10     3   22.711  120.310    10.0
    26     1    10     3   22.711  120.310    10.0
    26     1    10     3   22.711  120.310    10.0
    26     1    10     3   22.711  120.310    10.0
     8 PRESSURE THETA    AIR_TEMP RAINFALL MIXDEPTH RELHUMID TERR_MSL SUN_FLUX
     1     1    26     1    10     3     0     3     0.0   22.711  120.310     10.0   1015.0    290.1    291.3      0.0    554.0     54.2     34.8    253.4
     2     1    26     1    10     3     0     3     0.0   22.711  120.310     10.0   1012.9    290.1    291.1      0.0    618.9     47.5     51.7    407.6
     3     1    26     1    10     3     0     3     0.0   22.711  120.310     10.0   1017.6    291.0    292.5      0.0    788.8     62.8     11.2    247.1
     4     1    26     1    10     3     0     3     0.0   22.711  120.310     10.0    984.4    292.8    291.4      0.0    785.2     53.2    288.6    350.3
     5     1    26     1    10     3     0     3     0.0   22.711  120.310     10.0    973.8    293.1    290.8      0.0    774.8     51.4    381.9    476.5
     6     1    26     1    10     3     0     3     0.0   22.711  120.310     10.0    996.5    292.1    291.7      0.0    840.9     60.4    194.3    279.6
     7     1    26     1    10     3     0     3     0.0   22.711  120.310     10.0   1018.5    289.3    290.8      0.0    516.1     57.7      4.7    237.8
     8     1    26     1    10     3     0     3     0.0   22.711  120.310     10.0   1018.4    289.0    290.5      0.0    601.8     57.2      5.6    432.0
     9     1    26     1    10     3     0     3     0.0   22.711  120.310     10.0   1018.9    290.2    291.8      0.0    581.8     62.9      0.0    223.9
    10     1    26     1    10     3     0     3     0.0   22.711  120.310     10.0   1015.0    290.1    291.3      0.0    554.0     54.2     34.8    253.4
    11     1    26     1    10     3     0     3     0.0   22.711  120.310     10.0   1012.9    290.1    291.1      0.0    618.9     47.5     51.7    407.6
    12     1    26     1    10     3     0     3     0.0   22.711  120.310     10.0   1017.6    291.0    292.5      0.0    788.8     62.8     11.2    247.1
    13     1    26     1    10     3     0     3     0.0   22.711  120.310     10.0    984.4    292.8    291.4      0.0    785.2     53.2    288.6    350.3
    14     1    26     1    10     3     0     3     0.0   22.711  120.310     10.0    973.8    293.1    290.8      0.0    774.8     51.3    381.9    476.5
    15     1    26     1    10     3     0     3     0.0   22.711  120.310     10.0    996.5    292.1    291.7      0.0    840.9     60.4    194.3    279.6
    16     1    26     1    10     3     0     3     0.0   22.711  120.310     10.0   1018.5    289.3    290.8      0.0    516.1     57.7      4.7    237.8
    17     1    26     1    10     3     0     3     0.0   22.711  120.310     10.0   1018.4    289.0    290.5      0.0    601.8     57.2      5.6    432.0
    18     1    26     1    10     3     0     3     0.0   22.711  120.310     10.0   1018.9    290.2    291.8      0.0    581.8     62.9      0.0    223.9
    19     1    26     1    10     3     0     3     0.0   22.711  120.310     10.0    985.7    289.8    288.6      0.0    554.0     61.9     34.8    253.4
    20     1    26     1    10     3     0     3     0.0   22.711  120.310     10.0    983.7    289.8    288.5      0.0    618.9     54.6     51.7    407.6
    21     1    26     1    10     3     0     3     0.0   22.711  120.310     10.0    988.4    290.8    289.8      0.0    788.8     70.8     11.2    247.1
    22     1    26     1    10     3     0     3     0.0   22.711  120.310     10.0    956.2    292.3    288.5      0.0    785.2     61.8    288.6    350.3
    23     1    26     1    10     3     0     3     0.0   22.711  120.310     10.0    946.0    292.5    287.8      0.0    774.8     59.1    381.9    476.5
    24     1    26     1    10     3     0     3     0.0   22.711  120.310     10.0    968.0    291.7    289.0      0.0    840.9     68.8    194.3    279.6
    25     1    26     1    10     3     0     3     0.0   22.711  120.310     10.0    989.0    289.2    288.3      0.0    516.1     64.9      4.7    237.8
    26     1    26     1    10     3     0     3     0.0   22.711  120.310     10.0    989.0    289.0    288.1      0.0    601.8     64.7      5.6    432.0
    27     1    26     1    10     3     0     3     0.0   22.711  120.310     10.0    989.5    290.0    289.1      0.0    581.8     71.0      0.0    223.9
     1     1    26     1    10     2     0     2    -1.0   22.746  120.260      0.0   1016.8    288.9    290.2      0.0    360.4     53.9     25.6    166.5
     2     1    26     1    10     2     0     2    -1.0   22.736  120.271      0.0   1015.6    288.7    290.0      0.0    448.7     49.5     34.1    284.4
     3     1    26     1    10     2     0     2    -1.0   22.689  120.286      1.3   1017.8    290.6    292.0      0.0    674.7     62.6      6.1    168.7
     4     1    26     1    10     2     0     2    -1.0   22.703  120.248      0.0   1007.7    290.6    291.3      0.0    577.9     54.4     80.8    212.8
     5     1    26     1    10     2     0     2    -1.0   22.703  120.255      0.0    998.5    290.2    290.1      0.0    551.2     55.0    158.1    313.7
     6     1    26     1    10     2     0     2    -1.0   22.690  120.303      0.0    999.4    291.3    291.2      0.0    658.1     61.4    165.4    186.7
     7     1    26     1    10     2     0     2    -1.0   22.787  120.303      7.1   1018.2    288.9    290.3      0.0    480.7     57.2      4.9    191.3
     8     1    26     1    10     2     0     2    -1.0   22.809  120.317      6.8   1018.1    288.7    290.2      0.0    576.3     57.7      6.3    323.5
     9     1    26     1    10     2     0     2    -1.0   22.745  120.298      8.8   1018.5    289.8    291.3      0.0    527.6     62.1      0.0    149.5
    10     1    26     1    10     2     0     2    -1.0   22.746  120.260    249.7   1016.8    288.9    290.2      0.0    360.4     53.9     25.6    166.5
    11     1    26     1    10     2     0     2    -1.0   22.736  120.271    249.7   1015.6    288.7    290.0      0.0    448.7     49.5     34.1    284.4
    12     1    26     1    10     2     0     2    -1.0   22.689  120.286    249.9   1017.8    290.6    292.0      0.0    674.7     62.6      6.1    168.7
    13     1    26     1    10     2     0     2    -1.0   22.703  120.248    249.2   1007.7    290.6    291.3      0.0    577.9     54.4     80.8    212.8
    14     1    26     1    10     2     0     2    -1.0   22.703  120.255    248.4    998.5    290.2    290.1      0.0    551.2     55.0    158.1    313.7
    15     1    26     1    10     2     0     2    -1.0   22.690  120.303    248.3    999.4    291.3    291.2      0.0    658.1     61.4    165.4    186.7
    16     1    26     1    10     2     0     2    -1.0   22.787  120.303    250.0   1018.2    288.9    290.3      0.0    480.7     57.2      4.9    191.3
    17     1    26     1    10     2     0     2    -1.0   22.809  120.317    249.9   1018.1    288.7    290.2      0.0    576.3     57.7      6.3    323.5
    18     1    26     1    10     2     0     2    -1.0   22.745  120.298    250.0   1018.5    289.8    291.3      0.0    527.6     62.1      0.0    149.5
    19     1    26     1    10     2     0     2    -1.0   22.726  120.264      0.0    988.8    289.2    288.3      0.0    386.5     60.9     24.7    167.1
    20     1    26     1    10     2     0     2    -1.0   22.734  120.273      2.2    987.0    289.1    288.0      0.0    448.7     54.3     34.9    283.6
    21     1    26     1    10     2     0     2    -1.0   22.672  120.296      0.0    991.5    290.4    289.7      0.0    682.5     69.8      7.0    169.8
    22     1    26     1    10     2     0     2    -1.0   22.691  120.251      0.0    980.7    290.6    289.0      0.0    586.4     61.7     82.7    212.5
    23     1    26     1    10     2     0     2    -1.0   22.695  120.256      0.0    972.1    290.5    288.1      0.0    551.2     59.3    160.5    310.5
    24     1    26     1    10     2     0     2    -1.0   22.689  120.309      0.0    970.4    291.2    288.7      0.0    654.4     68.9    180.6    186.9
    25     1    26     1    10     2     0     2    -1.0   22.777  120.296     16.4    988.0    288.9    287.9      0.0    480.8     64.1      4.3    185.6
    26     1    26     1    10     2     0     2    -1.0   22.809  120.318     41.2    984.9    288.7    287.4      0.0    576.0     65.4      6.3    323.5
    27     1    26     1    10     2     0     2    -1.0   22.724  120.303      0.0    991.3    289.7    289.0      0.0    543.8     69.7      0.0    152.5
     1     1    26     1    10     1     0     1    -2.0   22.796  120.237      0.0   1017.4    288.0    289.4      0.0    278.5     54.6     22.2    103.7
     2     1    26     1    10     1     0     1    -2.0   22.773  120.255      0.0   1017.0    287.5    288.9      0.0    302.3     52.5     26.4    156.4
     3     1    26     1    10     1     0     1    -2.0   22.675  120.295      0.0   1017.2    290.2    291.6      0.0    577.5     62.0      7.1     92.0
     4     1    26     1    10     1     0     1    -2.0   22.705  120.208      0.0   1008.9    289.5    290.2      0.0    360.7     55.5     71.1    111.7
     5     1    26     1    10     1     0     1    -2.0   22.697  120.217      0.0   1003.0    288.6    288.9      0.0    316.9     58.1    122.7    161.7
     6     1    26     1    10     1     0     1    -2.0   22.676  120.325     13.8    993.7    290.7    290.1      0.0    486.2     63.5    207.4     99.5
     7     1    26     1    10     1     0     1    -2.0   22.875  120.321      5.3   1017.8    288.5    289.9      0.0    445.2     57.2      6.7    131.4
     8     1    26     1    10     1     0     1    -2.0   22.927  120.345      4.4   1017.8    288.1    289.6      0.0    526.2     58.3      8.9    176.2
     9     1    26     1    10     1     0     1    -2.0   22.794  120.316      7.8   1018.0    289.4    290.9      0.0    485.5     60.9      1.1     83.2
    10     1    26     1    10     1     0     1    -2.0   22.796  120.237    249.8   1017.4    288.0    289.4      0.0    278.5     54.6     22.2    103.7
    11     1    26     1    10     1     0     1    -2.0   22.773  120.255    249.7   1017.0    287.5    288.9      0.0    302.3     52.5     26.4    156.4
    12     1    26     1    10     1     0     1    -2.0   22.675  120.295    249.9   1017.2    290.2    291.6      0.0    577.5     62.0      7.1     92.0
    13     1    26     1    10     1     0     1    -2.0   22.705  120.208    249.3   1008.9    289.5    290.2      0.0    360.8     55.5     71.1    111.7
    14     1    26     1    10     1     0     1    -2.0   22.697  120.217    248.8   1003.0    288.6    288.9      0.0    316.9     58.1    122.7    161.7
    15     1    26     1    10     1     0     1    -2.0   22.676  120.325    261.7    993.7    290.7    290.1      0.0    486.2     63.5    207.4     99.5
    16     1    26     1    10     1     0     1    -2.0   22.875  120.321    249.9   1017.8    288.5    289.9      0.0    445.2     57.2      6.7    131.4
    17     1    26     1    10     1     0     1    -2.0   22.927  120.345    249.9   1017.8    288.1    289.6      0.0    526.2     58.3      8.9    176.2
    18     1    26     1    10     1     0     1    -2.0   22.794  120.316    250.0   1018.0    289.4    290.9      0.0    485.5     60.9      1.1     83.2
    19     1    26     1    10     1     0     1    -2.0   22.747  120.243      0.0    989.5    288.8    288.0      0.0    269.4     60.2     22.5     92.1
    20     1    26     1    10     1     0     1    -2.0   22.775  120.255      0.8    988.4    288.3    287.4      0.0    303.0     55.0     26.4    156.6
    21     1    26     1    10     1     0     1    -2.0   22.643  120.317      0.0    994.6    290.1    289.7      0.0    600.8     68.7      8.5     93.1
    22     1    26     1    10     1     0     1    -2.0   22.670  120.217      0.0    982.6    289.9    288.5      0.0    384.8     62.2     69.1    110.6
    23     1    26     1    10     1     0     1    -2.0   22.679  120.222      0.0    977.9    289.5    287.6      0.0    319.3     60.0    121.2    158.2
    24     1    26     1    10     1     0     1    -2.0   22.672  120.342     25.5    959.7    291.0    287.6      0.0    477.0     70.9    244.4     99.6
    25     1    26     1    10     1     0     1    -2.0   22.858  120.309     37.5    985.1    288.7    287.4      0.0    451.1     64.2      5.5    126.9
    26     1    26     1    10     1     0     1    -2.0   22.934  120.343     45.3    984.1    288.4    287.1      0.0    530.8     64.7      8.8    176.6
    27     1    26     1    10     1     0     1    -2.0   22.751  120.325      0.0    994.8    289.3    288.9      0.0    502.1     67.5      0.0     81.2
     1     1    26     1    10     0     0     0    -3.0   22.848  120.238      0.0   1017.6    287.1    288.5      0.0    176.0     55.9     22.3     19.8
     2     1    26     1    10     0     0     0    -3.0   22.823  120.258      0.0   1016.8    286.4    287.7      0.0    167.0     56.4     29.1     19.8
     3     1    26     1    10     0     0     0    -3.0   22.668  120.334      3.5   1016.2    289.8    291.1      0.0    466.7     61.5     12.5     14.4
     4     1    26     1    10     0     0     0    -3.0   22.720  120.193      0.0   1008.9    288.5    289.2      0.0    167.7     56.3     69.1     18.8
     5     1    26     1    10     0     0     0    -3.0   22.696  120.199      0.0   1004.3    287.3    287.6      0.0    103.7     61.3    114.0     19.8
     6     1    26     1    10     0     0     0    -3.0   22.674  120.378    100.2    969.5    290.3    287.7      0.0    290.9     69.1    327.5     14.0
     7     1    26     1    10     0     0     0    -3.0   22.967  120.358      4.5   1017.6    287.7    289.1      0.0    355.2     57.3     10.1     19.8
     8     1    26     1    10     0     0     0    -3.0   23.061  120.387      2.2   1017.8    287.2    288.7      0.0    435.0     59.7      9.7     19.8
     9     1    26     1    10     0     0     0    -3.0   22.850  120.358      6.5   1017.6    288.8    290.3      0.0    399.3     59.3      4.1     15.0
    10     1    26     1    10     0     0     0    -3.0   22.848  120.238    249.8   1017.6    287.1    288.5      0.0    176.0     55.9     22.3     19.8
    11     1    26     1    10     0     0     0    -3.0   22.823  120.258    249.7   1016.8    286.4    287.7      0.0    167.0     56.4     29.1     19.8
    12     1    26     1    10     0     0     0    -3.0   22.668  120.334    253.4   1016.2    289.8    291.1      0.0    466.7     61.5     12.5     14.4
    13     1    26     1    10     0     0     0    -3.0   22.720  120.193    249.3   1008.9    288.5    289.2      0.0    167.7     56.3     69.1     18.8
    14     1    26     1    10     0     0     0    -3.0   22.696  120.199    248.9   1004.3    287.3    287.6      0.0    103.7     61.3    114.0     19.8
    15     1    26     1    10     0     0     0    -3.0   22.674  120.378    346.9    969.5    290.3    287.7      0.0    290.9     69.1    327.5     14.0
    16     1    26     1    10     0     0     0    -3.0   22.967  120.358    249.9   1017.6    287.7    289.1      0.0    355.2     57.3     10.1     19.8
    17     1    26     1    10     0     0     0    -3.0   23.061  120.387    249.9   1017.8    287.2    288.7      0.0    435.0     59.7      9.7     19.8
    18     1    26     1    10     0     0     0    -3.0   22.850  120.358    250.0   1017.6    288.8    290.3      0.0    399.3     59.3      4.1     15.0
    19     1    26     1    10     0     0     0    -3.0   22.766  120.245      1.9    988.9    288.7    287.8      0.0    177.2     60.2     23.0     19.8
    20     1    26     1    10     0     0     0    -3.0   22.844  120.257      1.0    988.3    287.6    286.6      0.0    175.5     57.2     28.6     19.8
    21     1    26     1    10     0     0     0    -3.0   22.615  120.372      0.0    990.3    289.9    289.1      0.0    525.2     70.2     12.5     16.1
    22     1    26     1    10     0     0     0    -3.0   22.647  120.211     12.3    980.1    289.5    287.8      0.0    205.9     63.2     64.7     16.5
    23     1    26     1    10     0     0     0    -3.0   22.666  120.210      4.3    975.6    289.0    287.0      0.0    108.1     61.1    112.9     19.8
    24     1    26     1    10     0     0     0    -3.0   22.672  120.409    123.5    931.7    291.8    285.9      0.0    270.8     71.9    393.5     13.9
    25     1    26     1    10     0     0     0    -3.0   22.948  120.338     53.8    982.9    288.4    287.0      0.0    380.3     63.1      8.2     19.8
    26     1    26     1    10     0     0     0    -3.0   23.099  120.387     22.9    986.8    287.8    286.7      0.0    449.1     64.8      7.8     19.8
    27     1    26     1    10     0     0     0    -3.0   22.781  120.372      0.0    995.0    289.0    288.6      0.0    429.6     65.8      1.4     12.8
     1     1    26     1     9    23     0     1    -4.0   22.905  120.252      0.0   1016.8    286.6    287.9      0.0    155.0     56.9     24.1     13.2
     2     1    26     1     9    23     0     1    -4.0   22.884  120.274      0.7   1014.4    286.2    287.3      0.0    171.5     58.0     43.5     13.2
     3     1    26     1     9    23     0     1    -4.0   22.674  120.383     18.5   1014.0    289.5    290.6      0.0    400.8     61.4     20.6      9.5
     4     1    26     1     9    23     0     1    -4.0   22.745  120.194     14.9   1007.7    288.0    288.6      0.0    136.1     57.7     72.5     13.1
     5     1    26     1     9    23     0     1    -4.0   22.705  120.195      0.3   1003.8    286.9    287.2      0.0     86.7     62.8    114.6     13.2
     6     1    26     1     9    23     0     1    -4.0   22.693  120.455    248.3    929.7    291.7    285.6      0.0    182.5     70.8    526.1     10.0
     7     1    26     1     9    23     0     1    -4.0   23.063  120.400      4.4   1017.2    287.1    288.5      0.0    312.9     58.3     14.0     13.2
     8     1    26     1     9    23     0     1    -4.0   23.200  120.440      0.6   1017.4    286.7    288.1      0.0    378.3     60.4      3.6     13.2
     9     1    26     1     9    23     0     1    -4.0   22.916  120.403      5.5   1017.2    288.2    289.6      0.0    340.1     58.3      9.6     11.4
    10     1    26     1     9    23     0     1    -4.0   22.905  120.252    249.8   1016.8    286.6    287.9      0.0    155.0     56.9     24.1     13.2
    11     1    26     1     9    23     0     1    -4.0   22.884  120.274    250.3   1014.4    286.2    287.3      0.0    171.5     58.0     43.5     13.2
    12     1    26     1     9    23     0     1    -4.0   22.674  120.383    268.3   1014.0    289.5    290.6      0.0    400.8     61.4     20.6      9.5
    13     1    26     1     9    23     0     1    -4.0   22.745  120.194    264.1   1007.7    288.0    288.6      0.0    136.1     57.7     72.5     13.1
    14     1    26     1     9    23     0     1    -4.0   22.705  120.195    249.2   1003.8    286.9    287.2      0.0     86.7     62.8    114.6     13.2
    15     1    26     1     9    23     0     1    -4.0   22.693  120.455    493.0    929.7    291.7    285.6      0.0    182.5     70.8    526.1     10.0
    16     1    26     1     9    23     0     1    -4.0   23.063  120.400    249.9   1017.2    287.1    288.5      0.0    312.9     58.3     14.0     13.2
    17     1    26     1     9    23     0     1    -4.0   23.200  120.440    250.0   1017.4    286.7    288.1      0.0    378.3     60.4      3.6     13.2
    18     1    26     1     9    23     0     1    -4.0   22.916  120.403    249.9   1017.2    288.2    289.6      0.0    340.1     58.3      9.6     11.4
    19     1    26     1     9    23     0     1    -4.0   22.793  120.264      3.1    987.5    288.6    287.6      0.0    166.5     59.6     27.5     13.2
    20     1    26     1     9    23     0     1    -4.0   22.951  120.281      4.4    984.1    288.0    286.7      0.0    185.4     57.3     55.3     13.2
    21     1    26     1     9    23     0     1    -4.0   22.598  120.443     11.8    985.8    289.8    288.7      0.0    479.8     71.3     16.9     11.1
    22     1    26     1     9    23     0     1    -4.0   22.632  120.222     34.4    977.3    289.5    287.6      0.0    179.7     64.3     65.5     10.7
    23     1    26     1     9    23     0     1    -4.0   22.666  120.213     23.9    972.8    289.3    287.1      0.0     90.5     61.2    114.1     13.2
    24     1    26     1     9    23     0     1    -4.0   22.702  120.483    224.0    896.6    293.7    284.7      0.0    157.8     68.8    607.4     10.6
    25     1    26     1     9    23     0     1    -4.0   23.058  120.376     55.3    982.4    288.4    286.9      0.0    347.1     61.7     11.8     13.2
    26     1    26     1     9    23     0     1    -4.0   23.314  120.452      9.6    987.7    287.5    286.4      0.0    422.6     66.0      0.0     13.2
    27     1    26     1     9    23     0     1    -4.0   22.815  120.426      0.0    993.7    288.9    288.3      0.0    388.5     64.7      4.3      9.3
     1     1    26     1     9    22     0     2    -5.0   22.968  120.270      1.7   1015.0    286.1    287.4      0.0    140.4     58.6     32.8      6.6
     2     1    26     1     9    22     0     2    -5.0   22.955  120.298      9.7   1010.3    286.1    286.9      0.0    159.5     59.7     72.7      6.6
     3     1    26     1     9    22     0     2    -5.0   22.698  120.427     44.6   1009.6    289.1    289.9      0.0    301.6     61.3     31.1      4.5
     4     1    26     1     9    22     0     2    -5.0   22.784  120.204     47.9   1002.3    287.6    287.8      0.0    107.6     60.2     82.7      6.6
     5     1    26     1     9    22     0     2    -5.0   22.732  120.205     26.6   1000.0    286.8    286.8      0.0     61.2     64.2    124.5      6.6
     6     1    26     1     9    22     0     2    -5.0   22.727  120.520    357.5    903.3    293.0    284.6      0.0    122.3     70.3    648.7      6.0
     7     1    26     1     9    22     0     2    -5.0   23.167  120.441      4.0   1016.6    286.4    287.8      0.0    268.8     59.2     17.9      6.6
     8     1    26     1     9    22     0     2    -5.0   23.327  120.502      0.1   1016.2    286.4    287.7      0.0    323.4     60.7      0.9      6.6
     9     1    26     1     9    22     0     2    -5.0   23.003  120.441      5.1   1016.6    287.3    288.7      0.0    252.3     57.8     17.8      6.6
    10     1    26     1     9    22     0     2    -5.0   22.968  120.270    251.4   1015.0    286.1    287.4      0.0    140.4     58.6     32.8      6.6
    11     1    26     1     9    22     0     2    -5.0   22.955  120.298    259.0   1010.3    286.1    286.9      0.0    159.5     59.7     72.7      6.6
    12     1    26     1     9    22     0     2    -5.0   22.698  120.427    294.3   1009.6    289.1    289.9      0.0    301.6     61.3     31.1      4.5
    13     1    26     1     9    22     0     2    -5.0   22.784  120.204    297.1   1002.3    287.6    287.8      0.0    107.6     60.2     82.7      6.6
    14     1    26     1     9    22     0     2    -5.0   22.732  120.205    275.4   1000.0    286.8    286.8      0.0     61.2     64.2    124.5      6.6
    15     1    26     1     9    22     0     2    -5.0   22.727  120.520    601.1    903.3    293.0    284.6      0.0    122.3     70.3    648.7      6.0
    16     1    26     1     9    22     0     2    -5.0   23.167  120.441    249.8   1016.6    286.4    287.8      0.0    268.8     59.2     17.9      6.6
    17     1    26     1     9    22     0     2    -5.0   23.327  120.502    250.0   1016.2    286.4    287.7      0.0    323.4     60.7      0.9      6.6
    18     1    26     1     9    22     0     2    -5.0   23.003  120.441    249.8   1016.6    287.3    288.7      0.0    252.3     57.8     17.8      6.6
    19     1    26     1     9    22     0     2    -5.0   22.854  120.294      7.6    984.7    288.7    287.4      0.0    147.7     58.8     39.3      6.6
    20     1    26     1     9    22     0     2    -5.0   23.088  120.327     20.6    976.8    288.6    286.7      0.0    172.5     58.4     92.5      6.6
    21     1    26     1     9    22     0     2    -5.0   22.606  120.508     44.2    979.4    289.8    288.1      0.0    393.2     71.6     37.8      5.4
    22     1    26     1     9    22     0     2    -5.0   22.637  120.242     57.0    973.9    289.6    287.4      0.0    135.0     65.2     71.1      5.4
    23     1    26     1     9    22     0     2    -5.0   22.692  120.226     49.8    967.9    289.7    287.0      0.0     62.2     61.6    125.6      6.6
    24     1    26     1     9    22     0     2    -5.0   22.751  120.526    241.1    887.1    294.3    284.4      0.0    109.8     66.4    672.8      6.6
    25     1    26     1     9    22     0     2    -5.0   23.207  120.429     53.5    982.0    288.4    286.9      0.0    296.4     59.7     16.8      6.6
    26     1    26     1     9    22     0     2    -5.0   23.550  120.542      9.3    986.2    287.4    286.3      0.0    433.2     66.6      8.2      6.6
    27     1    26     1     9    22     0     2    -5.0   22.866  120.471      0.0    989.4    288.7    287.9      0.0    314.2     63.7      9.6      5.2
     1     1    26     1     9    21     0     3    -6.0   23.038  120.293     11.3   1012.0    285.9    286.8      0.0    127.4     60.7     49.8      0.0
     2     1    26     1     9    21     0     3    -6.0   23.041  120.339     45.8   1000.3    286.5    286.5      0.0    129.2     61.0    116.0      0.0
     3     1    26     1     9    21     0     3    -6.0   22.734  120.470     88.5   1003.1    288.7    289.0      0.0    170.2     61.3     45.5      0.0
     4     1    26     1     9    21     0     3    -6.0   22.836  120.226     89.1    994.8    287.8    287.4      0.0     69.9     61.6    101.1      0.0
     5     1    26     1     9    21     0     3    -6.0   22.783  120.227     77.8    989.5    287.7    286.9      0.0     30.0     63.3    158.4      0.0
     6     1    26     1     9    21     0     3    -6.0   22.774  120.562    387.4    902.5    293.1    284.5      0.0    118.6     70.5    624.8      0.0
     7     1    26     1     9    21     0     3    -6.0   23.268  120.483      3.9   1015.8    285.7    287.0      0.0    208.0     59.7     20.3      0.0
     8     1    26     1     9    21     0     3    -6.0   23.440  120.566      6.3   1013.3    286.4    287.5      0.0    275.1     61.3     22.8      0.0
     9     1    26     1     9    21     0     3    -6.0   23.101  120.476      5.1   1015.9    286.5    287.8      0.0    199.0     58.8     21.1      0.0
    10     1    26     1     9    21     0     3    -6.0   23.038  120.293    260.8   1012.0    285.9    286.8      0.0    127.4     60.7     49.8      0.0
    11     1    26     1     9    21     0     3    -6.0   23.041  120.339    294.6   1000.3    286.5    286.5      0.0    129.2     61.0    116.0      0.0
    12     1    26     1     9    21     0     3    -6.0   22.734  120.470    338.0   1003.1    288.7    289.0      0.0    170.2     61.3     45.5      0.0
    13     1    26     1     9    21     0     3    -6.0   22.836  120.226    338.1    994.8    287.8    287.4      0.0     69.9     61.6    101.1      0.0
    14     1    26     1     9    21     0     3    -6.0   22.783  120.227    326.2    989.5    287.7    286.9      0.0     30.0     63.3    158.4      0.0
    15     1    26     1     9    21     0     3    -6.0   22.774  120.562    631.1    902.5    293.1    284.5      0.0    118.6     70.5    624.8      0.0
    16     1    26     1     9    21     0     3    -6.0   23.268  120.483    249.8   1015.8    285.7    287.0      0.0    208.0     59.7     20.3      0.0
    17     1    26     1     9    21     0     3    -6.0   23.440  120.566    256.0   1013.3    286.4    287.5      0.0    275.1     61.3     22.8      0.0
    18     1    26     1     9    21     0     3    -6.0   23.101  120.476    249.8   1015.9    286.5    287.8      0.0    199.0     58.8     21.1      0.0
    19     1    26     1     9    21     0     3    -6.0   22.946  120.334     19.4    979.7    289.1    287.4      0.0    111.6     57.9     62.0      0.0
    20     1    26     1     9    21     0     3    -6.0   23.229  120.387     58.7    970.2    288.9    286.4      0.0    132.6     57.9    107.2      0.0
    21     1    26     1     9    21     0     3    -6.0   22.635  120.566    110.8    957.4    290.4    286.8      0.0    261.3     73.6    163.9      0.0
    22     1    26     1     9    21     0     3    -6.0   22.667  120.270     77.5    963.4    290.1    287.0      0.0     87.1     65.2    142.0      0.0
    23     1    26     1     9    21     0     3    -6.0   22.745  120.247     92.4    959.7    290.4    287.0      0.0     20.4     61.9    148.6      0.0
    24     1    26     1     9    21     0     3    -6.0   22.804  120.542    226.1    885.4    294.5    284.3      0.0     86.3     65.2    701.0      0.0
    25     1    26     1     9    21     0     3    -6.0   23.387  120.502     81.2    977.5    288.5    286.7      0.0    211.2     57.2     12.5      0.0
    26     1    26     1     9    21     0     3    -6.0   23.752  120.639     43.4    981.9    287.5    286.0      0.0    346.0     63.7     13.0      0.0
    27     1    26     1     9    21     0     3    -6.0   22.943  120.518      0.0    987.3    288.6    287.5      0.0    212.1     61.4     22.4      0.0
     1     1    26     1     9    20     0     2    -7.0   23.121  120.326     37.1   1004.8    286.3    286.7      0.0    124.8     60.8     86.1      0.0
     2     1    26     1     9    20     0     2    -7.0   23.146  120.395    102.0    990.8    287.3    286.5      0.0    116.1     59.8    141.1      0.0
     3     1    26     1     9    20     0     2    -7.0   22.773  120.503    137.2    995.1    288.9    288.5      0.0    119.3     61.0     67.0      0.0
     4     1    26     1     9    20     0     2    -7.0   22.894  120.248    123.2    987.9    288.4    287.4      0.0     46.1     61.2    123.2      0.0
     5     1    26     1     9    20     0     2    -7.0   22.845  120.251    143.9    975.7    289.0    287.0      0.0     17.7     61.3    215.1      0.0
     6     1    26     1     9    20     0     2    -7.0   22.828  120.586    377.9    901.3    293.0    284.4      0.0    116.3     71.2    651.3      0.0
     7     1    26     1     9    20     0     2    -7.0   23.357  120.526      8.4   1013.4    285.8    286.9      0.0    196.4     59.5     38.9      0.0
     8     1    26     1     9    20     0     2    -7.0   23.543  120.630     20.3   1012.4    286.3    287.4      0.0    257.3     60.6     25.9      0.0
     9     1    26     1     9    20     0     2    -7.0   23.191  120.504      5.6   1015.6    286.1    287.4      0.0    161.8     58.6     25.2      0.0
    10     1    26     1     9    20     0     2    -7.0   23.121  120.326    286.3   1004.8    286.3    286.7      0.0    124.8     60.8     86.1      0.0
    11     1    26     1     9    20     0     2    -7.0   23.146  120.395    350.6    990.8    287.3    286.5      0.0    116.1     59.8    141.1      0.0
    12     1    26     1     9    20     0     2    -7.0   22.773  120.503    386.5    995.1    288.9    288.5      0.0    119.3     61.0     67.0      0.0
    13     1    26     1     9    20     0     2    -7.0   22.894  120.248    372.0    987.9    288.4    287.4      0.0     46.1     61.2    123.2      0.0
    14     1    26     1     9    20     0     2    -7.0   22.845  120.251    391.7    975.7    289.0    287.0      0.0     17.7     61.3    215.1      0.0
    15     1    26     1     9    20     0     2    -7.0   22.828  120.586    621.4    901.3    293.0    284.4      0.0    116.3     71.2    651.3      0.0
    16     1    26     1     9    20     0     2    -7.0   23.357  120.526    254.1   1013.4    285.8    286.9      0.0    196.4     59.5     38.9      0.0
    17     1    26     1     9    20     0     2    -7.0   23.543  120.630    270.0   1012.4    286.3    287.4      0.0    257.3     60.6     25.9      0.0
    18     1    26     1     9    20     0     2    -7.0   23.191  120.504    250.2   1015.6    286.1    287.4      0.0    161.8     58.6     25.2      0.0
    19     1    26     1     9    20     0     2    -7.0   23.047  120.373     42.0    972.5    289.4    287.1      0.0     91.3     58.3    101.1      0.0
    20     1    26     1     9    20     0     2    -7.0   23.347  120.443    112.1    964.6    289.1    286.1      0.0    125.7     57.7    103.2      0.0
    21     1    26     1     9    20     0     2    -7.0   22.670  120.612    179.3    936.4    291.4    285.9      0.0    190.8     74.5    286.8      0.0
    22     1    26     1     9    20     0     2    -7.0   22.708  120.287     80.7    955.6    290.6    286.8      0.0     78.9     64.2    207.9      0.0
    23     1    26     1     9    20     0     2    -7.0   22.799  120.267    151.2    942.4    291.3    286.3      0.0     17.7     61.6    252.6      0.0
    24     1    26     1     9    20     0     2    -7.0   22.853  120.535    199.4    881.0    294.6    284.1      0.0     59.7     64.5    774.3      0.0
    25     1    26     1     9    20     0     2    -7.0   23.554  120.576    138.2    967.1    288.8    286.0      0.0    212.8     59.4     47.2      0.0
    26     1    26     1     9    20     0     2    -7.0   23.924  120.732     79.5    977.5    287.6    285.7      0.0    343.2     63.8     21.7      0.0
    27     1    26     1     9    20     0     2    -7.0   23.031  120.559      0.2    985.2    288.7    287.4      0.0    158.3     59.7     40.4      0.0
     1     1    26     1     9    19     0     1    -8.0   23.213  120.366     80.4    993.4    287.1    286.6      0.0    112.6     60.6    145.6      0.0
     2     1    26     1     9    19     0     1    -8.0   23.238  120.440    148.9    985.4    287.5    286.3      0.0     99.3     59.6    144.0      0.0
     3     1    26     1     9    19     0     1    -8.0   22.821  120.517    167.7    985.7    289.3    288.1      0.0    113.5     61.0    114.8      0.0
     4     1    26     1     9    19     0     1    -8.0   22.945  120.261    140.9    979.4    289.0    287.2      0.0     31.1     60.5    180.4      0.0
     5     1    26     1     9    19     0     1    -8.0   22.891  120.265    196.4    960.7    289.9    286.6      0.0     17.7     60.8    301.0      0.0
     6     1    26     1     9    19     0     1    -8.0   22.880  120.594    357.0    897.4    293.0    284.0      0.0     94.3     71.3    713.1      0.0
     7     1    26     1     9    19     0     1    -8.0   23.438  120.574     28.8   1007.9    286.2    286.9      0.0    186.4     59.2     67.7      0.0
     8     1    26     1     9    19     0     1    -8.0   23.637  120.691     32.4   1011.0    286.1    287.0      0.0    220.2     59.9     28.9      0.0
     9     1    26     1     9    19     0     1    -8.0   23.275  120.527     11.3   1013.6    286.0    287.1      0.0    153.9     59.3     38.9      0.0
    10     1    26     1     9    19     0     1    -8.0   23.213  120.366    328.9    993.4    287.1    286.6      0.0    112.6     60.6    145.6      0.0
    11     1    26     1     9    19     0     1    -8.0   23.238  120.440    397.4    985.4    287.5    286.3      0.0     99.3     59.6    144.0      0.0
    12     1    26     1     9    19     0     1    -8.0   22.821  120.517    416.5    985.7    289.3    288.1      0.0    113.5     61.0    114.8      0.0
    13     1    26     1     9    19     0     1    -8.0   22.945  120.261    389.1    979.4    289.0    287.2      0.0     31.1     60.5    180.4      0.0
    14     1    26     1     9    19     0     1    -8.0   22.891  120.265    443.4    960.7    289.9    286.6      0.0     17.7     60.8    301.1      0.0
    15     1    26     1     9    19     0     1    -8.0   22.880  120.594    599.9    897.4    293.0    284.0      0.0     94.3     71.3    713.1      0.0
    16     1    26     1     9    19     0     1    -8.0   23.437  120.573    274.4   1008.4    286.2    286.9      0.0    186.6     59.3     67.6      0.0
    17     1    26     1     9    19     0     1    -8.0   23.637  120.691    282.0   1011.0    286.1    287.0      0.0    220.2     59.9     28.9      0.0
    18     1    26     1     9    19     0     1    -8.0   23.275  120.527    255.8   1013.7    286.0    287.1      0.0    153.9     59.3     38.9      0.0
    19     1    26     1     9    19     0     1    -8.0   23.126  120.400     76.6    963.7    289.7    286.6      0.0     84.1     59.5    148.3      0.0
    20     1    26     1     9    19     0     1    -8.0   23.435  120.483    168.0    960.6    289.4    286.1      0.0    114.1     56.0     82.4      0.0
    21     1    26     1     9    19     0     1    -8.0   22.705  120.636    224.3    922.1    292.1    285.3      0.0    133.2     74.5    375.7      0.0
    22     1    26     1     9    19     0     1    -8.0   22.740  120.289     72.9    954.5    290.6    286.7      0.0     73.6     63.7    225.3      0.0
    23     1    26     1     9    19     0     1    -8.0   22.828  120.275    196.2    932.3    291.5    285.7      0.0     17.7     62.7    303.3      0.0
    24     1    26     1     9    19     0     1    -8.0   22.894  120.505    150.5    876.8    294.8    283.9      0.0     25.7     64.0    867.5      0.0
    25     1    26     1     9    19     0     1    -8.0   23.686  120.634    187.7    961.9    289.0    285.9      0.0    210.9     59.6     47.3      0.0
    26     1    26     1     9    19     0     1    -8.0   24.092  120.823     94.7    969.1    288.1    285.5      0.0    350.1     62.5     83.8      0.0
    27     1    26     1     9    19     0     1    -8.0   23.115  120.585      3.5    982.8    288.7    287.3      0.0    139.4     58.8     55.2      0.0
     1     1    26     1     9    18     0     0    -9.0   23.296  120.401    126.2    984.1    287.7    286.3      0.0    102.4     60.8    181.0      0.0
     2     1    26     1     9    18     0     0    -9.0   23.309  120.474    197.5    980.6    287.6    286.0      0.0     88.6     59.2    137.6      0.0
     3     1    26     1     9    18     0     0    -9.0   22.872  120.516    181.3    983.2    289.5    288.1      0.0    108.7     60.0    119.5      0.0
     4     1    26     1     9    18     0     0    -9.0   22.990  120.268    145.1    974.3    289.2    287.0      0.0     20.1     60.0    221.9      0.0
     5     1    26     1     9    18     0     0    -9.0   22.918  120.268    236.2    953.4    290.2    286.2      0.0     17.8     61.7    328.9      0.0
     6     1    26     1     9    18     0     0    -9.0   22.927  120.585    339.9    891.0    293.2    283.6      0.0     63.7     71.3    792.9      0.0
     7     1    26     1     9    18     0     0    -9.0   23.519  120.625     57.7   1002.5    286.5    286.7      0.0    167.5     58.7     87.1      0.0
     8     1    26     1     9    18     0     0    -9.0   23.710  120.745     37.7   1010.1    285.8    286.7      0.0    173.9     59.0     28.0      0.0
     9     1    26     1     9    18     0     0    -9.0   23.359  120.551     26.4   1009.3    286.2    287.0      0.0    155.9     59.4     64.1      0.0
    10     1    26     1     9    18     0     0    -9.0   23.296  120.401    374.4    984.1    287.7    286.3      0.0    102.4     60.8    181.0      0.0
    11     1    26     1     9    18     0     0    -9.0   23.309  120.474    446.2    980.6    287.6    286.0      0.0     88.6     59.2    137.6      0.0
    12     1    26     1     9    18     0     0    -9.0   22.872  120.516    430.1    983.2    289.5    288.1      0.0    108.7     60.0    119.5      0.0
    13     1    26     1     9    18     0     0    -9.0   22.990  120.268    392.9    974.3    289.2    287.0      0.0     20.1     60.0    221.9      0.0
    14     1    26     1     9    18     0     0    -9.0   22.918  120.268    482.9    953.4    290.2    286.2      0.0     17.8     61.7    328.9      0.0
    15     1    26     1     9    18     0     0    -9.0   22.927  120.585    581.9    891.0    293.2    283.6      0.0     63.7     71.3    792.9      0.0
    16     1    26     1     9    18     0     0    -9.0   23.516  120.624    303.7   1002.9    286.5    286.7      0.0    167.5     58.7     87.2      0.0
    17     1    26     1     9    18     0     0    -9.0   23.709  120.745    287.4   1010.1    285.8    286.7      0.0    174.0     59.0     28.1      0.0
    18     1    26     1     9    18     0     0    -9.0   23.357  120.551    270.9   1009.9    286.2    287.0      0.0    156.0     59.4     63.5      0.0
    19     1    26     1     9    18     0     0    -9.0   23.177  120.412    106.8    957.1    289.8    286.1      0.0     81.9     60.9    180.0      0.0
    20     1    26     1     9    18     0     0    -9.0   23.503  120.506    213.2    957.2    289.7    286.1      0.0    112.3     54.4     68.3      0.0
    21     1    26     1     9    18     0     0    -9.0   22.736  120.637    250.3    916.1    292.4    285.1      0.0     93.7     75.5    409.9      0.0
    22     1    26     1     9    18     0     0    -9.0   22.759  120.286     66.5    956.0    290.5    286.8      0.0     70.7     63.6    218.6      0.0
    23     1    26     1     9    18     0     0    -9.0   22.836  120.272    225.0    930.2    291.3    285.3      0.0     17.8     64.8    293.4      0.0
    24     1    26     1     9    18     0     0    -9.0   22.925  120.464    112.4    890.3    293.7    284.1      0.0     29.9     66.9    786.4      0.0
    25     1    26     1     9    18     0     0    -9.0   23.796  120.676    218.3    960.0    289.3    285.9      0.0    206.6     57.9     34.9      0.0
    26     1    26     1     9    18     0     0    -9.0   24.251  120.909    118.6    965.6    288.2    285.3      0.0    278.5     61.3     95.8      0.0
    27     1    26     1     9    18     0     0    -9.0   23.193  120.600      5.6    980.6    288.8    287.1      0.0    123.8     58.5     68.9      0.0
     1     1    26     1     9    17     0     1   -10.0   23.371  120.434    176.6    977.7    288.1    286.3      0.0    106.1     59.8    186.5      0.0
     2     1    26     1     9    17     0     1   -10.0   23.370  120.506    248.7    974.0    288.2    286.0      0.0    105.2     57.6    143.2      0.0
     3     1    26     1     9    17     0     1   -10.0   22.915  120.506    182.1    985.5    289.4    288.2      0.0    130.2     59.2     95.8      0.0
     4     1    26     1     9    17     0     1   -10.0   23.028  120.274    149.4    969.8    289.4    286.8      0.0     18.1     59.9    266.5      0.0
     5     1    26     1     9    17     0     1   -10.0   22.932  120.272    278.3    946.5    290.6    286.0      0.0     18.1     61.0    355.8      0.0
     6     1    26     1     9    17     0     1   -10.0   22.965  120.565    320.5    885.0    293.4    283.3      0.0     41.3     70.5    869.8      0.0
     7     1    26     1     9    17     0     1   -10.0   23.604  120.676     86.9    998.6    286.8    286.7      0.0    175.5     58.5     91.9      0.0
     8     1    26     1     9    17     0     1   -10.0   23.779  120.798     44.3   1004.6    286.1    286.5      0.0    218.6     59.2     73.4      0.0
     9     1    26     1     9    17     0     1   -10.0   23.449  120.584     54.1   1001.6    286.8    286.9      0.0    167.0     59.4    108.9      0.0
    10     1    26     1     9    17     0     1   -10.0   23.371  120.434    424.7    977.7    288.1    286.3      0.0    106.1     59.8    186.5      0.0
    11     1    26     1     9    17     0     1   -10.0   23.370  120.506    497.3    974.0    288.2    286.0      0.0    105.2     57.6    143.2      0.0
    12     1    26     1     9    17     0     1   -10.0   22.915  120.506    431.2    985.5    289.4    288.2      0.0    130.2     59.2     95.8      0.0
    13     1    26     1     9    17     0     1   -10.0   23.028  120.274    396.7    969.8    289.4    286.8      0.0     18.1     59.9    266.6      0.0
    14     1    26     1     9    17     0     1   -10.0   22.932  120.272    524.8    946.5    290.6    286.0      0.0     18.1     61.0    355.8      0.0
    15     1    26     1     9    17     0     1   -10.0   22.965  120.565    561.8    885.0    293.4    283.3      0.0     41.3     70.5    869.8      0.0
    16     1    26     1     9    17     0     1   -10.0   23.599  120.675    333.6    998.8    286.8    286.7      0.0    175.2     58.5     92.9      0.0
    17     1    26     1     9    17     0     1   -10.0   23.779  120.798    293.5   1004.7    286.1    286.5      0.0    218.6     59.2     73.3      0.0
    18     1    26     1     9    17     0     1   -10.0   23.445  120.582    298.1   1002.4    286.8    286.9      0.0    167.5     59.5    106.7      0.0
    19     1    26     1     9    17     0     1   -10.0   23.217  120.425    131.9    951.7    290.1    286.1      0.0     86.2     60.2    210.3      0.0
    20     1    26     1     9    17     0     1   -10.0   23.568  120.526    237.2    951.3    290.1    286.0      0.0    156.0     54.5     95.8      0.0
    21     1    26     1     9    17     0     1   -10.0   22.756  120.623    253.5    918.1    292.1    285.0      0.0    119.3     76.8    389.4      0.0
    22     1    26     1     9    17     0     1   -10.0   22.768  120.280     63.3    958.5    290.4    286.9      0.0     79.2     61.9    198.9      0.0
    23     1    26     1     9    17     0     1   -10.0   22.829  120.268    249.4    929.9    291.4    285.4      0.0     18.1     63.5    276.2      0.0
    24     1    26     1     9    17     0     1   -10.0   22.947  120.428     90.3    903.7    292.9    284.5      0.0     48.4     66.9    684.3      0.0
    25     1    26     1     9    17     0     1   -10.0   23.908  120.717    229.1    959.1    289.3    285.9      0.0    246.3     56.7     30.6      0.0
    26     1    26     1     9    17     0     1   -10.0   24.410  121.010    165.7    963.0    287.7    284.6      0.0    417.3     64.0     70.8      0.0
    27     1    26     1     9    17     0     1   -10.0   23.273  120.616     12.9    977.8    288.8    286.9      0.0    118.0     58.3     89.5      0.0
     1     1    26     1     9    16     0     2   -11.0   23.441  120.473    240.4    970.0    288.7    286.2      0.0    102.9     57.9    191.0      0.0
     2     1    26     1     9    16     0     2   -11.0   23.439  120.542    288.5    962.5    289.0    285.8      0.0    134.3     56.9    203.8      0.0
     3     1    26     1     9    16     0     2   -11.0   22.947  120.492    176.3    987.9    289.3    288.3      0.0    145.9     57.9     78.7      0.0
     4     1    26     1     9    16     0     2   -11.0   23.054  120.282    161.9    964.0    289.6    286.6      0.0     18.4     59.7    314.3      0.0
     5     1    26     1     9    16     0     2   -11.0   22.938  120.287    324.4    935.5    291.4    285.8      0.0     18.4     60.4    417.4      0.0
     6     1    26     1     9    16     0     2   -11.0   22.990  120.544    302.2    881.0    293.5    283.1      0.0     27.4     70.1    926.0      0.0
     7     1    26     1     9    16     0     2   -11.0   23.699  120.727    107.2    998.2    286.8    286.7      0.0    185.7     57.2     74.1      0.0
     8     1    26     1     9    16     0     2   -11.0   23.881  120.865     71.1    993.5    286.8    286.2      0.0    251.0     59.3    149.0      0.0
     9     1    26     1     9    16     0     2   -11.0   23.546  120.629     97.7    991.0    287.5    286.8      0.0    163.1     59.1    158.1      0.0
    10     1    26     1     9    16     0     2   -11.0   23.441  120.473    488.5    970.0    288.7    286.2      0.0    102.9     57.9    191.0      0.0
    11     1    26     1     9    16     0     2   -11.0   23.439  120.542    536.4    962.5    289.0    285.8      0.0    134.3     56.9    203.8      0.0
    12     1    26     1     9    16     0     2   -11.0   22.947  120.492    425.5    987.9    289.3    288.3      0.0    145.9     57.9     78.7      0.0
    13     1    26     1     9    16     0     2   -11.0   23.054  120.282    408.8    964.0    289.7    286.6      0.0     18.4     59.7    314.3      0.0
    14     1    26     1     9    16     0     2   -11.0   22.938  120.287    570.2    935.5    291.4    285.8      0.0     18.4     60.4    417.4      0.0
    15     1    26     1     9    16     0     2   -11.0   22.990  120.544    543.0    881.0    293.5    283.1      0.0     27.4     70.1    926.0      0.0
    16     1    26     1     9    16     0     2   -11.0   23.694  120.726    354.9    998.2    286.8    286.7      0.0    185.2     57.2     76.0      0.0
    17     1    26     1     9    16     0     2   -11.0   23.880  120.865    319.5    993.5    286.8    286.2      0.0    251.0     59.3    148.9      0.0
    18     1    26     1     9    16     0     2   -11.0   23.541  120.628    341.6    991.5    287.5    286.8      0.0    163.7     59.2    157.9      0.0
    19     1    26     1     9    16     0     2   -11.0   23.249  120.451    162.7    944.1    290.8    286.1      0.0     73.1     59.3    253.8      0.0
    20     1    26     1     9    16     0     2   -11.0   23.640  120.560    242.9    947.1    290.2    285.7      0.0    194.9     55.2    128.7      0.0
    21     1    26     1     9    16     0     2   -11.0   22.763  120.602    232.4    926.1    291.7    285.3      0.0    172.5     77.4    337.3      0.0
    22     1    26     1     9    16     0     2   -11.0   22.769  120.271     62.3    961.9    290.3    287.1      0.0     90.3     60.0    169.9      0.0
    23     1    26     1     9    16     0     2   -11.0   22.814  120.272    267.9    928.0    291.7    285.5      0.0     18.4     62.0    280.0      0.0
    24     1    26     1     9    16     0     2   -11.0   22.958  120.401     80.3    913.8    292.4    284.9      0.0     65.8     66.3    600.7      0.0
    25     1    26     1     9    16     0     2   -11.0   24.032  120.773    228.6    957.6    289.2    285.6      0.0    303.3     57.3     47.4      0.0
    26     1    26     1     9    16     0     2   -11.0   24.561  121.149    233.0    956.2    287.6    283.9      0.0    441.2     66.1     71.7      0.0
    27     1    26     1     9    16     0     2   -11.0   23.350  120.643     38.7    970.8    289.1    286.6      0.0    117.6     58.6    133.6      0.0
     1     1    26     1     9    15     0     3   -12.0   23.502  120.514    303.9    956.6    289.7    286.0      0.0    109.8     55.8    248.5      0.0
     2     1    26     1     9    15     0     3   -12.0   23.514  120.583    314.2    956.3    289.5    285.7      0.0    153.1     56.1    228.6      0.0
     3     1    26     1     9    15     0     3   -12.0   22.976  120.475    172.2    988.5    289.2    288.3      0.0    155.2     56.5     78.2      0.0
     4     1    26     1     9    15     0     3   -12.0   23.071  120.292    188.2    956.1    290.1    286.3      0.0     18.6     59.2    366.7      0.0
     5     1    26     1     9    15     0     3   -12.0   22.936  120.309    370.2    922.3    292.2    285.5      0.0     18.6     59.8    499.4      0.0
     6     1    26     1     9    15     0     3   -12.0   23.004  120.525    292.3    878.3    293.6    282.9      0.0     21.8     70.2    961.9      0.0
     7     1    26     1     9    15     0     3   -12.0   23.807  120.779    119.0    993.3    287.1    286.6      0.0    220.3     56.8    104.3      0.0
     8     1    26     1     9    15     0     3   -12.0   24.011  120.948    148.2    973.5    287.4    285.2      0.0    239.0     60.3    246.4      0.0
     9     1    26     1     9    15     0     3   -12.0   23.642  120.686    156.0    981.4    288.1    286.6      0.0    146.3     58.2    179.7      0.0
    10     1    26     1     9    15     0     3   -12.0   23.502  120.514    551.4    956.6    289.7    286.0      0.0    109.8     55.8    248.5      0.0
    11     1    26     1     9    15     0     3   -12.0   23.514  120.583    561.9    956.3    289.5    285.7      0.0    153.1     56.1    228.6      0.0
    12     1    26     1     9    15     0     3   -12.0   22.976  120.475    421.4    988.5    289.2    288.3      0.0    155.2     56.5     78.2      0.0
    13     1    26     1     9    15     0     3   -12.0   23.071  120.292    434.5    956.0    290.1    286.3      0.0     18.6     59.2    366.8      0.0
    14     1    26     1     9    15     0     3   -12.0   22.936  120.309    615.2    922.3    292.2    285.5      0.0     18.6     59.8    499.4      0.0
    15     1    26     1     9    15     0     3   -12.0   23.004  120.525    532.6    878.3    293.6    282.9      0.0     21.8     70.2    961.9      0.0
    16     1    26     1     9    15     0     3   -12.0   23.802  120.778    366.9    993.5    287.1    286.6      0.0    218.4     56.7    103.1      0.0
    17     1    26     1     9    15     0     3   -12.0   24.011  120.948    395.7    973.5    287.4    285.2      0.0    239.1     60.3    246.3      0.0
    18     1    26     1     9    15     0     3   -12.0   23.636  120.684    400.5    981.8    288.1    286.6      0.0    146.5     58.3    180.5      0.0
    19     1    26     1     9    15     0     3   -12.0   23.262  120.485    207.3    935.8    291.7    286.2      0.0     41.6     58.0    289.0      0.0
    20     1    26     1     9    15     0     3   -12.0   23.710  120.603    245.8    944.6    290.2    285.5      0.0    210.9     56.1    152.6      0.0
    21     1    26     1     9    15     0     3   -12.0   22.756  120.576    175.6    941.0    291.2    286.1      0.0    247.6     76.1    260.9      0.0
    22     1    26     1     9    15     0     3   -12.0   22.763  120.260     62.4    966.4    290.1    287.3      0.0    105.9     57.9    128.1      0.0
    23     1    26     1     9    15     0     3   -12.0   22.790  120.279    276.7    925.9    291.9    285.5      0.0     18.6     60.5    295.4      0.0
    24     1    26     1     9    15     0     3   -12.0   22.958  120.380     75.4    922.2    292.0    285.2      0.0     85.6     65.6    528.5      0.0
    25     1    26     1     9    15     0     3   -12.0   24.164  120.852    247.3    946.2    289.4    284.9      0.0    335.8     59.8    136.4      0.0
    26     1    26     1     9    15     0     3   -12.0   24.680  121.339    357.7    935.0    287.7    282.2      0.0    392.8     71.1    137.8      0.0
    27     1    26     1     9    15     0     3   -12.0   23.410  120.684     80.4    960.1    289.8    286.5      0.0     93.5     58.3    193.2      0.0