    10     1
    GFSQ    26     1     1     0     0
    GFSQ    26     1     2     0     0
    GFSQ    26     1     3     0     0
    GFSQ    26     1     4     0     0
    GFSQ    26     1     5     0     0
    GFSQ    26     1     6     0     0
    GFSQ    26     1     7     0     0
    GFSQ    26     1     8     0     0
    GFSQ    26     1     9     0     0
    GFSQ    26     1    10     0     0
    27 BACKWARD OMEGA   
    26     1     9    18   22.711  120.310    10.0
    26     1     9    18   22.711  120.310    10.0
    26     1     9    18   22.711  120.310    10.0
    26     1     9    18   22.711  120.310    10.0
    26     1     9    18   22.711  120.310    10.0
    26     1     9    18   22.711  120.310    10.0
    26     1     9    18   22.711  120.310    10.0
    26     1     9    18   22.711  120.310    10.0
    26     1     9    18   22.711  120.310    10.0
    26     1     9    18   22.711  120.310    10.0
    26     1     9    18   22.711  120.310    10.0
    26     1     9    18   22.711  120.310    10.0
    26     1     9    18   22.711  120.310    10.0
    26     1     9    18   22.711  120.310    10.0
    26     1     9    18   22.711  120.310    10.0
    26     1     9    18   22.711  120.310    10.0
    26     1     9    18   22.711  120.310    10.0
    26     1     9    18   22.711  120.310    10.0
    26     1     9    18   22.711  120.310    10.0
    26     1     9    18   22.711  120.310    10.0
    26     1     9    18   22.711  120.310    10.0
    26     1     9    18   22.711  120.310    10.0
    26     1     9    18   22.711  120.310    10.0
    26     1     9    18   22.711  120.310    10.0
    26     1     9    18   22.711  120.310    10.0
    26     1     9    18   22.711  120.310    10.0
    26     1     9    18   22.711  120.310    10.0
     8 PRESSURE THETA    AIR_TEMP RAINFALL MIXDEPTH RELHUMID TERR_MSL SUN_FLUX
     1     1    26     1     9    18     0     0     0.0   22.711  120.310     10.0   1015.1    287.6    288.8      0.0    208.5     56.9     34.8      0.0
     2     1    26     1     9    18     0     0     0.0   22.711  120.310     10.0   1012.0    286.3    287.3      0.0    146.0     59.3     51.7      0.0
     3     1    26     1     9    18     0     0     0.0   22.711  120.310     10.0   1016.4    289.4    290.8      0.0    428.8     59.7     11.2      0.0
     4     1    26     1     9    18     0     0     0.0   22.711  120.310     10.0    983.6    288.7    287.3      0.0     74.3     60.9    288.6      0.0
     5     1    26     1     9    18     0     0     0.0   22.711  120.310     10.0    972.6    287.9    285.5      0.0     25.4     65.0    381.9      0.0
     6     1    26     1     9    18     0     0     0.0   22.711  120.310     10.0    995.3    289.2    288.8      0.0    179.7     63.1    194.3      0.0
     7     1    26     1     9    18     0     0     0.0   22.711  120.310     10.0   1017.7    288.5    290.0      0.0    535.0     58.0      4.7      0.0
     8     1    26     1     9    18     0     0     0.0   22.711  120.310     10.0   1017.3    288.0    289.4      0.0    499.6     58.8      5.6      0.0
     9     1    26     1     9    18     0     0     0.0   22.711  120.310     10.0   1017.7    289.5    290.9      0.0    606.3     60.5      0.0      0.0
    10     1    26     1     9    18     0     0     0.0   22.711  120.310     10.0   1015.1    287.6    288.8      0.0    208.5     56.9     34.8      0.0
    11     1    26     1     9    18     0     0     0.0   22.711  120.310     10.0   1012.0    286.3    287.3      0.0    146.0     59.3     51.7      0.0
    12     1    26     1     9    18     0     0     0.0   22.711  120.310     10.0   1016.4    289.4    290.8      0.0    428.8     59.7     11.2      0.0
    13     1    26     1     9    18     0     0     0.0   22.711  120.310     10.0    983.6    288.7    287.3      0.0     74.3     60.9    288.6      0.0
    14     1    26     1     9    18     0     0     0.0   22.711  120.310     10.0    972.7    287.9    285.5      0.0     25.4     65.0    381.9      0.0
    15     1    26     1     9    18     0     0     0.0   22.711  120.310     10.0    995.3    289.2    288.8      0.0    179.7     63.1    194.3      0.0
    16     1    26     1     9    18     0     0     0.0   22.711  120.310     10.0   1017.7    288.5    290.0      0.0    535.0     58.0      4.7      0.0
    17     1    26     1     9    18     0     0     0.0   22.711  120.310     10.0   1017.3    288.0    289.4      0.0    499.6     58.8      5.6      0.0
    18     1    26     1     9    18     0     0     0.0   22.711  120.310     10.0   1017.7    289.5    290.9      0.0    606.3     60.5      0.0      0.0
    19     1    26     1     9    18     0     0     0.0   22.711  120.310     10.0    985.6    288.8    287.6      0.0    208.5     60.2     34.8      0.0
    20     1    26     1     9    18     0     0     0.0   22.711  120.310     10.0    982.5    288.5    287.1      0.0    146.0     57.9     51.7      0.0
    21     1    26     1     9    18     0     0     0.0   22.711  120.310     10.0    987.1    289.6    288.5      0.0    428.8     67.2     11.2      0.0
    22     1    26     1     9    18     0     0     0.0   22.711  120.310     10.0    955.2    290.6    286.8      0.0     74.3     62.3    288.6      0.0
    23     1    26     1     9    18     0     0     0.0   22.711  120.310     10.0    944.6    291.1    286.3      0.0     25.4     60.7    381.9      0.0
    24     1    26     1     9    18     0     0     0.0   22.711  120.310     10.0    966.6    290.3    287.4      0.0    179.7     67.5    194.3      0.0
    25     1    26     1     9    18     0     0     0.0   22.711  120.310     10.0    988.2    288.7    287.7      0.0    535.0     64.0      4.7      0.0
    26     1    26     1     9    18     0     0     0.0   22.711  120.310     10.0    987.8    288.3    287.3      0.0    499.6     63.7      5.6      0.0
    27     1    26     1     9    18     0     0     0.0   22.711  120.310     10.0    988.3    289.4    288.5      0.0    606.3     68.1      0.0      0.0
     1     1    26     1     9    17     0     1    -1.0   22.804  120.311     26.7   1012.2    287.3    288.3      0.0    194.5     56.2     42.5      0.0
     2     1    26     1     9    17     0     1    -1.0   22.795  120.331     32.1   1007.2    286.6    287.2      0.0    147.3     59.3     74.0      0.0
     3     1    26     1     9    17     0     1    -1.0   22.797  120.293     20.8   1015.3    289.1    290.4      0.0    397.7     57.3     14.2      0.0
     4     1    26     1     9    17     0     1    -1.0   22.755  120.316     91.9    969.7    289.7    287.1      0.0     71.9     59.7    326.6      0.0
     5     1    26     1     9    17     0     1    -1.0   22.753  120.323     91.3    956.0    289.9    286.0      0.0     18.1     61.3    453.3      0.0
     6     1    26     1     9    17     0     1    -1.0   22.768  120.317     86.9    981.0    289.8    288.2      0.0    154.8     63.3    242.7      0.0
     7     1    26     1     9    17     0     1    -1.0   22.853  120.341     10.3   1018.0    288.0    289.5      0.0    485.9     58.0      8.5      0.0
     8     1    26     1     9    17     0     1    -1.0   22.866  120.363     10.0   1017.8    287.4    288.9      0.0    450.2     59.4     10.5      0.0
     9     1    26     1     9    17     0     1    -1.0   22.827  120.310      9.8   1017.9    289.2    290.7      0.0    607.7     58.3      1.7      0.0
    10     1    26     1     9    17     0     1    -1.0   22.802  120.312    265.6   1013.5    287.3    288.4      0.0    194.7     56.2     42.5      0.0
    11     1    26     1     9    17     0     1    -1.0   22.791  120.330    272.5   1008.4    286.5    287.2      0.0    147.0     59.4     73.0      0.0
    12     1    26     1     9    17     0     1    -1.0   22.797  120.294    261.2   1016.4    289.1    290.5      0.0    397.1     57.2     14.4      0.0
    13     1    26     1     9    17     0     1    -1.0   22.755  120.317    335.3    969.9    289.7    287.1      0.0     71.8     59.7    328.1      0.0
    14     1    26     1     9    17     0     1    -1.0   22.752  120.325    333.6    955.7    289.9    286.0      0.0     18.1     61.4    459.7      0.0
    15     1    26     1     9    17     0     1    -1.0   22.768  120.318    329.0    981.4    289.8    288.2      0.0    154.3     63.3    245.0      0.0
    16     1    26     1     9    17     0     1    -1.0   22.853  120.341    250.2   1018.0    288.0    289.5      0.0    485.9     58.0      8.5      0.0
    17     1    26     1     9    17     0     1    -1.0   22.866  120.363    249.9   1017.8    287.4    288.9      0.0    450.2     59.4     10.5      0.0
    18     1    26     1     9    17     0     1    -1.0   22.827  120.310    250.0   1017.9    289.2    290.7      0.0    607.7     58.3      1.7      0.0
    19     1    26     1     9    17     0     1    -1.0   22.787  120.311     15.3    984.3    288.6    287.3      0.0    198.0     58.4     41.4      0.0
    20     1    26     1     9    17     0     1    -1.0   22.807  120.331     19.8    979.1    288.5    286.8      0.0    149.0     58.2     76.7      0.0
    21     1    26     1     9    17     0     1    -1.0   22.773  120.289      0.0    990.1    289.5    288.7      0.0    423.7     63.4     10.9      0.0
    22     1    26     1     9    17     0     1    -1.0   22.733  120.301     14.0    957.1    290.5    286.8      0.0     84.1     61.1    266.0      0.0
    23     1    26     1     9    17     0     1    -1.0   22.734  120.300      0.0    949.4    290.8    286.4      0.0     22.0     59.9    352.3      0.0
    24     1    26     1     9    17     0     1    -1.0   22.750  120.301     12.3    966.9    290.4    287.6      0.0    173.0     66.9    192.5      0.0
    25     1    26     1     9    17     0     1    -1.0   22.850  120.335     13.6    988.0    288.4    287.4      0.0    495.1     63.0      8.0      0.0
    26     1    26     1     9    17     0     1    -1.0   22.882  120.362     18.9    987.2    287.9    286.9      0.0    454.2     63.6     10.5      0.0
    27     1    26     1     9    17     0     1    -1.0   22.813  120.309      0.0    989.9    289.2    288.4      0.0    613.0     64.8      1.4      0.0
     1     1    26     1     9    16     0     2    -2.0   22.902  120.319     45.1   1008.9    287.2    287.9      0.0    189.3     56.9     51.9      0.0
     2     1    26     1     9    16     0     2    -2.0   22.882  120.359     62.9    999.5    287.2    287.1      0.0    154.6     59.0    116.5      0.0
     3     1    26     1     9    16     0     2    -2.0   22.887  120.284     29.1   1014.3    288.7    289.8      0.0    365.1     55.3     21.1      0.0
     4     1    26     1     9    16     0     2    -2.0   22.787  120.313    123.4    966.1    290.0    287.0      0.0     72.6     59.3    328.0      0.0
     5     1    26     1     9    16     0     2    -2.0   22.782  120.326    119.7    950.6    290.3    286.0      0.0     18.4     60.9    480.3      0.0
     6     1    26     1     9    16     0     2    -2.0   22.808  120.311    120.1    977.6    290.1    288.1      0.0    186.2     63.5    238.2      0.0
     7     1    26     1     9    16     0     2    -2.0   22.999  120.384     10.6   1018.0    287.4    288.9      0.0    414.9     58.3     12.5      0.0
     8     1    26     1     9    16     0     2    -2.0   23.011  120.419     10.0   1018.3    287.0    288.5      0.0    414.5     58.5     15.1      0.0
     9     1    26     1     9    16     0     2    -2.0   22.962  120.337     10.3   1018.6    288.6    290.1      0.0    552.2     57.3      6.9      0.0
    10     1    26     1     9    16     0     2    -2.0   22.895  120.320    283.7   1010.2    287.2    288.0      0.0    190.6     56.7     51.6      0.0
    11     1    26     1     9    16     0     2    -2.0   22.875  120.358    303.4   1000.9    287.1    287.1      0.0    154.8     59.1    113.0      0.0
    12     1    26     1     9    16     0     2    -2.0   22.885  120.286    269.5   1015.4    288.7    289.9      0.0    365.8     55.2     21.3      0.0
    13     1    26     1     9    16     0     2    -2.0   22.787  120.314    368.9    966.0    290.0    287.0      0.0     72.4     59.3    329.9      0.0
    14     1    26     1     9    16     0     2    -2.0   22.782  120.328    363.3    950.0    290.3    286.0      0.0     18.4     60.9    487.5      0.0
    15     1    26     1     9    16     0     2    -2.0   22.808  120.312    365.5    977.4    290.1    288.1      0.0    185.2     63.6    242.1      0.0
    16     1    26     1     9    16     0     2    -2.0   22.999  120.384    250.5   1018.1    287.4    288.9      0.0    415.1     58.3     12.5      0.0
    17     1    26     1     9    16     0     2    -2.0   23.011  120.419    249.8   1018.3    287.0    288.5      0.0    414.5     58.5     15.1      0.0
    18     1    26     1     9    16     0     2    -2.0   22.962  120.337    250.4   1018.6    288.6    290.1      0.0    552.2     57.3      6.9      0.0
    19     1    26     1     9    16     0     2    -2.0   22.875  120.325     37.1    980.4    288.7    287.1      0.0    191.6     57.9     52.2      0.0
    20     1    26     1     9    16     0     2    -2.0   22.902  120.366     50.8    970.6    288.9    286.5      0.0    151.2     58.8    128.2      0.0
    21     1    26     1     9    16     0     2    -2.0   22.839  120.279      0.0    993.2    289.3    288.7      0.0    419.5     59.9     15.1      0.0
    22     1    26     1     9    16     0     2    -2.0   22.746  120.290     15.5    960.6    290.4    287.0      0.0     92.4     59.6    231.4      0.0
    23     1    26     1     9    16     0     2    -2.0   22.750  120.295      0.0    951.9    290.5    286.4      0.0     18.5     59.4    337.0      0.0
    24     1    26     1     9    16     0     2    -2.0   22.773  120.277      0.0    976.6    290.3    288.3      0.0    235.2     64.8    131.9      0.0
    25     1    26     1     9    16     0     2    -2.0   23.013  120.385     37.6    985.3    288.1    286.9      0.0    415.8     62.0     12.6      0.0
    26     1    26     1     9    16     0     2    -2.0   23.073  120.434     37.6    985.3    287.6    286.3      0.0    401.2     62.8     12.2      0.0
    27     1    26     1     9    16     0     2    -2.0   22.936  120.334      0.0    990.6    288.8    288.0      0.0    570.5     62.9      5.8      0.0
     1     1    26     1     9    15     0     3    -3.0   22.999  120.332     59.1   1006.2    287.1    287.6      0.0    169.5     57.8     65.3      0.0
     2     1    26     1     9    15     0     3    -3.0   22.972  120.404    113.9    985.9    288.1    286.9      0.0    137.6     58.8    189.4      0.0
     3     1    26     1     9    15     0     3    -3.0   22.995  120.285     48.0   1011.7    287.9    288.9      0.0    284.5     53.7     32.0      0.0
     4     1    26     1     9    15     0     3    -3.0   22.811  120.304    141.4    967.2    289.9    287.1      0.0     75.7     58.7    301.6      0.0
     5     1    26     1     9    15     0     3    -3.0   22.801  120.330    142.0    945.7    290.7    285.9      0.0     18.6     60.5    507.8      0.0
     6     1    26     1     9    15     0     3    -3.0   22.833  120.297    132.4    979.8    290.1    288.4      0.0    222.5     62.9    205.6      0.0
     7     1    26     1     9    15     0     3    -3.0   23.139  120.430     10.6   1018.4    287.2    288.7      0.0    397.7     57.6     16.9      0.0
     8     1    26     1     9    15     0     3    -3.0   23.147  120.476     10.0   1018.1    287.0    288.4      0.0    386.8     57.3      8.7      0.0
     9     1    26     1     9    15     0     3    -3.0   23.112  120.379     12.7   1018.6    288.0    289.5      0.0    470.1     57.2     12.1      0.0
    10     1    26     1     9    15     0     3    -3.0   22.988  120.332    299.4   1007.3    287.1    287.7      0.0    172.9     57.6     64.3      0.0
    11     1    26     1     9    15     0     3    -3.0   22.963  120.400    352.3    987.8    288.0    286.9      0.0    140.3     58.7    182.3      0.0
    12     1    26     1     9    15     0     3    -3.0   22.989  120.287    284.9   1013.1    288.0    289.1      0.0    289.9     53.5     31.9      0.0
    13     1    26     1     9    15     0     3    -3.0   22.811  120.304    387.6    967.0    289.9    287.1      0.0     75.6     58.7    303.9      0.0
    14     1    26     1     9    15     0     3    -3.0   22.800  120.332    385.8    945.1    290.7    285.9      0.0     18.6     60.6    514.3      0.0
    15     1    26     1     9    15     0     3    -3.0   22.832  120.299    379.9    979.2    290.2    288.4      0.0    220.9     63.0    211.3      0.0
    16     1    26     1     9    15     0     3    -3.0   23.139  120.430    250.4   1018.5    287.2    288.7      0.0    397.7     57.5     16.8      0.0
    17     1    26     1     9    15     0     3    -3.0   23.147  120.476    249.9   1018.1    287.0    288.4      0.0    386.8     57.3      8.7      0.0
    18     1    26     1     9    15     0     3    -3.0   23.111  120.379    252.4   1018.9    288.0    289.5      0.0    470.2     57.1     12.1      0.0
    19     1    26     1     9    15     0     3    -3.0   22.962  120.352     69.2    974.6    289.0    286.8      0.0    162.8     57.5     71.8      0.0
    20     1    26     1     9    15     0     3    -3.0   22.977  120.415     93.6    957.9    289.9    286.3      0.0    123.8     58.5    204.1      0.0
    21     1    26     1     9    15     0     3    -3.0   22.914  120.282      0.2    988.3    289.0    288.0      0.0    378.6     58.5     23.1      0.0
    22     1    26     1     9    15     0     3    -3.0   22.752  120.276     15.9    965.8    290.1    287.2      0.0    103.8     57.7    182.8      0.0
    23     1    26     1     9    15     0     3    -3.0   22.757  120.295      4.8    951.5    290.5    286.3      0.0     18.6     58.9    338.5      0.0
    24     1    26     1     9    15     0     3    -3.0   22.781  120.241      0.0    986.9    290.3    289.2      0.0    319.6     63.0     57.4      0.0
    25     1    26     1     9    15     0     3    -3.0   23.191  120.456     66.5    982.0    287.9    286.4      0.0    376.9     60.7     19.3      0.0
    26     1    26     1     9    15     0     3    -3.0   23.280  120.523     75.8    978.9    287.6    285.9      0.0    362.6     62.8     15.2      0.0
    27     1    26     1     9    15     0     3    -3.0   23.086  120.377     20.8    988.0    288.3    287.3      0.0    479.5     62.0     11.9      0.0
     1     1    26     1     9    14     0     2    -4.0   23.098  120.353     74.7   1000.3    287.8    287.8      0.0    206.1     56.9    102.3     18.3
     2     1    26     1     9    14     0     2    -4.0   23.055  120.455    182.0    972.8    289.0    286.7      0.0    122.8     57.5    235.2     23.0
     3     1    26     1     9    14     0     2    -4.0   23.119  120.295     76.6   1007.4    288.1    288.7      0.0    267.9     53.8     40.3     39.4
     4     1    26     1     9    14     0     2    -4.0   22.831  120.295    153.3    968.6    290.1    287.4      0.0     80.1     58.0    278.0     48.3
     5     1    26     1     9    14     0     2    -4.0   22.818  120.334    162.2    940.8    291.2    286.0      0.0     21.1     59.9    534.3     22.0
     6     1    26     1     9    14     0     2    -4.0   22.846  120.283    133.0    984.2    290.2    288.8      0.0    253.3     61.0    169.0     51.5
     7     1    26     1     9    14     0     2    -4.0   23.279  120.472     10.6   1018.1    287.3    288.8      0.0    430.1     55.8     18.4     19.7
     8     1    26     1     9    14     0     2    -4.0   23.286  120.531     11.6   1015.7    287.2    288.5      0.0    411.6     57.0     20.7     50.9
     9     1    26     1     9    14     0     2    -4.0   23.263  120.420     14.0   1018.2    287.7    289.2      0.0    424.8     56.1     15.9     16.4
    10     1    26     1     9    14     0     2    -4.0   23.085  120.351    315.1   1001.9    287.7    287.9      0.0    205.5     56.7     97.1     18.5
    11     1    26     1     9    14     0     2    -4.0   23.047  120.451    418.9    974.1    288.9    286.8      0.0    122.9     57.6    234.7     21.9
    12     1    26     1     9    14     0     2    -4.0   23.108  120.296    309.7   1009.3    288.1    288.8      0.0    268.3     53.4     40.3     41.2
    13     1    26     1     9    14     0     2    -4.0   22.831  120.296    400.0    968.4    290.1    287.4      0.0     79.9     58.1    280.4     48.4
    14     1    26     1     9    14     0     2    -4.0   22.818  120.336    405.6    940.3    291.2    286.0      0.0     21.1     59.9    540.0     22.0
    15     1    26     1     9    14     0     2    -4.0   22.846  120.286    382.0    983.3    290.2    288.8      0.0    251.1     61.2    176.2     51.5
    16     1    26     1     9    14     0     2    -4.0   23.278  120.471    250.4   1018.2    287.3    288.8      0.0    430.4     55.8     18.5     19.6
    17     1    26     1     9    14     0     2    -4.0   23.285  120.531    251.4   1015.9    287.2    288.5      0.0    411.6     57.0     20.7     50.9
    18     1    26     1     9    14     0     2    -4.0   23.260  120.420    253.4   1018.6    287.7    289.3      0.0    424.6     56.0     15.9     16.3
    19     1    26     1     9    14     0     2    -4.0   23.041  120.387     92.2    968.0    289.4    286.8      0.0    153.5     57.4    107.9     20.9
    20     1    26     1     9    14     0     2    -4.0   23.028  120.468    139.8    946.4    290.7    286.1      0.0     86.6     58.1    262.1     19.5
    21     1    26     1     9    14     0     2    -4.0   23.009  120.295     23.3    984.8    289.0    287.7      0.0    284.0     55.3     35.3     57.4
    22     1    26     1     9    14     0     2    -4.0   22.757  120.267     16.8    969.5    290.2    287.6      0.0    117.7     57.0    149.3     58.1
    23     1    26     1     9    14     0     2    -4.0   22.767  120.297     14.9    949.0    290.8    286.4      0.0     21.1     58.5    352.3     24.8
    24     1    26     1     9    14     0     2    -4.0   22.781  120.213      0.0    988.4    290.3    289.3      0.0    383.3     61.7     51.0     48.2
    25     1    26     1     9    14     0     2    -4.0   23.384  120.533     81.9    976.6    288.0    286.1      0.0    373.2     61.2     41.2     33.5
    26     1    26     1     9    14     0     2    -4.0   23.494  120.614    105.0    974.8    287.8    285.7      0.0    408.8     63.4     26.6     51.1
    27     1    26     1     9    14     0     2    -4.0   23.260  120.433     59.2    983.2    288.3    286.9      0.0    403.9     60.0     17.2     16.3
     1     1    26     1     9    13     0     1    -5.0   23.216  120.381     97.3    991.2    288.5    287.7      0.0    220.9     56.4    162.5     31.7
     2     1    26     1     9    13     0     1    -5.0   23.147  120.494    216.4    969.7    289.2    286.7      0.0    187.4     56.3    230.5     70.0
     3     1    26     1     9    13     0     1    -5.0   23.245  120.311     90.0   1004.2    288.2    288.5      0.0    273.5     54.2     54.4     39.3
     4     1    26     1     9    13     0     1    -5.0   22.855  120.294    163.6    967.2    290.4    287.5      0.0     79.8     57.6    281.7     90.3
     5     1    26     1     9    13     0     1    -5.0   22.843  120.336    174.8    937.6    291.6    286.1      0.0     23.5     59.3    553.5     42.3
     6     1    26     1     9    13     0     1    -5.0   22.854  120.282    134.6    984.7    290.3    289.0      0.0    277.0     60.2    165.6    103.6
     7     1    26     1     9    13     0     1    -5.0   23.435  120.512     10.7   1016.9    287.6    288.9      0.0    461.9     55.6     16.1     82.1
     8     1    26     1     9    13     0     1    -5.0   23.451  120.591     13.1   1015.3    287.4    288.7      0.0    460.6     56.8     29.3    102.5
     9     1    26     1     9    13     0     1    -5.0   23.419  120.454     14.0   1018.0    287.9    289.3      0.0    472.3     54.7     19.1     33.5
    10     1    26     1     9    13     0     1    -5.0   23.200  120.377    336.9    993.2    288.4    287.8      0.0    223.9     56.3    153.4     32.5
    11     1    26     1     9    13     0     1    -5.0   23.140  120.489    453.6    970.9    289.1    286.7      0.0    184.9     56.3    230.2     68.1
    12     1    26     1     9    13     0     1    -5.0   23.229  120.312    323.9   1006.1    288.2    288.7      0.0    273.5     53.7     53.8     44.4
    13     1    26     1     9    13     0     1    -5.0   22.854  120.295    410.5    967.0    290.4    287.5      0.0     79.6     57.7    284.1     90.4
    14     1    26     1     9    13     0     1    -5.0   22.843  120.337    417.9    937.2    291.6    286.1      0.0     23.5     59.4    558.3     42.3
    15     1    26     1     9    13     0     1    -5.0   22.854  120.284    384.4    983.6    290.3    288.9      0.0    274.4     60.5    174.0    103.7
    16     1    26     1     9    13     0     1    -5.0   23.433  120.511    250.5   1017.1    287.6    288.9      0.0    462.3     55.6     15.7     81.5
    17     1    26     1     9    13     0     1    -5.0   23.447  120.590    253.3   1015.6    287.4    288.7      0.0    460.7     56.8     29.6    102.5
    18     1    26     1     9    13     0     1    -5.0   23.412  120.452    253.4   1018.5    287.9    289.4      0.0    471.6     54.6     19.0     33.6
    19     1    26     1     9    13     0     1    -5.0   23.122  120.423    105.7    960.3    289.9    286.6      0.0    139.6     57.7    166.2     39.2
    20     1    26     1     9    13     0     1    -5.0   23.072  120.515    179.1    934.5    291.3    285.6      0.0     96.1     57.9    334.7     49.9
    21     1    26     1     9    13     0     1    -5.0   23.116  120.317     43.5    980.8    289.3    287.7      0.0    273.7     54.9     48.7     80.8
    22     1    26     1     9    13     0     1    -5.0   22.768  120.269     18.9    968.1    290.5    287.8      0.0    124.3     56.8    160.9    113.5
    23     1    26     1     9    13     0     1    -5.0   22.789  120.300     26.7    945.2    291.2    286.4      0.0     23.5     58.1    378.6     47.7
    24     1    26     1     9    13     0     1    -5.0   22.779  120.204      0.0    989.1    290.4    289.5      0.0    427.4     60.8     48.7     96.8
    25     1    26     1     9    13     0     1    -5.0   23.587  120.607    113.6    970.7    288.2    285.7      0.0    420.7     62.9     59.5    100.5
    26     1    26     1     9    13     0     1    -5.0   23.728  120.710    117.4    974.2    287.5    285.3      0.0    465.1     63.4     22.1     74.6
    27     1    26     1     9    13     0     1    -5.0   23.458  120.492     72.1    981.3    288.1    286.6      0.0    442.8     59.8     22.7     29.0
     1     1    26     1     9    12     0     0    -6.0   23.359  120.404    102.0    990.7    288.7    287.9      0.0    309.5     55.8    162.9     89.9
     2     1    26     1     9    12     0     0    -6.0   23.268  120.522    191.6    968.7    289.3    286.6      0.0    349.4     55.9    273.6    137.2
     3     1    26     1     9    12     0     0    -6.0   23.391  120.330     97.2    999.2    288.6    288.5      0.0    324.5     54.3     92.8     50.0
     4     1    26     1     9    12     0     0    -6.0   22.883  120.298    173.4    963.7    290.7    287.6      0.0     74.5     57.5    305.2    123.8
     5     1    26     1     9    12     0     0    -6.0   22.877  120.334    173.1    936.8    291.8    286.2      0.0     26.0     58.7    566.3     60.4
     6     1    26     1     9    12     0     0    -6.0   22.855  120.294    142.3    980.0    290.6    288.9      0.0    291.0     60.9    203.0    156.4
     7     1    26     1     9    12     0     0    -6.0   23.615  120.561      6.0   1015.8    287.8    289.1      0.0    513.9     56.3     30.2    153.4
     8     1    26     1     9    12     0     0    -6.0   23.647  120.655      8.5   1016.6    287.4    288.8      0.0    515.3     56.4     22.8    128.9
     9     1    26     1     9    12     0     0    -6.0   23.600  120.481     14.0   1017.8    288.0    289.4      0.0    534.5     54.7     13.0     88.1
    10     1    26     1     9    12     0     0    -6.0   23.340  120.399    343.7    991.3    288.7    287.9      0.0    299.7     55.7    164.5     82.2
    11     1    26     1     9    12     0     0    -6.0   23.263  120.517    425.6    972.3    289.2    286.8      0.0    355.5     55.6    255.6    138.8
    12     1    26     1     9    12     0     0    -6.0   23.367  120.330    333.1   1001.2    288.6    288.7      0.0    317.7     53.9     88.4     51.5
    13     1    26     1     9    12     0     0    -6.0   22.883  120.298    420.2    963.5    290.7    287.6      0.0     74.4     57.5    307.5    123.8
    14     1    26     1     9    12     0     0    -6.0   22.876  120.335    416.0    936.5    291.8    286.2      0.0     26.0     58.7    570.0     60.4
    15     1    26     1     9    12     0     0    -6.0   22.855  120.297    392.3    978.7    290.6    288.8      0.0    287.8     61.2    212.2    156.6
    16     1    26     1     9    12     0     0    -6.0   23.613  120.560    249.7   1015.8    287.8    289.1      0.0    514.2     56.3     30.0    153.4
    17     1    26     1     9    12     0     0    -6.0   23.640  120.653    249.8   1016.6    287.4    288.8      0.0    514.9     56.4     22.9    130.2
    18     1    26     1     9    12     0     0    -6.0   23.587  120.479    253.4   1018.3    288.0    289.5      0.0    535.1     54.4     14.0     83.0
    19     1    26     1     9    12     0     0    -6.0   23.207  120.464    130.9    949.1    290.5    286.2      0.0     93.4     57.8    245.9     52.4
    20     1    26     1     9    12     0     0    -6.0   23.123  120.554    197.3    917.7    291.9    284.7      0.0    161.7     59.1    479.4     86.4
    21     1    26     1     9    12     0     0    -6.0   23.241  120.344     43.0    978.4    289.3    287.5      0.0    266.4     55.5     70.6     64.6
    22     1    26     1     9    12     0     0    -6.0   22.783  120.281     23.7    962.4    290.9    287.7      0.0    123.2     57.2    210.6    164.4
    23     1    26     1     9    12     0     0    -6.0   22.825  120.304     39.2    939.9    291.6    286.3      0.0     26.0     57.8    418.5     67.3
    24     1    26     1     9    12     0     0    -6.0   22.770  120.212      0.0    989.6    290.5    289.6      0.0    468.7     60.5     49.4    143.2
    25     1    26     1     9    12     0     0    -6.0   23.808  120.684    132.9    971.1    287.9    285.5      0.0    469.2     63.2     35.3    140.1
    26     1    26     1     9    12     0     0    -6.0   23.990  120.839    172.5    957.9    288.1    284.6      0.0    501.4     64.4    125.7    130.5
    27     1    26     1     9    12     0     0    -6.0   23.686  120.551     86.0    975.3    288.2    286.1      0.0    480.0     63.2     49.2    123.1
     1     1    26     1     9    11     0     1    -7.0   23.525  120.420     55.2   1001.1    288.9    289.0      0.0    412.9     51.8    115.7    197.2
     2     1    26     1     9    11     0     1    -7.0   23.412  120.535    120.8    982.0    289.4    287.9      0.0    348.3     52.4    208.2    182.3
     3     1    26     1     9    11     0     1    -7.0   23.549  120.346     88.1    996.6    289.0    288.7      0.0    350.1     53.4    121.1     88.3
     4     1    26     1     9    11     0     1    -7.0   22.917  120.298    178.7    961.6    290.8    287.5      0.0     96.7     57.9    317.4    146.1
     5     1    26     1     9    11     0     1    -7.0   22.914  120.328    151.3    939.6    291.5    286.3      0.0     39.0     59.3    561.2     77.7
     6     1    26     1     9    11     0     1    -7.0   22.858  120.303    139.9    976.7    290.9    288.9      0.0    344.3     60.8    231.6    208.2
     7     1    26     1     9    11     0     1    -7.0   23.817  120.614      0.0   1016.4    287.8    289.2      0.0    545.2     55.4     21.4    190.1
     8     1    26     1     9    11     0     1    -7.0   23.872  120.729      5.7   1016.8    287.2    288.6      0.0    572.9     57.0     21.4    157.3
     9     1    26     1     9    11     0     1    -7.0   23.802  120.519     12.2   1016.9    288.1    289.5      0.0    555.2     54.6     12.1    206.1
    10     1    26     1     9    11     0     1    -7.0   23.503  120.414    300.8   1001.1    288.9    289.0      0.0    410.8     51.7    119.0    197.4
    11     1    26     1     9    11     0     1    -7.0   23.409  120.529    350.1    986.1    289.4    288.2      0.0    355.6     51.9    192.2    183.9
    12     1    26     1     9    11     0     1    -7.0   23.517  120.344    326.5    997.1    289.1    288.8      0.0    332.4     53.1    128.0     70.1
    13     1    26     1     9    11     0     1    -7.0   22.917  120.298    425.4    961.4    290.8    287.5      0.0     96.8     58.0    319.6    146.3
    14     1    26     1     9    11     0     1    -7.0   22.913  120.328    394.2    939.5    291.5    286.2      0.0     39.1     59.4    563.7     77.9
    15     1    26     1     9    11     0     1    -7.0   22.858  120.306    389.9    975.3    290.9    288.8      0.0    341.7     61.1    241.7    208.5
    16     1    26     1     9    11     0     1    -7.0   23.815  120.613    249.8   1016.4    287.8    289.2      0.0    545.3     55.4     21.4    190.7
    17     1    26     1     9    11     0     1    -7.0   23.864  120.725    249.8   1016.7    287.2    288.6      0.0    571.0     57.0     21.1    156.7
    18     1    26     1     9    11     0     1    -7.0   23.783  120.514    251.9   1017.4    288.1    289.5      0.0    556.0     54.3      9.6    206.0
    19     1    26     1     9    11     0     1    -7.0   23.277  120.504    164.4    937.8    291.1    285.8      0.0     62.7     57.6    313.6     81.0
    20     1    26     1     9    11     0     1    -7.0   23.172  120.577    188.3    909.0    292.5    284.5      0.0    174.4     59.2    567.5    129.4
    21     1    26     1     9    11     0     1    -7.0   23.375  120.365     41.6    972.8    289.6    287.3      0.0    266.0     55.8    119.1     73.0
    22     1    26     1     9    11     0     1    -7.0   22.806  120.290     24.0    958.3    291.2    287.6      0.0    178.9     57.8    249.0    206.8
    23     1    26     1     9    11     0     1    -7.0   22.868  120.308     50.4    934.4    291.7    286.0      0.0     37.6     59.0    457.3     84.6
    24     1    26     1     9    11     0     1    -7.0   22.758  120.213      0.0    989.4    290.6    289.7      0.0    501.0     61.2     48.2    185.9
    25     1    26     1     9    11     0     1    -7.0   24.054  120.772    155.1    966.9    287.9    285.1      0.0    495.3     63.0     46.1    145.2
    26     1    26     1     9    11     0     1    -7.0   24.199  120.984    263.9    941.5    288.1    283.2      0.0    510.1     66.6    172.8    216.3
    27     1    26     1     9    11     0     1    -7.0   23.925  120.618     96.3    974.3    288.2    286.1      0.0    503.3     62.2     44.5    201.7
     1     1    26     1     9    10     0     2    -8.0   23.685  120.426      0.5   1011.0    289.0    289.9      0.0    477.0     49.6     62.5    247.0
     2     1    26     1     9    10     0     2    -8.0   23.575  120.535     46.3   1000.5    289.0    289.0      0.0    426.5     50.1    109.6    213.3
     3     1    26     1     9    10     0     2    -8.0   23.712  120.355     48.6   1004.5    289.2    289.6      0.0    435.1     50.4     87.1    225.4
     4     1    26     1     9    10     0     2    -8.0   22.955  120.291    183.6    962.4    290.6    287.4      0.0     94.0     58.4    302.5    157.7
     5     1    26     1     9    10     0     2    -8.0   22.947  120.316    111.2    947.1    291.1    286.5      0.0     47.7     59.9    532.4     94.2
     6     1    26     1     9    10     0     2    -8.0   22.873  120.290    110.2    983.9    291.0    289.6      0.0    406.7     58.0    194.9    261.5
     7     1    26     1     9    10     0     2    -8.0   24.048  120.677      0.0   1016.3    287.5    288.8      0.0    583.0     56.4     16.5    191.9
     8     1    26     1     9    10     0     2    -8.0   24.131  120.836      5.2   1009.4    287.2    288.0      0.0    614.0     58.1     85.3    254.1
     9     1    26     1     9    10     0     2    -8.0   24.015  120.564      3.5   1016.9    288.0    289.4      0.0    597.9     55.4     13.8    253.5
    10     1    26     1     9    10     0     2    -8.0   23.658  120.419    249.3   1010.5    289.1    289.9      0.0    468.4     49.6     69.2    247.5
    11     1    26     1     9    10     0     2    -8.0   23.572  120.528    281.3   1003.4    289.0    289.3      0.0    436.1     49.6     98.1    215.3
    12     1    26     1     9    10     0     2    -8.0   23.665  120.353    292.2   1003.9    289.3    289.6      0.0    408.3     50.4     97.9    192.7
    13     1    26     1     9    10     0     2    -8.0   22.955  120.291    430.3    962.2    290.6    287.4      0.0     94.5     58.4    304.4    157.9
    14     1    26     1     9    10     0     2    -8.0   22.945  120.316    354.6    946.9    291.1    286.5      0.0     48.0     59.9    534.5     94.4
    15     1    26     1     9    10     0     2    -8.0   22.873  120.293    359.8    982.4    291.1    289.5      0.0    404.9     58.4    206.8    261.7
    16     1    26     1     9    10     0     2    -8.0   24.046  120.675    249.8   1016.4    287.5    288.9      0.0    582.9     56.4     16.4    191.6
    17     1    26     1     9    10     0     2    -8.0   24.124  120.831    249.2   1009.6    287.2    288.0      0.0    612.9     58.1     83.6    252.1
    18     1    26     1     9    10     0     2    -8.0   23.994  120.558    249.9   1017.0    288.0    289.4      0.0    598.4     55.3     13.5    257.2
    19     1    26     1     9    10     0     2    -8.0   23.339  120.523    146.1    934.5    291.4    285.8      0.0    116.0     57.1    362.8    136.6
    20     1    26     1     9    10     0     2    -8.0   23.217  120.580    137.1    913.8    292.7    285.1      0.0    180.6     57.8    570.6    181.1
    21     1    26     1     9    10     0     2    -8.0   23.492  120.383     28.2    968.2    290.1    287.4      0.0    248.4     55.0    173.8     80.9
    22     1    26     1     9    10     0     2    -8.0   22.838  120.285     13.5    960.1    291.1    287.7      0.0    216.4     57.6    242.5    236.6
    23     1    26     1     9    10     0     2    -8.0   22.909  120.306     52.0    932.3    291.7    285.8      0.0     47.2     59.7    473.5    100.5
    24     1    26     1     9    10     0     2    -8.0   22.760  120.188      0.0    989.1    290.6    289.6      0.0    519.2     61.6     42.9    234.5
    25     1    26     1     9    10     0     2    -8.0   24.294  120.887    225.6    946.5    288.6    284.1      0.0    497.5     64.5    164.0    232.5
    26     1    26     1     9    10     0     2    -8.0   24.366  121.123    314.8    917.5    289.3    282.1      0.0    538.0     66.0    342.6    284.4
    27     1    26     1     9    10     0     2    -8.0   24.170  120.690    116.3    973.0    287.9    285.7      0.0    542.6     62.6     25.6    200.8
     1     1    26     1     9     9     0     3    -9.0   23.861  120.437      0.0   1013.6    288.7    289.8      0.0    556.3     50.8     30.7    259.5
     2     1    26     1     9     9     0     3    -9.0   23.749  120.535      0.0   1010.1    288.5    289.3      0.0    496.7     51.3     59.2    203.4
     3     1    26     1     9     9     0     3    -9.0   23.887  120.356      2.1   1012.6    289.2    290.2      0.0    530.8     49.7     48.1    302.8
     4     1    26     1     9     9     0     3    -9.0   22.994  120.280    204.7    962.5    290.3    287.1      0.0     62.2     58.8    273.6    160.0
     5     1    26     1     9     9     0     3    -9.0   22.970  120.299     52.8    958.8    290.6    287.0      0.0     52.3     59.7    482.0    110.6
     6     1    26     1     9     9     0     3    -9.0   22.909  120.251     65.7   1001.6    291.1    291.2      0.0    468.6     52.5     78.7    320.9
     7     1    26     1     9     9     0     3    -9.0   24.324  120.771      0.0   1014.5    287.2    288.4      0.0    633.9     58.3     37.2    283.8
     8     1    26     1     9     9     0     3    -9.0   24.366  120.950      0.0   1011.6    286.9    287.9      0.0    722.8     57.2     65.1    338.6
     9     1    26     1     9     9     0     3    -9.0   24.260  120.625      0.0   1016.3    287.6    289.0      0.0    615.6     56.9     11.7    231.5
    10     1    26     1     9     9     0     3    -9.0   23.831  120.427    249.7   1013.5    288.8    289.9      0.0    556.7     50.4     32.0    270.5
    11     1    26     1     9     9     0     3    -9.0   23.742  120.528    249.5   1010.7    288.5    289.4      0.0    505.1     51.2     54.2    205.3
    12     1    26     1     9     9     0     3    -9.0   23.824  120.348    249.4   1011.8    289.4    290.3      0.0    504.4     48.8     57.3    303.5
    13     1    26     1     9     9     0     3    -9.0   22.993  120.281    451.3    962.4    290.3    287.1      0.0     63.1     58.9    275.3    160.4
    14     1    26     1     9     9     0     3    -9.0   22.969  120.300    296.5    958.7    290.6    287.0      0.0     52.6     59.7    484.2    110.8
    15     1    26     1     9     9     0     3    -9.0   22.907  120.255    314.4   1000.1    291.1    291.1      0.0    467.3     52.8     93.0    320.7
    16     1    26     1     9     9     0     3    -9.0   24.321  120.769    249.6   1014.6    287.2    288.4      0.0    633.8     58.3     36.0    282.8
    17     1    26     1     9     9     0     3    -9.0   24.359  120.946    249.3   1011.4    286.9    287.8      0.0    720.0     57.2     66.7    338.7
    18     1    26     1     9     9     0     3    -9.0   24.236  120.616    249.9   1016.3    287.7    289.0      0.0    617.1     56.8     11.7    234.8
    19     1    26     1     9     9     0     3    -9.0   23.403  120.516     49.9    951.7    291.3    287.2      0.0    149.8     52.9    301.4    211.0
    20     1    26     1     9     9     0     3    -9.0   23.268  120.563     21.8    937.9    292.4    286.9      0.0    196.8     52.1    459.9    248.4
    21     1    26     1     9     9     0     3    -9.0   23.602  120.389      0.0    977.8    290.2    288.3      0.0    303.7     51.7    150.4    180.3
    22     1    26     1     9     9     0     3    -9.0   22.880  120.271      2.7    965.4    290.8    287.9      0.0    220.7     57.0    201.6    251.5
    23     1    26     1     9     9     0     3    -9.0   22.949  120.295     35.3    935.8    291.4    285.8      0.0     52.3     60.1    455.1    114.7
    24     1    26     1     9     9     0     3    -9.0   22.785  120.141      0.0    988.5    290.4    289.4      0.0    520.1     62.3     35.3    295.3
    25     1    26     1     9     9     0     3    -9.0   24.489  121.023    320.0    928.2    288.7    282.5      0.0    563.2     66.3    237.6    335.6
    26     1    26     1     9     9     0     3    -9.0   24.513  121.256    284.8    941.1    288.0    283.1      0.0    739.8     65.9    156.7    336.4
    27     1    26     1     9     9     0     3    -9.0   24.457  120.789    176.3    962.1    287.7    284.5      0.0    560.2     66.4     67.2    249.9
     1     1    26     1     9     8     0     2   -10.0   24.077  120.465      0.0   1015.5    288.1    289.4      0.0    689.1     51.8     20.2    349.7
     2     1    26     1     9     8     0     2   -10.0   23.958  120.564      0.0   1007.3    288.4    289.0      0.0    637.4     52.3     96.4    365.6
     3     1    26     1     9     8     0     2   -10.0   24.076  120.374      0.0   1015.0    288.6    289.9      0.0    708.1     50.6     22.6    353.6
     4     1    26     1     9     8     0     2   -10.0   23.032  120.276    250.4    957.2    290.2    286.6      0.0    146.6     59.8    276.8    156.2
     5     1    26     1     9     8     0     2   -10.0   22.985  120.286      0.0    968.4    290.1    287.4      0.0    100.7     59.1    439.7    132.2
     6     1    26     1     9     8     0     2   -10.0   22.969  120.206     31.8   1005.7    291.0    291.5      0.0    571.4     48.8     72.5    351.4
     7     1    26     1     9     8     0     2   -10.0   24.591  120.893      0.0   1012.6    287.0    288.0      0.0    781.9     55.4     55.3    427.1
     8     1    26     1     9     8     0     2   -10.0   24.612  121.081      0.0   1015.8    286.9    288.1      0.0    919.5     53.8     30.7    423.6
     9     1    26     1     9     8     0     2   -10.0   24.547  120.717      0.0   1017.0    287.1    288.5      0.0    684.1     56.8     16.5    387.9
    10     1    26     1     9     8     0     2   -10.0   24.041  120.453    249.8   1015.4    288.3    289.5      0.0    694.7     51.4     19.1    345.8
    11     1    26     1     9     8     0     2   -10.0   23.953  120.558    249.1   1008.2    288.4    289.0      0.0    640.3     52.4     89.0    364.6
    12     1    26     1     9     8     0     2   -10.0   24.001  120.358    249.8   1014.9    288.8    290.1      0.0    715.3     49.8     23.9    356.8
    13     1    26     1     9     8     0     2   -10.0   23.032  120.276    496.6    957.2    290.2    286.6      0.0    146.9     59.8    278.2    156.2
    14     1    26     1     9     8     0     2   -10.0   22.983  120.287    245.6    968.1    290.1    287.4      0.0    101.5     59.1    442.1    132.5
    15     1    26     1     9     8     0     2   -10.0   22.966  120.211    279.5   1005.8    291.1    291.5      0.0    572.6     48.8     73.2    351.4
    16     1    26     1     9     8     0     2   -10.0   24.588  120.892    249.4   1012.6    287.0    288.0      0.0    781.3     55.4     55.4    427.1
    17     1    26     1     9     8     0     2   -10.0   24.606  121.077    249.7   1015.9    286.9    288.1      0.0    915.3     53.9     29.8    423.8
    18     1    26     1     9     8     0     2   -10.0   24.522  120.705    249.8   1016.9    287.1    288.5      0.0    675.2     56.8     17.5    384.6
    19     1    26     1     9     8     0     2   -10.0   23.468  120.485      0.0    978.4    290.3    288.5      0.0    328.8     48.6    188.0    261.7
    20     1    26     1     9     8     0     2   -10.0   23.337  120.530      0.0    970.3    290.8    288.2      0.0    425.3     48.8    253.4    287.4
    21     1    26     1     9     8     0     2   -10.0   23.726  120.384      0.0    984.0    289.8    288.5      0.0    495.8     50.0    106.1    287.6
    22     1    26     1     9     8     0     2   -10.0   22.925  120.260     18.5    966.4    290.3    287.5      0.0    268.4     57.6    172.7    218.7
    23     1    26     1     9     8     0     2   -10.0   22.986  120.285     26.1    938.8    290.9    285.6      0.0    100.3     60.8    438.7    132.0
    24     1    26     1     9     8     0     2   -10.0   22.839  120.083      0.0    987.6    290.0    288.9      0.0    565.5     61.6     27.7    361.8
    25     1    26     1     9     8     0     2   -10.0   24.620  121.142    379.8    906.5    289.8    281.7      0.0    702.3     64.0    375.1    430.3
    26     1    26     1     9     8     0     2   -10.0   24.672  121.409    206.0    943.9    287.8    283.1      0.0    927.5     65.0    212.6    418.8
    27     1    26     1     9     8     0     2   -10.0   24.714  120.929    267.1    945.5    288.0    283.4      0.0    713.9     64.9    126.0    419.4
     1     1    26     1     9     7     0     1   -11.0   24.349  120.541      0.0   1012.6    287.6    288.6      0.0    746.5     53.0     52.7    498.0
     2     1    26     1     9     7     0     1   -11.0   24.192  120.636      0.0   1006.3    288.1    288.6      0.0    795.6     51.1    105.2    508.1
     3     1    26     1     9     7     0     1   -11.0   24.298  120.415      0.0   1016.1    288.3    289.6      0.0    788.0     50.3     15.4    474.8
     4     1    26     1     9     7     0     1   -11.0   23.069  120.284    313.0    944.6    290.6    285.8      0.0    227.8     61.3    330.8    162.7
     5     1    26     1     9     7     0     1   -11.0   23.001  120.278      0.0    970.8    289.8    287.3      0.0    143.6     58.6    418.8    153.3
     6     1    26     1     9     7     0     1   -11.0   23.033  120.177      4.6   1007.9    290.7    291.4      0.0    607.4     47.6     74.8    323.7
     7     1    26     1     9     7     0     1   -11.0   24.850  121.030      0.0   1017.9    286.5    288.0      0.0    940.3     53.8     12.0    512.2
     8     1    26     1     9     7     0     1   -11.0   24.829  121.237      0.0   1017.9    286.4    287.8      0.0   1068.7     52.1     15.2    505.0
     9     1    26     1     9     7     0     1   -11.0   24.840  120.847      0.0   1014.6    286.9    288.0      0.0    834.3     54.2     37.8    514.3
    10     1    26     1     9     7     0     1   -11.0   24.307  120.522    249.6   1014.3    287.6    288.7      0.0    727.2     53.2     40.2    492.9
    11     1    26     1     9     7     0     1   -11.0   24.191  120.632    249.0   1006.7    288.0    288.6      0.0    794.2     51.2    102.3    507.9
    12     1    26     1     9     7     0     1   -11.0   24.207  120.391    249.8   1015.9    288.5    289.8      0.0    803.3     49.8     16.3    460.6
    13     1    26     1     9     7     0     1   -11.0   23.068  120.284    558.5    944.6    290.6    285.8      0.0    228.1     61.3    331.7    162.8
    14     1    26     1     9     7     0     1   -11.0   23.000  120.279    245.8    970.4    289.9    287.3      0.0    142.7     58.7    422.6    153.1
    15     1    26     1     9     7     0     1   -11.0   23.029  120.181    251.4   1007.7    290.8    291.4      0.0    612.9     47.5     75.3    326.5
    16     1    26     1     9     7     0     1   -11.0   24.848  121.028    249.9   1018.0    286.5    288.0      0.0    938.1     53.8     11.4    512.3
    17     1    26     1     9     7     0     1   -11.0   24.823  121.232    249.8   1017.9    286.4    287.8      0.0   1065.8     52.1     15.3    505.2
    18     1    26     1     9     7     0     1   -11.0   24.819  120.835    249.6   1014.6    286.8    288.0      0.0    826.5     54.4     37.1    514.4
    19     1    26     1     9     7     0     1   -11.0   23.533  120.461      0.0    980.4    289.8    288.2      0.0    552.6     48.7    140.4    295.2
    20     1    26     1     9     7     0     1   -11.0   23.402  120.504      0.0    981.1    290.1    288.5      0.0    698.8     47.6    118.0    334.6
    21     1    26     1     9     7     0     1   -11.0   23.858  120.386      0.0    985.3    289.4    288.1      0.0    716.0     50.6     70.0    349.3
    22     1    26     1     9     7     0     1   -11.0   22.965  120.266     74.1    956.3    290.3    286.5      0.0    314.5     59.8    207.2    189.9
    23     1    26     1     9     7     0     1   -11.0   23.019  120.287     52.2    935.3    290.9    285.3      0.0    168.1     61.2    446.3    164.2
    24     1    26     1     9     7     0     1   -11.0   22.905  120.024     10.0    986.9    289.3    288.2      0.0    560.3     61.3     20.3    380.3
    25     1    26     1     9     7     0     1   -11.0   24.736  121.247    342.3    930.6    288.8    282.9      0.0   1020.6     60.6    196.2    513.8
    26     1    26     1     9     7     0     1   -11.0   24.802  121.581    148.7    960.5    287.1    283.9      0.0   1210.3     60.9    119.2    497.5
    27     1    26     1     9     7     0     1   -11.0   24.915  121.078    363.0    929.5    288.2    282.2      0.0    867.1     64.6    175.2    514.9
     1     1    26     1     9     6     0     0   -12.0   24.616  120.651      0.0   1013.2    287.2    288.3      0.0    891.7     50.9     49.0    600.4
     2     1    26     1     9     6     0     0   -12.0   24.430  120.732      0.0   1014.1    287.2    288.4      0.0    891.4     50.5     39.1    600.4
     3     1    26     1     9     6     0     0   -12.0   24.580  120.493      0.0   1017.3    287.2    288.6      0.0    765.9     52.3     15.5    600.4
     4     1    26     1     9     6     0     0   -12.0   23.096  120.300    392.2    927.3    291.4    285.1      0.0    301.5     62.4    411.7    181.2
     5     1    26     1     9     6     0     0   -12.0   23.021  120.274      0.0    973.7    289.7    287.4      0.0    217.0     57.5    393.9    181.5
     6     1    26     1     9     6     0     0   -12.0   23.084  120.158      0.0   1007.8    290.2    290.8      0.0    619.3     48.5     77.3    288.0
     7     1    26     1     9     6     0     0   -12.0   25.080  121.195      0.0   1018.5    286.1    287.6      0.0   1105.9     51.7     12.4    594.2
     8     1    26     1     9     6     0     0   -12.0   25.011  121.415      0.0   1020.6    285.6    287.2      0.0   1238.9     52.7      0.0    592.4
     9     1    26     1     9     6     0     0   -12.0   25.112  120.993      0.0   1019.5    286.1    287.7      0.0    960.0     53.9      0.0    600.4
    10     1    26     1     9     6     0     0   -12.0   24.580  120.629    249.5   1012.6    287.3    288.3      0.0    884.2     50.9     53.2    600.4
    11     1    26     1     9     6     0     0   -12.0   24.430  120.728    249.6   1014.2    287.2    288.3      0.0    891.5     50.6     38.5    600.4
    12     1    26     1     9     6     0     0   -12.0   24.464  120.452    249.8   1016.8    287.7    289.0      0.0    774.3     50.8     18.9    599.5
    13     1    26     1     9     6     0     0   -12.0   23.096  120.300    636.6    927.4    291.4    285.1      0.0    301.9     62.4    412.4    181.3
    14     1    26     1     9     6     0     0   -12.0   23.020  120.275    246.0    973.2    289.7    287.4      0.0    215.3     57.6    398.0    181.4
    15     1    26     1     9     6     0     0   -12.0   23.081  120.161    249.2   1007.6    290.2    290.8      0.0    624.6     48.4     78.1    290.1
    16     1    26     1     9     6     0     0   -12.0   25.079  121.193    249.9   1018.5    286.1    287.6      0.0   1105.0     51.8     12.4    594.3
    17     1    26     1     9     6     0     0   -12.0   25.007  121.410    250.0   1020.6    285.6    287.3      0.0   1236.1     52.7      0.0    592.4
    18     1    26     1     9     6     0     0   -12.0   25.092  120.979    250.0   1019.4    286.2    287.8      0.0    946.8     53.7      0.0    600.4
    19     1    26     1     9     6     0     0   -12.0   23.589  120.449      0.0    979.9    289.5    287.8      0.0    770.9     49.2    109.9    336.9
    20     1    26     1     9     6     0     0   -12.0   23.447  120.484      0.0    983.5    289.9    288.5      0.0    951.9     47.1     77.1    394.3
    21     1    26     1     9     6     0     0   -12.0   23.988  120.401      0.0    987.2    289.2    288.2      0.0    975.2     50.1     37.2    445.8
    22     1    26     1     9     6     0     0   -12.0   22.997  120.285    159.8    937.3    290.9    285.5      0.0    367.0     61.8    295.4    174.4
    23     1    26     1     9     6     0     0   -12.0   23.039  120.295    103.9    926.9    291.3    284.9      0.0    254.7     61.4    471.7    198.8
    24     1    26     1     9     6     0     0   -12.0   22.964  119.967     34.0    984.8    288.8    287.5      0.0    560.8     61.7     17.4    352.3
    25     1    26     1     9     6     0     0   -12.0   24.879  121.367    267.0    934.8    288.2    282.7      0.0   1174.2     62.1    232.7    598.1
    26     1    26     1     9     6     0     0   -12.0   24.892  121.751    135.5    957.4    286.6    283.1      0.0   1303.5     62.7    147.2    583.3
    27     1    26     1     9     6     0     0   -12.0   25.086  121.229    407.2    933.5    287.7    282.1      0.0   1131.4     63.7     98.5    597.9