    10     1
    GFSQ    26     1     1     0     0
    GFSQ    26     1     2     0     0
    GFSQ    26     1     3     0     0
    GFSQ    26     1     4     0     0
    GFSQ    26     1     5     0     0
    GFSQ    26     1     6     0     0
    GFSQ    26     1     7     0     0
    GFSQ    26     1     8     0     0
    GFSQ    26     1     9     0     0
    GFSQ    26     1    10     0     0
    27 BACKWARD OMEGA   
    26     1     9    23   22.711  120.310    10.0
    26     1     9    23   22.711  120.310    10.0
    26     1     9    23   22.711  120.310    10.0
    26     1     9    23   22.711  120.310    10.0
    26     1     9    23   22.711  120.310    10.0
    26     1     9    23   22.711  120.310    10.0
    26     1     9    23   22.711  120.310    10.0
    26     1     9    23   22.711  120.310    10.0
    26     1     9    23   22.711  120.310    10.0
    26     1     9    23   22.711  120.310    10.0
    26     1     9    23   22.711  120.310    10.0
    26     1     9    23   22.711  120.310    10.0
    26     1     9    23   22.711  120.310    10.0
    26     1     9    23   22.711  120.310    10.0
    26     1     9    23   22.711  120.310    10.0
    26     1     9    23   22.711  120.310    10.0
    26     1     9    23   22.711  120.310    10.0
    26     1     9    23   22.711  120.310    10.0
    26     1     9    23   22.711  120.310    10.0
    26     1     9    23   22.711  120.310    10.0
    26     1     9    23   22.711  120.310    10.0
    26     1     9    23   22.711  120.310    10.0
    26     1     9    23   22.711  120.310    10.0
    26     1     9    23   22.711  120.310    10.0
    26     1     9    23   22.711  120.310    10.0
    26     1     9    23   22.711  120.310    10.0
    26     1     9    23   22.711  120.310    10.0
     8 PRESSURE THETA    AIR_TEMP RAINFALL MIXDEPTH RELHUMID TERR_MSL SUN_FLUX
     1     1    26     1     9    23     0     1     0.0   22.711  120.310     10.0   1014.4    287.7    288.9      0.0    191.1     57.3     34.8     12.3
     2     1    26     1     9    23     0     1     0.0   22.711  120.310     10.0   1012.9    286.5    287.6      0.0    128.9     58.8     51.7     13.1
     3     1    26     1     9    23     0     1     0.0   22.711  120.310     10.0   1015.9    289.3    290.6      0.0    394.7     60.4     11.2      8.6
     4     1    26     1     9    23     0     1     0.0   22.711  120.310     10.0    983.3    289.5    288.0      0.0    132.3     58.0    288.6     12.5
     5     1    26     1     9    23     0     1     0.0   22.711  120.310     10.0    973.2    288.9    286.5      0.0     71.8     62.9    381.9     13.1
     6     1    26     1     9    23     0     1     0.0   22.711  120.310     10.0    995.2    289.6    289.2      0.0    245.3     62.3    194.3      9.2
     7     1    26     1     9    23     0     1     0.0   22.711  120.310     10.0   1017.4    288.5    289.9      0.0    411.5     58.4      4.7     12.3
     8     1    26     1     9    23     0     1     0.0   22.711  120.310     10.0   1017.4    288.0    289.4      0.0    422.1     58.5      5.6     13.1
     9     1    26     1     9    23     0     1     0.0   22.711  120.310     10.0   1017.4    289.4    290.8      0.0    528.0     61.9      0.0      8.6
    10     1    26     1     9    23     0     1     0.0   22.711  120.310     10.0   1014.4    287.7    288.9      0.0    191.1     57.3     34.8     12.3
    11     1    26     1     9    23     0     1     0.0   22.711  120.310     10.0   1012.9    286.5    287.6      0.0    128.9     58.8     51.7     13.1
    12     1    26     1     9    23     0     1     0.0   22.711  120.310     10.0   1015.9    289.3    290.6      0.0    394.7     60.4     11.2      8.6
    13     1    26     1     9    23     0     1     0.0   22.711  120.310     10.0    983.3    289.5    288.0      0.0    132.3     58.0    288.6     12.5
    14     1    26     1     9    23     0     1     0.0   22.711  120.310     10.0    973.2    288.9    286.5      0.0     71.8     62.9    381.9     13.1
    15     1    26     1     9    23     0     1     0.0   22.711  120.310     10.0    995.2    289.6    289.2      0.0    245.3     62.3    194.3      9.2
    16     1    26     1     9    23     0     1     0.0   22.711  120.310     10.0   1017.5    288.5    289.9      0.0    411.5     58.4      4.7     12.3
    17     1    26     1     9    23     0     1     0.0   22.711  120.310     10.0   1017.4    288.0    289.4      0.0    422.1     58.5      5.6     13.1
    18     1    26     1     9    23     0     1     0.0   22.711  120.310     10.0   1017.4    289.4    290.8      0.0    528.0     61.9      0.0      8.6
    19     1    26     1     9    23     0     1     0.0   22.711  120.310     10.0    985.0    289.0    287.7      0.0    191.1     61.7     34.8     12.3
    20     1    26     1     9    23     0     1     0.0   22.711  120.310     10.0    983.4    288.5    287.1      0.0    128.9     57.7     51.7     13.1
    21     1    26     1     9    23     0     1     0.0   22.711  120.310     10.0    986.5    289.4    288.3      0.0    394.7     68.1     11.2      8.6
    22     1    26     1     9    23     0     1     0.0   22.711  120.310     10.0    954.9    290.8    286.9      0.0    132.3     60.9    288.6     12.5
    23     1    26     1     9    23     0     1     0.0   22.711  120.310     10.0    945.1    291.1    286.4      0.0     71.8     60.1    381.9     13.1
    24     1    26     1     9    23     0     1     0.0   22.711  120.310     10.0    966.5    290.3    287.4      0.0    245.3     68.0    194.3      9.2
    25     1    26     1     9    23     0     1     0.0   22.711  120.310     10.0    987.9    288.7    287.7      0.0    411.5     64.2      4.7     12.3
    26     1    26     1     9    23     0     1     0.0   22.711  120.310     10.0    987.9    288.3    287.3      0.0    422.1     63.1      5.6     13.1
    27     1    26     1     9    23     0     1     0.0   22.711  120.310     10.0    987.9    289.2    288.2      0.0    528.0     69.5      0.0      8.6
     1     1    26     1     9    22     0     2    -1.0   22.771  120.328     20.9   1011.5    287.1    288.0      0.0    149.5     58.6     45.2      6.6
     2     1    26     1     9    22     0     2    -1.0   22.764  120.326     19.1   1009.5    286.2    287.0      0.0    114.2     60.6     64.8      6.6
     3     1    26     1     9    22     0     2    -1.0   22.745  120.348     23.3   1012.9    288.9    290.0      0.0    301.8     59.8     21.3      4.0
     4     1    26     1     9    22     0     2    -1.0   22.737  120.324     97.6    966.4    289.9    287.0      0.0     94.8     59.1    346.0      6.5
     5     1    26     1     9    22     0     2    -1.0   22.729  120.318     77.8    960.6    289.7    286.3      0.0     44.9     62.1    420.4      6.6
     6     1    26     1     9    22     0     2    -1.0   22.725  120.355    103.7    969.8    290.0    287.4      0.0    161.8     65.7    317.7      4.9
     7     1    26     1     9    22     0     2    -1.0   22.824  120.360     10.0   1017.1    287.7    289.1      0.0    353.0     58.5     10.3      6.6
     8     1    26     1     9    22     0     2    -1.0   22.835  120.367      9.9   1017.0    287.2    288.6      0.0    359.7     59.5     10.9      6.6
     9     1    26     1     9    22     0     2    -1.0   22.795  120.366      9.2   1017.0    288.9    290.3      0.0    462.9     60.2      1.9      4.4
    10     1    26     1     9    22     0     2    -1.0   22.770  120.328    260.0   1012.7    287.1    288.1      0.0    149.7     58.4     45.0      6.6
    11     1    26     1     9    22     0     2    -1.0   22.762  120.325    258.8   1010.7    286.2    287.0      0.0    114.2     60.8     64.1      6.6
    12     1    26     1     9    22     0     2    -1.0   22.745  120.348    263.9   1014.0    288.9    290.0      0.0    301.6     59.5     21.3      4.0
    13     1    26     1     9    22     0     2    -1.0   22.737  120.324    336.1    967.2    289.9    287.0      0.0     94.8     59.1    346.9      6.5
    14     1    26     1     9    22     0     2    -1.0   22.729  120.318    317.3    961.1    289.6    286.2      0.0     45.1     62.2    422.7      6.6
    15     1    26     1     9    22     0     2    -1.0   22.725  120.355    340.6    971.1    290.0    287.5      0.0    162.0     65.5    316.1      4.9
    16     1    26     1     9    22     0     2    -1.0   22.824  120.360    249.9   1017.1    287.7    289.1      0.0    353.0     58.5     10.3      6.6
    17     1    26     1     9    22     0     2    -1.0   22.835  120.367    249.9   1017.0    287.2    288.6      0.0    359.7     59.5     10.9      6.6
    18     1    26     1     9    22     0     2    -1.0   22.795  120.366    250.0   1017.0    288.9    290.3      0.0    462.9     60.2      1.9      4.4
    19     1    26     1     9    22     0     2    -1.0   22.750  120.339     15.1    982.5    289.0    287.5      0.0    150.0     61.1     46.1      6.6
    20     1    26     1     9    22     0     2    -1.0   22.788  120.334     21.3    978.7    288.9    287.1      0.0    114.0     57.3     74.6      6.6
    21     1    26     1     9    22     0     2    -1.0   22.727  120.353      0.0    986.7    289.2    288.1      0.0    319.0     66.8     20.8      4.2
    22     1    26     1     9    22     0     2    -1.0   22.730  120.315     36.2    948.9    291.1    286.7      0.0     97.4     61.0    313.9      6.5
    23     1    26     1     9    22     0     2    -1.0   22.731  120.308     26.5    942.9    291.4    286.4      0.0     44.3     60.3    380.8      6.6
    24     1    26     1     9    22     0     2    -1.0   22.716  120.355     71.2    946.2    291.0    286.4      0.0    172.2     69.8    310.3      4.9
    25     1    26     1     9    22     0     2    -1.0   22.814  120.360     33.9    984.7    288.6    287.3      0.0    353.7     63.0     10.3      6.6
    26     1    26     1     9    22     0     2    -1.0   22.858  120.364     10.8    987.3    288.2    287.1      0.0    369.4     61.8     10.7      6.6
    27     1    26     1     9    22     0     2    -1.0   22.784  120.365      0.0    989.5    288.9    288.0      0.0    469.6     66.8      1.5      4.3
     1     1    26     1     9    21     0     3    -2.0   22.846  120.356     42.5   1006.2    286.8    287.3      0.0    119.3     60.6     61.0      0.0
     2     1    26     1     9    21     0     3    -2.0   22.838  120.355     47.8   1001.3    286.6    286.6      0.0     98.4     61.5    100.6      0.0
     3     1    26     1     9    21     0     3    -2.0   22.795  120.386     50.6   1008.1    288.3    289.0      0.0    211.5     60.3     35.2      0.0
     4     1    26     1     9    21     0     3    -2.0   22.778  120.336    150.5    953.4    290.7    286.6      0.0     54.9     59.4    406.6      0.0
     5     1    26     1     9    21     0     3    -2.0   22.771  120.325    132.5    948.3    290.9    286.4      0.0     17.6     61.0    471.8      0.0
     6     1    26     1     9    21     0     3    -2.0   22.742  120.404    186.3    943.5    291.0    286.1      0.0     83.2     68.4    460.2      0.0
     7     1    26     1     9    21     0     3    -2.0   22.941  120.408     10.0   1016.4    286.9    288.2      0.0    282.7     59.4     14.8      0.0
     8     1    26     1     9    21     0     3    -2.0   22.959  120.422      9.7   1016.3    286.4    287.7      0.0    289.9     60.4     16.1      0.0
     9     1    26     1     9    21     0     3    -2.0   22.898  120.414      8.9   1016.4    288.0    289.3      0.0    363.6     59.3      9.1      0.0
    10     1    26     1     9    21     0     3    -2.0   22.842  120.355    281.4   1007.6    286.7    287.3      0.0    120.7     60.6     60.1      0.0
    11     1    26     1     9    21     0     3    -2.0   22.830  120.352    286.7   1002.9    286.4    286.6      0.0     99.2     61.8     96.9      0.0
    12     1    26     1     9    21     0     3    -2.0   22.795  120.386    291.7   1009.1    288.3    289.0      0.0    211.5     60.1     35.2      0.0
    13     1    26     1     9    21     0     3    -2.0   22.777  120.336    391.9    953.6    290.7    286.6      0.0     54.9     59.3    408.6      0.0
    14     1    26     1     9    21     0     3    -2.0   22.770  120.326    374.1    948.3    290.9    286.3      0.0     17.6     61.1    475.8      0.0
    15     1    26     1     9    21     0     3    -2.0   22.742  120.403    424.4    944.4    290.9    286.1      0.0     82.8     68.3    459.3      0.0
    16     1    26     1     9    21     0     3    -2.0   22.941  120.408    249.9   1016.4    286.9    288.2      0.0    282.7     59.4     14.8      0.0
    17     1    26     1     9    21     0     3    -2.0   22.959  120.422    249.8   1016.3    286.4    287.7      0.0    289.9     60.4     16.1      0.0
    18     1    26     1     9    21     0     3    -2.0   22.898  120.414    249.9   1016.4    288.0    289.3      0.0    363.6     59.3      9.1      0.0
    19     1    26     1     9    21     0     3    -2.0   22.817  120.375     21.7    978.9    289.1    287.4      0.0    116.6     60.8     64.1      0.0
    20     1    26     1     9    21     0     3    -2.0   22.892  120.375     52.8    968.0    289.8    287.1      0.0     90.5     57.6    133.1      0.0
    21     1    26     1     9    21     0     3    -2.0   22.765  120.395      6.6    984.2    289.0    287.7      0.0    214.9     65.8     33.9      0.0
    22     1    26     1     9    21     0     3    -2.0   22.771  120.317     32.4    946.5    291.3    286.6      0.0     60.4     60.8    337.4      0.0
    23     1    26     1     9    21     0     3    -2.0   22.776  120.313     62.4    934.0    292.0    286.3      0.0     17.6     59.9    423.0      0.0
    24     1    26     1     9    21     0     3    -2.0   22.736  120.397    133.7    924.9    292.0    285.5      0.0     91.9     70.0    435.0      0.0
    25     1    26     1     9    21     0     3    -2.0   22.942  120.416     42.7    982.9    288.7    287.2      0.0    271.3     59.8     15.5      0.0
    26     1    26     1     9    21     0     3    -2.0   23.038  120.438     22.1    985.1    288.2    287.0      0.0    282.5     59.5     14.9      0.0
    27     1    26     1     9    21     0     3    -2.0   22.881  120.413      0.0    989.7    288.6    287.8      0.0    374.9     63.9      8.0      0.0
     1     1    26     1     9    20     0     2    -3.0   22.930  120.386     74.9    999.5    287.2    287.1      0.0     94.7     60.6     83.4      0.0
     2     1    26     1     9    20     0     2    -3.0   22.930  120.397    104.5    987.4    287.8    286.7      0.0     84.4     60.4    166.4      0.0
     3     1    26     1     9    20     0     2    -3.0   22.855  120.417     82.3   1003.0    288.3    288.6      0.0    172.5     59.9     49.3      0.0
     4     1    26     1     9    20     0     2    -3.0   22.824  120.341    178.9    945.9    291.2    286.4      0.0     46.3     60.0    447.3      0.0
     5     1    26     1     9    20     0     2    -3.0   22.820  120.332    181.0    937.7    291.5    286.1      0.0     17.7     60.1    525.9      0.0
     6     1    26     1     9    20     0     2    -3.0   22.762  120.439    243.9    924.5    291.9    285.3      0.0     58.4     69.9    574.0      0.0
     7     1    26     1     9    20     0     2    -3.0   23.050  120.449     10.0   1016.2    286.3    287.6      0.0    239.8     59.1     18.7      0.0
     8     1    26     1     9    20     0     2    -3.0   23.068  120.474      9.7   1016.5    286.0    287.3      0.0    247.8     59.3     15.2      0.0
     9     1    26     1     9    20     0     2    -3.0   23.009  120.451      8.9   1016.6    287.2    288.5      0.0    260.8     57.9     18.8      0.0
    10     1    26     1     9    20     0     2    -3.0   22.923  120.384    313.7   1000.9    287.0    287.1      0.0     96.8     60.7     81.7      0.0
    11     1    26     1     9    20     0     2    -3.0   22.920  120.393    341.5    989.6    287.6    286.7      0.0     86.2     60.7    158.9      0.0
    12     1    26     1     9    20     0     2    -3.0   22.856  120.417    325.2   1003.8    288.3    288.6      0.0    172.5     59.8     49.3      0.0
    13     1    26     1     9    20     0     2    -3.0   22.823  120.342    421.6    945.9    291.1    286.4      0.0     46.3     59.9    450.1      0.0
    14     1    26     1     9    20     0     2    -3.0   22.819  120.333    423.3    937.5    291.5    286.1      0.0     17.7     60.1    529.7      0.0
    15     1    26     1     9    20     0     2    -3.0   22.762  120.439    482.7    925.1    291.9    285.4      0.0     58.4     69.8    573.8      0.0
    16     1    26     1     9    20     0     2    -3.0   23.050  120.449    249.8   1016.2    286.3    287.6      0.0    239.8     59.1     18.7      0.0
    17     1    26     1     9    20     0     2    -3.0   23.068  120.474    249.8   1016.5    286.0    287.3      0.0    247.8     59.3     15.2      0.0
    18     1    26     1     9    20     0     2    -3.0   23.009  120.451    249.8   1016.6    287.2    288.5      0.0    260.8     57.9     18.8      0.0
    19     1    26     1     9    20     0     2    -3.0   22.894  120.407     34.0    974.6    289.4    287.3      0.0     91.2     60.2     86.9      0.0
    20     1    26     1     9    20     0     2    -3.0   22.987  120.416    116.6    953.0    290.6    286.6      0.0     74.8     58.1    208.6      0.0
    21     1    26     1     9    20     0     2    -3.0   22.813  120.428     24.0    981.0    289.3    287.7      0.0    178.5     65.0     46.9      0.0
    22     1    26     1     9    20     0     2    -3.0   22.818  120.318     27.5    945.1    291.3    286.5      0.0     51.6     61.0    357.4      0.0
    23     1    26     1     9    20     0     2    -3.0   22.824  120.317    105.9    925.1    292.4    285.8      0.0     17.7     60.2    466.9      0.0
    24     1    26     1     9    20     0     2    -3.0   22.764  120.419    173.9    911.6    292.8    285.1      0.0     65.2     69.9    518.6      0.0
    25     1    26     1     9    20     0     2    -3.0   23.086  120.473     50.2    981.8    288.6    287.1      0.0    208.8     57.0     20.9      0.0
    26     1    26     1     9    20     0     2    -3.0   23.225  120.518     64.4    978.9    288.0    286.3      0.0    231.8     59.5     16.1      0.0
    27     1    26     1     9    20     0     2    -3.0   22.988  120.456      0.0    988.4    288.5    287.5      0.0    262.3     60.7     18.4      0.0
     1     1    26     1     9    19     0     1    -4.0   23.014  120.410    110.3    991.8    287.7    287.0      0.0     72.4     60.2    111.1      0.0
     2     1    26     1     9    19     0     1    -4.0   23.013  120.432    169.4    973.3    288.7    286.5      0.0     69.2     60.6    228.0      0.0
     3     1    26     1     9    19     0     1    -4.0   22.921  120.434    100.5    999.4    288.3    288.3      0.0    143.2     59.3     61.0      0.0
     4     1    26     1     9    19     0     1    -4.0   22.865  120.338    194.7    943.6    291.2    286.3      0.0     40.0     60.3    454.1      0.0
     5     1    26     1     9    19     0     1    -4.0   22.859  120.332    210.7    932.5    291.7    285.8      0.0     17.7     60.5    547.4      0.0
     6     1    26     1     9    19     0     1    -4.0   22.784  120.454    286.4    913.6    292.4    284.9      0.0     45.4     70.8    633.6      0.0
     7     1    26     1     9    19     0     1    -4.0   23.147  120.483     10.0   1016.6    286.0    287.4      0.0    214.6     58.4     21.8      0.0
     8     1    26     1     9    19     0     1    -4.0   23.159  120.522     14.3   1014.3    286.0    287.1      0.0    222.2     58.5     27.8      0.0
     9     1    26     1     9    19     0     1    -4.0   23.114  120.475      8.9   1016.6    286.7    288.1      0.0    224.5     57.7     21.0      0.0
    10     1    26     1     9    19     0     1    -4.0   23.008  120.408    351.3    993.1    287.6    287.0      0.0     73.1     60.3    107.4      0.0
    11     1    26     1     9    19     0     1    -4.0   23.002  120.429    405.1    974.7    288.6    286.5      0.0     69.7     60.7    228.5      0.0
    12     1    26     1     9    19     0     1    -4.0   22.921  120.434    344.8   1000.0    288.3    288.3      0.0    143.1     59.2     61.1      0.0
    13     1    26     1     9    19     0     1    -4.0   22.865  120.339    437.8    943.5    291.2    286.3      0.0     40.0     60.3    457.6      0.0
    14     1    26     1     9    19     0     1    -4.0   22.858  120.333    452.5    932.5    291.7    285.8      0.0     17.7     60.5    551.0      0.0
    15     1    26     1     9    19     0     1    -4.0   22.784  120.454    525.2    914.1    292.4    284.9      0.0     45.3     70.8    634.4      0.0
    16     1    26     1     9    19     0     1    -4.0   23.147  120.483    249.8   1016.6    286.0    287.4      0.0    214.6     58.4     21.8      0.0
    17     1    26     1     9    19     0     1    -4.0   23.159  120.522    254.3   1014.8    286.0    287.2      0.0    222.2     58.5     27.8      0.0
    18     1    26     1     9    19     0     1    -4.0   23.114  120.475    249.8   1016.6    286.7    288.1      0.0    224.5     57.7     21.0      0.0
    19     1    26     1     9    19     0     1    -4.0   22.956  120.428     50.5    970.1    289.6    287.1      0.0     70.6     60.2    106.3      0.0
    20     1    26     1     9    19     0     1    -4.0   23.049  120.440    176.9    944.8    290.7    286.0      0.0     68.9     59.0    222.3      0.0
    21     1    26     1     9    19     0     1    -4.0   22.859  120.443     31.5    979.1    289.4    287.7      0.0    159.4     63.9     55.8      0.0
    22     1    26     1     9    19     0     1    -4.0   22.856  120.314     26.7    945.1    291.2    286.4      0.0     45.1     61.2    359.1      0.0
    23     1    26     1     9    19     0     1    -4.0   22.855  120.313    133.2    922.3    292.3    285.5      0.0     17.7     61.3    468.3      0.0
    24     1    26     1     9    19     0     1    -4.0   22.793  120.419    190.9    907.8    293.0    284.9      0.0     58.8     70.6    541.1      0.0
    25     1    26     1     9    19     0     1    -4.0   23.223  120.520     80.6    976.4    288.5    286.6      0.0    181.7     56.7     44.7      0.0
    26     1    26     1     9    19     0     1    -4.0   23.386  120.586    113.4    971.3    288.3    285.9      0.0    240.3     61.6     38.9      0.0
    27     1    26     1     9    19     0     1    -4.0   23.092  120.487      1.5    988.0    288.3    287.3      0.0    207.9     58.3     22.2      0.0
     1     1    26     1     9    18     0     0    -5.0   23.090  120.428    137.6    984.0    288.2    286.8      0.0     67.4     60.2    155.2      0.0
     2     1    26     1     9    18     0     0    -5.0   23.070  120.453    230.9    966.5    288.9    286.1      0.0     64.9     61.0    226.4      0.0
     3     1    26     1     9    18     0     0    -5.0   22.987  120.442    105.0    997.5    288.3    288.1      0.0    116.6     58.6     71.1      0.0
     4     1    26     1     9    18     0     0    -5.0   22.902  120.329    196.4    945.9    291.0    286.3      0.0     35.0     60.3    432.8      0.0
     5     1    26     1     9    18     0     0    -5.0   22.886  120.324    221.4    933.2    291.4    285.6      0.0     17.8     61.6    532.6      0.0
     6     1    26     1     9    18     0     0    -5.0   22.808  120.450    319.8    909.5    292.6    284.7      0.0     40.3     71.8    643.3      0.0
     7     1    26     1     9    18     0     0    -5.0   23.233  120.512     13.4   1015.5    285.9    287.2      0.0    198.3     57.9     37.1      0.0
     8     1    26     1     9    18     0     0    -5.0   23.239  120.572     30.3   1009.3    286.3    287.0      0.0    206.8     58.1     55.3      0.0
     9     1    26     1     9    18     0     0    -5.0   23.211  120.492      8.9   1016.1    286.3    287.6      0.0    195.4     57.8     22.7      0.0
    10     1    26     1     9    18     0     0    -5.0   23.084  120.426    380.4    985.1    288.1    286.8      0.0     68.4     60.2    151.4      0.0
    11     1    26     1     9    18     0     0    -5.0   23.061  120.450    466.0    967.8    288.8    286.1      0.0     65.7     61.1    227.4      0.0
    12     1    26     1     9    18     0     0    -5.0   22.988  120.443    350.7    997.9    288.2    288.1      0.0    116.3     58.6     71.2      0.0
    13     1    26     1     9    18     0     0    -5.0   22.901  120.330    439.9    945.7    291.0    286.3      0.0     35.0     60.3    437.0      0.0
    14     1    26     1     9    18     0     0    -5.0   22.885  120.325    463.0    933.2    291.4    285.6      0.0     17.8     61.5    536.0      0.0
    15     1    26     1     9    18     0     0    -5.0   22.809  120.451    559.0    909.8    292.6    284.7      0.0     40.0     71.7    645.2      0.0
    16     1    26     1     9    18     0     0    -5.0   23.233  120.512    253.0   1015.9    285.9    287.2      0.0    198.3     57.9     37.1      0.0
    17     1    26     1     9    18     0     0    -5.0   23.234  120.570    270.9   1010.4    286.2    287.1      0.0    207.2     58.2     55.0      0.0
    18     1    26     1     9    18     0     0    -5.0   23.211  120.492    249.8   1016.1    286.3    287.6      0.0    195.4     57.8     22.7      0.0
    19     1    26     1     9    18     0     0    -5.0   22.999  120.438     69.4    966.2    289.7    286.8      0.0     57.6     60.5    119.5      0.0
    20     1    26     1     9    18     0     0    -5.0   23.083  120.449    211.7    941.6    290.5    285.6      0.0     69.9     60.0    217.1      0.0
    21     1    26     1     9    18     0     0    -5.0   22.901  120.443     29.8    978.7    289.5    287.7      0.0    150.8     62.5     60.9      0.0
    22     1    26     1     9    18     0     0    -5.0   22.883  120.307     21.9    947.7    291.0    286.5      0.0     40.9     61.2    341.1      0.0
    23     1    26     1     9    18     0     0    -5.0   22.868  120.301    140.6    925.7    291.8    285.3      0.0     17.8     63.0    429.1      0.0
    24     1    26     1     9    18     0     0    -5.0   22.819  120.404    186.4    911.6    292.7    284.9      0.0     60.4     71.9    514.8      0.0
    25     1    26     1     9    18     0     0    -5.0   23.339  120.554    127.1    968.1    288.7    286.0      0.0    188.9     58.9     69.0      0.0
    26     1    26     1     9    18     0     0    -5.0   23.523  120.640    148.7    968.7    288.5    285.9      0.0    236.6     60.6     29.3      0.0
    27     1    26     1     9    18     0     0    -5.0   23.201  120.508      2.4    986.9    288.1    287.0      0.0    179.4     57.3     27.0      0.0
     1     1    26     1     9    17     0     1    -6.0   23.152  120.447    170.0    976.0    288.7    286.7      0.0     63.2     60.1    201.1      0.0
     2     1    26     1     9    17     0     1    -6.0   23.115  120.474    290.9    959.9    289.4    286.0      0.0     67.4     59.6    227.1      0.0
     3     1    26     1     9    17     0     1    -6.0   23.049  120.447    109.4    995.4    288.3    287.9      0.0    110.9     58.0     83.8      0.0
     4     1    26     1     9    17     0     1    -6.0   22.933  120.319    190.8    949.8    290.7    286.4      0.0     32.7     59.9    406.1      0.0
     5     1    26     1     9    17     0     1    -6.0   22.904  120.320    236.7    932.8    291.4    285.6      0.0     18.1     61.1    526.4      0.0
     6     1    26     1     9    17     0     1    -6.0   22.831  120.436    340.1    910.2    292.5    284.6      0.0     63.1     72.1    618.5      0.0
     7     1    26     1     9    17     0     1    -6.0   23.320  120.548     26.3   1009.9    286.4    287.2      0.0    223.1     58.4     66.1      0.0
     8     1    26     1     9    17     0     1    -6.0   23.327  120.627     53.9   1004.6    286.7    287.0      0.0    214.4     58.5     73.3      0.0
     9     1    26     1     9    17     0     1    -6.0   23.303  120.510     10.4   1015.8    286.3    287.6      0.0    202.7     57.5     30.2      0.0
    10     1    26     1     9    17     0     1    -6.0   23.148  120.446    412.5    977.1    288.6    286.7      0.0     64.2     60.1    197.6      0.0
    11     1    26     1     9    17     0     1    -6.0   23.108  120.471    528.1    961.0    289.3    286.0      0.0     68.3     59.7    228.0      0.0
    12     1    26     1     9    17     0     1    -6.0   23.050  120.447    355.2    995.7    288.3    287.9      0.0    110.5     58.0     84.1      0.0
    13     1    26     1     9    17     0     1    -6.0   22.932  120.320    434.6    949.5    290.7    286.3      0.0     32.6     60.0    411.1      0.0
    14     1    26     1     9    17     0     1    -6.0   22.904  120.321    477.9    932.9    291.4    285.6      0.0     18.1     61.1    529.8      0.0
    15     1    26     1     9    17     0     1    -6.0   22.832  120.437    580.5    910.2    292.5    284.6      0.0     62.5     72.1    621.8      0.0
    16     1    26     1     9    17     0     1    -6.0   23.315  120.545    265.6   1011.3    286.4    287.3      0.0    223.9     58.3     64.8      0.0
    17     1    26     1     9    17     0     1    -6.0   23.317  120.624    295.9   1005.3    286.6    287.1      0.0    214.0     58.5     74.0      0.0
    18     1    26     1     9    17     0     1    -6.0   23.303  120.510    251.3   1015.8    286.3    287.6      0.0    202.7     57.5     30.2      0.0
    19     1    26     1     9    17     0     1    -6.0   23.029  120.448     93.1    962.2    289.8    286.6      0.0     57.3     60.3    139.5      0.0
    20     1    26     1     9    17     0     1    -6.0   23.108  120.457    236.3    939.5    290.8    285.7      0.0     81.6     58.7    214.3      0.0
    21     1    26     1     9    17     0     1    -6.0   22.939  120.437     23.6    979.1    289.5    287.7      0.0    166.9     60.7     64.0      0.0
    22     1    26     1     9    17     0     1    -6.0   22.903  120.299     16.5    951.2    290.7    286.5      0.0     41.4     60.3    316.7      0.0
    23     1    26     1     9    17     0     1    -6.0   22.871  120.293    149.0    928.5    291.7    285.5      0.0     18.1     61.9    399.3      0.0
    24     1    26     1     9    17     0     1    -6.0   22.837  120.381    166.7    919.8    292.2    285.2      0.0     93.8     72.0    459.2      0.0
    25     1    26     1     9    17     0     1    -6.0   23.445  120.590    173.7    961.1    289.1    285.8      0.0    210.3     58.8     79.0      0.0
    26     1    26     1     9    17     0     1    -6.0   23.660  120.694    168.7    966.5    288.7    285.9      0.0    275.0     58.9     27.1      0.0
    27     1    26     1     9    17     0     1    -6.0   23.321  120.533     14.2    983.7    288.1    286.7      0.0    188.5     57.8     46.4      0.0
     1     1    26     1     9    16     0     2    -7.0   23.198  120.474    229.0    964.3    289.5    286.5      0.0     45.5     59.3    251.8      0.0
     2     1    26     1     9    16     0     2    -7.0   23.149  120.503    347.3    951.5    290.1    286.0      0.0     62.4     57.9    248.8      0.0
     3     1    26     1     9    16     0     2    -7.0   23.104  120.449    118.6    993.2    288.3    287.8      0.0    105.8     57.7     95.5      0.0
     4     1    26     1     9    16     0     2    -7.0   22.957  120.311    186.6    953.1    290.4    286.4      0.0     29.6     59.6    384.3      0.0
     5     1    26     1     9    16     0     2    -7.0   22.915  120.327    276.5    925.6    291.9    285.4      0.0     18.4     60.8    558.8      0.0
     6     1    26     1     9    16     0     2    -7.0   22.847  120.419    348.1    913.4    292.2    284.7      0.0     88.4     72.2    581.9      0.0
     7     1    26     1     9    16     0     2    -7.0   23.420  120.597     54.4   1002.9    286.9    287.2      0.0    225.1     58.4     92.0      0.0
     8     1    26     1     9    16     0     2    -7.0   23.430  120.685     73.3   1003.0    286.8    287.0      0.0    224.6     57.7     67.5      0.0
     9     1    26     1     9    16     0     2    -7.0   23.394  120.534     18.6   1012.8    286.6    287.6      0.0    230.8     57.5     53.2      0.0
    10     1    26     1     9    16     0     2    -7.0   23.195  120.473    469.6    965.5    289.4    286.5      0.0     46.8     59.3    248.7      0.0
    11     1    26     1     9    16     0     2    -7.0   23.144  120.501    587.5    952.8    290.0    286.1      0.0     61.0     57.9    244.4      0.0
    12     1    26     1     9    16     0     2    -7.0   23.105  120.449    364.7    993.5    288.3    287.8      0.0    105.2     57.7     95.9      0.0
    13     1    26     1     9    16     0     2    -7.0   22.956  120.312    430.6    952.7    290.5    286.4      0.0     29.5     59.7    389.8      0.0
    14     1    26     1     9    16     0     2    -7.0   22.915  120.328    517.0    925.7    291.9    285.4      0.0     18.4     60.8    561.9      0.0
    15     1    26     1     9    16     0     2    -7.0   22.848  120.421    589.9    913.2    292.2    284.7      0.0     87.3     72.2    586.4      0.0
    16     1    26     1     9    16     0     2    -7.0   23.409  120.593    293.2   1004.4    286.9    287.2      0.0    227.6     58.4     90.7      0.0
    17     1    26     1     9    16     0     2    -7.0   23.417  120.681    317.4   1003.2    286.8    287.0      0.0    223.9     57.7     70.7      0.0
    18     1    26     1     9    16     0     2    -7.0   23.392  120.533    259.3   1013.9    286.6    287.7      0.0    230.9     57.5     52.4      0.0
    19     1    26     1     9    16     0     2    -7.0   23.049  120.464    119.4    957.6    290.1    286.5      0.0     49.7     59.7    159.9      0.0
    20     1    26     1     9    16     0     2    -7.0   23.128  120.476    262.1    936.0    291.3    285.8      0.0     81.5     57.1    223.4      0.0
    21     1    26     1     9    16     0     2    -7.0   22.974  120.431     21.3    979.0    289.4    287.7      0.0    171.0     58.7     66.7      0.0
    22     1    26     1     9    16     0     2    -7.0   22.916  120.293     15.5    953.8    290.5    286.6      0.0     42.3     59.4    297.3      0.0
    23     1    26     1     9    16     0     2    -7.0   22.868  120.295    168.1    926.3    291.9    285.5      0.0     18.4     60.8    405.7      0.0
    24     1    26     1     9    16     0     2    -7.0   22.843  120.359    141.5    929.6    291.7    285.6      0.0    133.0     71.4    395.7      0.0
    25     1    26     1     9    16     0     2    -7.0   23.547  120.635    213.7    955.6    289.5    285.7      0.0    224.8     57.8     86.0      0.0
    26     1    26     1     9    16     0     2    -7.0   23.816  120.765    179.1    964.2    288.5    285.5      0.0    337.4     59.1     39.7      0.0
    27     1    26     1     9    16     0     2    -7.0   23.444  120.576     44.8    974.9    288.5    286.4      0.0    199.7     58.8    100.1      0.0
     1     1    26     1     9    15     0     3    -8.0   23.218  120.514    312.2    945.3    290.9    286.2      0.0     18.6     58.8    346.0      0.0
     2     1    26     1     9    15     0     3    -8.0   23.172  120.533    393.0    933.5    291.4    285.6      0.0     76.0     56.7    371.6      0.0
     3     1    26     1     9    15     0     3    -8.0   23.151  120.449    128.6    991.5    288.3    287.6      0.0     99.4     57.6    105.3      0.0
     4     1    26     1     9    15     0     3    -8.0   22.972  120.305    185.6    955.7    290.2    286.4      0.0     26.9     59.4    366.6      0.0
     5     1    26     1     9    15     0     3    -8.0   22.915  120.341    330.6    914.1    292.6    285.1      0.0     18.6     60.7    614.8      0.0
     6     1    26     1     9    15     0     3    -8.0   22.853  120.404    348.3    918.2    292.0    284.8      0.0    117.8     72.3    538.9      0.0
     7     1    26     1     9    15     0     3    -8.0   23.534  120.656     89.5    997.2    287.2    287.0      0.0    225.8     57.7    103.4      0.0
     8     1    26     1     9    15     0     3    -8.0   23.547  120.742     80.2   1004.5    286.6    287.0      0.0    250.2     56.2     47.7      0.0
     9     1    26     1     9    15     0     3    -8.0   23.494  120.572     43.7   1004.2    287.1    287.5      0.0    245.3     57.9    105.1      0.0
    10     1    26     1     9    15     0     3    -8.0   23.216  120.513    554.0    946.5    290.8    286.2      0.0     18.6     58.8    340.2      0.0
    11     1    26     1     9    15     0     3    -8.0   23.167  120.533    634.3    934.2    291.4    285.7      0.0     74.4     56.8    370.3      0.0
    12     1    26     1     9    15     0     3    -8.0   23.152  120.450    374.4    991.8    288.3    287.6      0.0     98.8     57.6    105.7      0.0
    13     1    26     1     9    15     0     3    -8.0   22.973  120.306    429.9    955.3    290.2    286.4      0.0     26.8     59.4    372.4      0.0
    14     1    26     1     9    15     0     3    -8.0   22.915  120.342    571.5    914.1    292.6    285.1      0.0     18.6     60.7    618.3      0.0
    15     1    26     1     9    15     0     3    -8.0   22.854  120.405    591.2    917.7    292.0    284.8      0.0    116.1     72.3    544.4      0.0
    16     1    26     1     9    15     0     3    -8.0   23.518  120.650    329.1    998.2    287.2    287.1      0.0    225.3     57.8    104.2      0.0
    17     1    26     1     9    15     0     3    -8.0   23.533  120.737    325.6   1004.8    286.7    287.0      0.0    245.9     56.1     48.6      0.0
    18     1    26     1     9    15     0     3    -8.0   23.485  120.568    281.9   1006.3    287.0    287.5      0.0    248.0     57.8     98.6      0.0
    19     1    26     1     9    15     0     3    -8.0   23.054  120.486    140.3    953.8    290.4    286.5      0.0     32.1     58.6    177.1      0.0
    20     1    26     1     9    15     0     3    -8.0   23.137  120.504    293.0    929.2    292.0    286.0      0.0     70.4     55.4    257.9      0.0
    21     1    26     1     9    15     0     3    -8.0   23.011  120.426     31.3    977.5    289.4    287.5      0.0    167.3     56.9     70.6      0.0
    22     1    26     1     9    15     0     3    -8.0   22.921  120.289     18.7    955.4    290.4    286.5      0.0     44.4     58.6    283.2      0.0
    23     1    26     1     9    15     0     3    -8.0   22.858  120.303    195.2    921.0    292.3    285.4      0.0     18.6     59.8    432.2      0.0
    24     1    26     1     9    15     0     3    -8.0   22.838  120.336    109.5    940.9    291.2    286.1      0.0    184.1     70.2    325.0      0.0
    25     1    26     1     9    15     0     3    -8.0   23.643  120.686    238.1    953.4    289.8    285.8      0.0    240.2     56.6     81.8      0.0
    26     1    26     1     9    15     0     3    -8.0   23.976  120.862    212.5    948.4    289.1    284.7      0.0    359.9     60.9    151.3      0.0
    27     1    26     1     9    15     0     3    -8.0   23.551  120.634     86.3    963.4    289.3    286.2      0.0    180.7     58.7    161.4      0.0
     1     1    26     1     9    14     0     2    -9.0   23.223  120.549    374.9    923.9    292.1    285.5      0.0     21.1     59.2    483.0     17.2
     2     1    26     1     9    14     0     2    -9.0   23.195  120.559    422.3    919.4    292.0    285.0      0.0    129.2     57.5    477.8     35.8
     3     1    26     1     9    14     0     2    -9.0   23.199  120.452    137.9    989.4    288.6    287.8      0.0     92.5     57.0    116.4     31.8
     4     1    26     1     9    14     0     2    -9.0   22.989  120.300    186.5    957.2    290.4    286.7      0.0     24.9     58.8    353.8     26.8
     5     1    26     1     9    14     0     2    -9.0   22.913  120.352    377.3    904.9    293.2    284.8      0.0     21.1     60.4    654.5     18.8
     6     1    26     1     9    14     0     2    -9.0   22.854  120.393    345.7    922.4    291.9    285.1      0.0    145.5     71.6    505.1     54.4
     7     1    26     1     9    14     0     2    -9.0   23.668  120.711    107.4    997.7    287.4    287.2      0.0    289.7     56.2     82.3     48.9
     8     1    26     1     9    14     0     2    -9.0   23.685  120.799     82.8    998.7    287.0    286.9      0.0    306.4     57.3     96.3     38.0
     9     1    26     1     9    14     0     2    -9.0   23.616  120.622     79.9    996.5    287.8    287.5      0.0    260.9     57.4    129.4     30.9
    10     1    26     1     9    14     0     2    -9.0   23.222  120.548    616.7    924.7    292.1    285.5      0.0     21.1     59.2    479.0     17.2
    11     1    26     1     9    14     0     2    -9.0   23.189  120.558    664.4    919.7    292.0    285.0      0.0    126.4     57.5    478.1     35.3
    12     1    26     1     9    14     0     2    -9.0   23.200  120.452    383.4    989.7    288.6    287.8      0.0     92.0     57.0    116.6     31.7
    13     1    26     1     9    14     0     2    -9.0   22.989  120.302    431.0    956.7    290.4    286.6      0.0     24.8     58.8    359.7     26.7
    14     1    26     1     9    14     0     2    -9.0   22.913  120.352    618.3    904.8    293.2    284.8      0.0     21.1     60.5    658.1     18.8
    15     1    26     1     9    14     0     2    -9.0   22.855  120.394    589.9    921.8    291.9    285.1      0.0    143.2     71.6    511.5     54.5
    16     1    26     1     9    14     0     2    -9.0   23.650  120.705    348.5    998.2    287.4    287.3      0.0    290.0     56.2     87.4     49.0
    17     1    26     1     9    14     0     2    -9.0   23.668  120.793    327.9    999.4    287.0    287.0      0.0    306.7     57.0     94.3     38.8
    18     1    26     1     9    14     0     2    -9.0   23.603  120.615    316.6    998.3    287.7    287.5      0.0    264.2     57.3    126.4     29.1
    19     1    26     1     9    14     0     2    -9.0   23.055  120.508    154.4    947.8    290.8    286.4      0.0     21.1     58.4    218.9     24.3
    20     1    26     1     9    14     0     2    -9.0   23.140  120.532    329.8    912.9    292.7    285.1      0.0    109.5     56.5    380.4     32.0
    21     1    26     1     9    14     0     2    -9.0   23.050  120.429     45.2    975.2    289.7    287.6      0.0    165.5     56.3     78.5     51.9
    22     1    26     1     9    14     0     2    -9.0   22.927  120.287     23.6    955.3    290.6    286.8      0.0     47.5     58.1    280.1     35.5
    23     1    26     1     9    14     0     2    -9.0   22.849  120.311    221.1    915.4    292.6    285.2      0.0     21.1     59.6    459.3     21.5
    24     1    26     1     9    14     0     2    -9.0   22.827  120.318     70.3    952.3    291.0    286.9      0.0    236.0     68.0    265.8     51.4
    25     1    26     1     9    14     0     2    -9.0   23.736  120.735    254.7    954.0    289.6    285.7      0.0    287.6     56.3     58.6     48.5
    26     1    26     1     9    14     0     2    -9.0   24.103  120.966    282.8    934.4    289.6    284.0      0.0    318.1     60.5    213.8     49.9
    27     1    26     1     9    14     0     2    -9.0   23.641  120.691    123.7    956.3    289.7    286.0      0.0    190.9     58.2    185.7     34.3
     1     1    26     1     9    13     0     1   -10.0   23.235  120.574    417.9    908.3    293.0    284.9      0.0     23.5     59.2    587.7     33.4
     2     1    26     1     9    13     0     1   -10.0   23.228  120.580    435.7    908.7    292.4    284.3      0.0    188.8     58.7    568.7     73.6
     3     1    26     1     9    13     0     1   -10.0   23.255  120.458    144.1    987.0    289.0    287.9      0.0     78.9     56.3    132.7     49.8
     4     1    26     1     9    13     0     1   -10.0   23.016  120.297    187.5    957.4    290.6    286.9      0.0     23.5     58.1    352.8     49.6
     5     1    26     1     9    13     0     1   -10.0   22.918  120.358    411.7    898.4    293.6    284.6      0.0     23.5     60.2    681.8     37.1
     6     1    26     1     9    13     0     1   -10.0   22.855  120.389    348.3    923.5    291.9    285.2      0.0    167.0     71.3    494.9    108.7
     7     1    26     1     9    13     0     1   -10.0   23.833  120.761    101.8   1000.2    287.5    287.5      0.0    361.0     55.6     63.9     86.8
     8     1    26     1     9    13     0     1   -10.0   23.852  120.867    101.0    991.0    287.3    286.6      0.0    333.7     58.6    149.9     78.8
     9     1    26     1     9    13     0     1   -10.0   23.765  120.666     85.5    997.3    287.9    287.7      0.0    358.1     56.2    116.6     98.3
    10     1    26     1     9    13     0     1   -10.0   23.235  120.574    658.7    908.9    293.0    285.0      0.0     23.5     59.2    585.4     33.4
    11     1    26     1     9    13     0     1   -10.0   23.223  120.580    678.1    908.8    292.4    284.3      0.0    184.9     58.8    569.1     72.7
    12     1    26     1     9    13     0     1   -10.0   23.256  120.458    390.0    987.3    288.9    287.9      0.0     79.0     56.3    133.1     49.8
    13     1    26     1     9    13     0     1   -10.0   23.016  120.298    431.9    957.0    290.6    286.9      0.0     23.5     58.2    358.5     49.5
    14     1    26     1     9    13     0     1   -10.0   22.919  120.359    652.6    898.3    293.6    284.6      0.0     23.5     60.2    685.2     37.1
    15     1    26     1     9    13     0     1   -10.0   22.856  120.391    593.5    922.8    291.9    285.2      0.0    164.2     71.3    501.5    108.9
    16     1    26     1     9    13     0     1   -10.0   23.814  120.753    343.1   1002.5    287.4    287.6      0.0    364.0     55.0     53.0     89.4
    17     1    26     1     9    13     0     1   -10.0   23.834  120.859    342.4    992.9    287.3    286.7      0.0    333.5     58.3    139.9     77.4
    18     1    26     1     9    13     0     1   -10.0   23.751  120.658    325.1    998.5    287.9    287.8      0.0    360.9     56.1    115.8     98.4
    19     1    26     1     9    13     0     1   -10.0   23.068  120.527    169.3    937.5    291.5    286.1      0.0     23.5     58.4    302.5     46.7
    20     1    26     1     9    13     0     1   -10.0   23.146  120.558    373.7    897.2    293.3    284.3      0.0    142.8     57.5    489.5     61.7
    21     1    26     1     9    13     0     1   -10.0   23.092  120.442     50.8    973.3    290.0    287.7      0.0    154.4     55.8     90.6     92.3
    22     1    26     1     9    13     0     1   -10.0   22.945  120.289     27.9    953.7    290.9    286.9      0.0     45.4     57.7    292.2     66.1
    23     1    26     1     9    13     0     1   -10.0   22.852  120.319    242.2    909.8    293.0    285.1      0.0     23.5     59.5    492.0     42.4
    24     1    26     1     9    13     0     1   -10.0   22.819  120.311     34.5    959.3    290.9    287.4      0.0    278.9     66.4    244.4    101.6
    25     1    26     1     9    13     0     1   -10.0   23.836  120.786    276.1    946.3    289.9    285.3      0.0    328.5     57.3    107.6     85.0
    26     1    26     1     9    13     0     1   -10.0   24.193  121.056    340.1    909.3    290.5    282.6      0.0    315.6     61.1    395.8    108.2
    27     1    26     1     9    13     0     1   -10.0   23.735  120.740    125.6    957.1    289.5    285.9      0.0    282.8     57.8    183.4     92.9
     1     1    26     1     9    12     0     0   -11.0   23.252  120.595    453.6    895.1    293.7    284.4      0.0     28.0     59.1    677.5     49.2
     2     1    26     1     9    12     0     0   -11.0   23.271  120.601    448.4    901.0    292.5    283.7      0.0    237.3     60.4    629.5    110.7
     3     1    26     1     9    12     0     0   -11.0   23.325  120.464    146.5    982.7    289.4    288.0      0.0     85.8     55.2    173.8     67.4
     4     1    26     1     9    12     0     0   -11.0   23.056  120.295    187.1    956.3    290.8    287.0      0.0     26.0     57.4    367.6     70.1
     5     1    26     1     9    12     0     0   -11.0   22.931  120.364    440.8    892.1    293.9    284.3      0.0     26.0     60.1    713.7     54.4
     6     1    26     1     9    12     0     0   -11.0   22.858  120.393    359.0    921.0    292.0    285.2      0.0    179.3     71.3    509.1    163.7
     7     1    26     1     9    12     0     0   -11.0   24.035  120.821    100.3    997.0    287.4    287.1      0.0    388.6     57.8     97.4    110.2
     8     1    26     1     9    12     0     0   -11.0   24.044  120.962    176.8    972.5    287.4    285.2      0.0    372.7     61.7    243.6    141.4
     9     1    26     1     9    12     0     0   -11.0   23.946  120.704     60.4   1005.5    288.0    288.5      0.0    432.8     53.8     67.6    147.2
    10     1    26     1     9    12     0     0   -11.0   23.252  120.595    693.6    895.6    293.6    284.4      0.0     27.9     59.1    676.6     49.1
    11     1    26     1     9    12     0     0   -11.0   23.265  120.601    690.0    900.4    292.5    283.7      0.0    237.3     60.4    637.4    110.3
    12     1    26     1     9    12     0     0   -11.0   23.326  120.464    392.8    982.9    289.4    288.0      0.0     86.0     55.3    174.2     67.3
    13     1    26     1     9    12     0     0   -11.0   23.056  120.296    431.4    956.0    290.8    287.0      0.0     26.0     57.5    372.5     70.0
    14     1    26     1     9    12     0     0   -11.0   22.932  120.365    681.4    892.1    293.9    284.3      0.0     26.0     60.1    716.8     54.3
    15     1    26     1     9    12     0     0   -11.0   22.860  120.395    604.7    920.2    292.1    285.1      0.0    176.3     71.4    515.3    164.0
    16     1    26     1     9    12     0     0   -11.0   24.014  120.809    337.5    999.8    287.3    287.3      0.0    392.7     57.4     84.3    107.8
    17     1    26     1     9    12     0     0   -11.0   24.025  120.951    416.2    973.8    287.4    285.3      0.0    372.6     61.4    241.3    138.6
    18     1    26     1     9    12     0     0   -11.0   23.930  120.695    299.9   1006.3    288.0    288.5      0.0    435.9     53.8     71.5    147.6
    19     1    26     1     9    12     0     0   -11.0   23.095  120.545    188.6    926.3    292.1    285.7      0.0     26.0     58.6    391.6     65.8
    20     1    26     1     9    12     0     0   -11.0   23.145  120.579    428.1    882.0    294.1    283.5      0.0    165.3     58.8    583.2     88.1
    21     1    26     1     9    12     0     0   -11.0   23.142  120.459     50.0    971.6    290.2    287.8      0.0    130.9     55.4    107.3    119.1
    22     1    26     1     9    12     0     0   -11.0   22.976  120.291     30.4    951.6    291.1    286.9      0.0     36.1     57.2    311.5     86.2
    23     1    26     1     9    12     0     0   -11.0   22.864  120.328    262.5    903.2    293.4    284.8      0.0     26.0     59.4    536.3     61.9
    24     1    26     1     9    12     0     0   -11.0   22.811  120.320     11.6    959.8    291.0    287.5      0.0    306.0     66.6    267.2    151.9
    25     1    26     1     9    12     0     0   -11.0   23.930  120.842    295.3    938.9    290.2    285.0      0.0    314.4     57.9    156.5    113.8
    26     1    26     1     9    12     0     0   -11.0   24.261  121.128    352.9    889.5    291.3    281.6      0.0    294.0     61.1    571.3    172.5
    27     1    26     1     9    12     0     0   -11.0   23.855  120.780    101.7    953.6    289.5    285.5      0.0    348.2     58.9    237.9    136.6
     1     1    26     1     9    11     0     1   -12.0   23.271  120.606    470.2    888.9    294.0    284.1      0.0     53.0     60.3    717.0     73.9
     2     1    26     1     9    11     0     1   -12.0   23.311  120.615    461.0    898.9    292.8    283.9      0.0    207.4     60.0    626.6    146.7
     3     1    26     1     9    11     0     1   -12.0   23.400  120.466    145.4    978.0    289.6    287.7      0.0     90.8     55.6    216.6     80.2
     4     1    26     1     9    11     0     1   -12.0   23.102  120.292    181.6    955.1    290.7    286.9      0.0     35.7     58.0    382.3     88.0
     5     1    26     1     9    11     0     1   -12.0   22.948  120.366    455.6    888.8    294.0    284.2      0.0     42.0     61.1    728.9     72.6
     6     1    26     1     9    11     0     1   -12.0   22.864  120.396    352.5    920.3    292.1    285.2      0.0    261.9     71.4    521.1    217.2
     7     1    26     1     9    11     0     1   -12.0   24.261  120.908    140.7    981.2    287.7    286.1      0.0    433.8     59.1    200.8    180.3
     8     1    26     1     9    11     0     1   -12.0   24.239  121.076    214.5    947.7    288.6    284.1      0.0    398.0     62.4    424.2    225.8
     9     1    26     1     9    11     0     1   -12.0   24.151  120.739     37.0   1011.0    287.9    288.8      0.0    481.4     53.2     34.5    160.2
    10     1    26     1     9    11     0     1   -12.0   23.272  120.606    709.6    889.3    294.0    284.1      0.0     53.3     60.3    716.6     74.0
    11     1    26     1     9    11     0     1   -12.0   23.304  120.615    701.2    898.5    292.9    283.8      0.0    206.5     60.0    634.8    146.3
    12     1    26     1     9    11     0     1   -12.0   23.400  120.466    391.6    978.1    289.6    287.7      0.0     91.0     55.6    216.9     80.1
    13     1    26     1     9    11     0     1   -12.0   23.101  120.293    425.7    955.0    290.7    286.9      0.0     35.9     58.1    386.0     88.0
    14     1    26     1     9    11     0     1   -12.0   22.949  120.366    695.9    888.8    294.0    284.2      0.0     42.1     61.1    731.7     72.5
    15     1    26     1     9    11     0     1   -12.0   22.866  120.397    598.5    919.5    292.1    285.1      0.0    259.3     71.4    526.7    217.6
    16     1    26     1     9    11     0     1   -12.0   24.241  120.892    367.5    985.3    287.7    286.5      0.0    439.0     58.6    186.9    176.2
    17     1    26     1     9    11     0     1   -12.0   24.225  121.065    465.0    949.9    288.5    284.2      0.0    405.7     62.3    400.5    222.7
    18     1    26     1     9    11     0     1   -12.0   24.125  120.729    276.1   1012.1    288.0    289.0      0.0    481.9     52.7     36.1    167.0
    19     1    26     1     9    11     0     1   -12.0   23.128  120.558    209.5    916.1    292.5    285.2      0.0     37.5     59.8    464.5     83.3
    20     1    26     1     9    11     0     1   -12.0   23.133  120.594    506.4    866.5    295.0    283.0      0.0    132.9     60.2    649.2    111.1
    21     1    26     1     9    11     0     1   -12.0   23.196  120.470     51.9    969.1    290.2    287.6      0.0    118.6     55.9    124.1    130.8
    22     1    26     1     9    11     0     1   -12.0   23.017  120.289     36.8    949.4    291.1    286.7      0.0     36.6     58.0    323.4     99.9
    23     1    26     1     9    11     0     1   -12.0   22.882  120.334    277.9    897.9    293.6    284.5      0.0     40.6     60.5    568.6     81.2
    24     1    26     1     9    11     0     1   -12.0   22.806  120.329      0.0    959.8    291.1    287.6      0.0    368.9     66.6    290.8    200.3
    25     1    26     1     9    11     0     1   -12.0   24.007  120.894    300.4    936.3    290.3    284.9      0.0    282.1     58.3    171.7    143.8
    26     1    26     1     9    11     0     1   -12.0   24.317  121.189    341.5    885.6    291.5    281.4      0.0    319.7     61.3    619.2    230.6
    27     1    26     1     9    11     0     1   -12.0   23.988  120.809     76.0    959.0    289.5    286.0      0.0    341.3     57.0    196.1    179.6