    10     1
    GFSQ    25    10    22     0     0
    GFSQ    25    10    23     0     0
    GFSQ    25    10    24     0     0
    GFSQ    25    10    25     0     0
    GFSQ    25    10    26     0     0
    GFSQ    25    10    27     0     0
    GFSQ    25    10    28     0     0
    GFSQ    25    10    29     0     0
    GFSQ    25    10    30     0     0
    GFSQ    25    10    31     0     0
    27 BACKWARD OMEGA   
    25    10    30    13   24.217  120.620    10.0
    25    10    30    13   24.217  120.620    10.0
    25    10    30    13   24.217  120.620    10.0
    25    10    30    13   24.217  120.620    10.0
    25    10    30    13   24.217  120.620    10.0
    25    10    30    13   24.217  120.620    10.0
    25    10    30    13   24.217  120.620    10.0
    25    10    30    13   24.217  120.620    10.0
    25    10    30    13   24.217  120.620    10.0
    25    10    30    13   24.217  120.620    10.0
    25    10    30    13   24.217  120.620    10.0
    25    10    30    13   24.217  120.620    10.0
    25    10    30    13   24.217  120.620    10.0
    25    10    30    13   24.217  120.620    10.0
    25    10    30    13   24.217  120.620    10.0
    25    10    30    13   24.217  120.620    10.0
    25    10    30    13   24.217  120.620    10.0
    25    10    30    13   24.217  120.620    10.0
    25    10    30    13   24.217  120.620    10.0
    25    10    30    13   24.217  120.620    10.0
    25    10    30    13   24.217  120.620    10.0
    25    10    30    13   24.217  120.620    10.0
    25    10    30    13   24.217  120.620    10.0
    25    10    30    13   24.217  120.620    10.0
    25    10    30    13   24.217  120.620    10.0
    25    10    30    13   24.217  120.620    10.0
    25    10    30    13   24.217  120.620    10.0
     8 PRESSURE THETA    AIR_TEMP RAINFALL MIXDEPTH RELHUMID TERR_MSL SUN_FLUX
     1     1    25    10    30    13     0     1     0.0   24.217  120.620     10.0    995.9    297.6    297.2      0.3    396.6     88.5    159.6     60.1
     2     1    25    10    30    13     0     1     0.0   24.217  120.620     10.0   1004.3    296.9    297.3      0.0    431.7     90.1     84.4     50.5
     3     1    25    10    30    13     0     1     0.0   24.217  120.620     10.0    993.4    297.6    297.0      0.5    279.7     90.0    168.8     46.8
     4     1    25    10    30    13     0     1     0.0   24.217  120.620     10.0    925.6    300.3    293.6      1.3    164.5     87.5    818.4     73.3
     5     1    25    10    30    13     0     1     0.0   24.217  120.620     10.0    947.7    299.0    294.3      0.8    218.7     91.1    603.5     70.3
     6     1    25    10    30    13     0     1     0.0   24.217  120.620     10.0    939.1    299.1    293.7      1.3     49.2     91.5    671.8     62.7
     7     1    25    10    30    13     0     1     0.0   24.217  120.620     10.0   1012.4    296.7    297.7      0.0    550.9     87.4     11.2     61.2
     8     1    25    10    30    13     0     1     0.0   24.217  120.620     10.0   1013.4    296.3    297.5      0.0    532.0     87.2      1.5     43.4
     9     1    25    10    30    13     0     1     0.0   24.217  120.620     10.0   1011.2    297.1    298.1      0.0    548.6     86.6     13.3     53.7
    10     1    25    10    30    13     0     1     0.0   24.217  120.620     10.0    995.9    297.6    297.2      0.3    396.6     88.5    159.6     60.1
    11     1    25    10    30    13     0     1     0.0   24.217  120.620     10.0   1004.3    296.9    297.3      0.0    431.7     90.1     84.4     50.5
    12     1    25    10    30    13     0     1     0.0   24.217  120.620     10.0    993.4    297.6    297.0      0.5    279.7     90.0    168.8     46.8
    13     1    25    10    30    13     0     1     0.0   24.217  120.620     10.0    925.6    300.3    293.6      1.3    164.5     87.5    818.4     73.3
    14     1    25    10    30    13     0     1     0.0   24.217  120.620     10.0    947.7    299.0    294.3      0.8    218.7     91.1    603.5     70.3
    15     1    25    10    30    13     0     1     0.0   24.217  120.620     10.0    939.1    299.1    293.7      1.3     49.2     91.5    671.8     62.7
    16     1    25    10    30    13     0     1     0.0   24.217  120.620     10.0   1012.4    296.7    297.7      0.0    550.9     87.4     11.2     61.2
    17     1    25    10    30    13     0     1     0.0   24.217  120.620     10.0   1013.4    296.3    297.5      0.0    532.0     87.2      1.5     43.4
    18     1    25    10    30    13     0     1     0.0   24.217  120.620     10.0   1011.2    297.1    298.1      0.0    548.6     86.6     13.3     53.7
    19     1    25    10    30    13     0     1     0.0   24.217  120.620     10.0    968.0    297.9    295.1      0.3    396.6     96.8    159.6     60.1
    20     1    25    10    30    13     0     1     0.0   24.217  120.620     10.0    976.1    297.2    295.1      0.0    431.7     97.7     84.4     50.5
    21     1    25    10    30    13     0     1     0.0   24.217  120.620     10.0    965.6    298.1    295.1      0.5    279.7     96.2    168.8     46.8
    22     1    25    10    30    13     0     1     0.0   24.217  120.620     10.0    900.1    301.7    292.6      1.3    164.5     89.3    818.4     73.3
    23     1    25    10    30    13     0     1     0.0   24.217  120.620     10.0    921.4    300.3    293.2      0.8    218.7     93.2    603.5     70.3
    24     1    25    10    30    13     0     1     0.0   24.217  120.620     10.0    913.1    301.1    293.3      1.3     49.2     90.1    671.8     62.7
    25     1    25    10    30    13     0     1     0.0   24.217  120.620     10.0    984.0    296.7    295.3      0.0    550.9     96.8     11.2     61.2
    26     1    25    10    30    13     0     1     0.0   24.217  120.620     10.0    984.9    296.3    295.0      0.0    532.0     96.8      1.5     43.4
    27     1    25    10    30    13     0     1     0.0   24.217  120.620     10.0    982.8    297.1    295.6      0.0    548.6     96.0     13.3     53.7
     1     1    25    10    30    12     0     0    -1.0   24.320  120.622      0.9    999.0    297.4    297.3      0.2    413.3     88.9    134.6     82.5
     2     1    25    10    30    12     0     0    -1.0   24.391  120.629      0.0   1011.5    296.7    297.7      0.0    480.6     87.9     17.7     39.9
     3     1    25    10    30    12     0     0    -1.0   24.248  120.611     10.8    994.7    297.5    297.0      0.5    317.5     89.6    161.2     74.1
     4     1    25    10    30    12     0     0    -1.0   24.186  120.615     91.2    907.8    301.8    293.4      1.4    169.9     84.9    910.4    113.8
     5     1    25    10    30    12     0     0    -1.0   24.224  120.612     53.4    950.0    299.2    294.8      0.8    209.7     90.5    535.3     96.6
     6     1    25    10    30    12     0     0    -1.0   24.167  120.627    129.8    919.9    301.0    293.8      1.4     50.7     85.6    732.5     97.8
     7     1    25    10    30    12     0     0    -1.0   24.445  120.651      4.7   1013.4    296.4    297.6      0.0    515.3     86.9      0.0     63.0
     8     1    25    10    30    12     0     0    -1.0   24.470  120.649      7.9   1014.2    296.1    297.2      0.0    558.4     87.4      0.0     49.5
     9     1    25    10    30    12     0     0    -1.0   24.393  120.639      2.7   1011.9    296.8    297.8      0.0    541.6     86.7     14.9     89.7
    10     1    25    10    30    12     0     0    -1.0   24.320  120.622    248.7    999.0    297.4    297.3      0.2    413.3     88.9    134.7     82.5
    11     1    25    10    30    12     0     0    -1.0   24.391  120.629    249.8   1011.5    296.7    297.7      0.0    480.6     87.9     17.7     39.9
    12     1    25    10    30    12     0     0    -1.0   24.246  120.611    249.2    994.8    297.5    297.0      0.5    316.8     89.6    160.9     73.9
    13     1    25    10    30    12     0     0    -1.0   24.186  120.615    330.2    907.6    301.8    293.3      1.4    168.8     84.8    913.9    113.9
    14     1    25    10    30    12     0     0    -1.0   24.222  120.612    296.3    949.6    299.2    294.7      0.8    208.4     90.5    540.4     97.3
    15     1    25    10    30    12     0     0    -1.0   24.166  120.627    369.3    920.0    300.9    293.8      1.4     50.6     85.5    734.6     97.9
    16     1    25    10    30    12     0     0    -1.0   24.445  120.651    250.0   1013.4    296.4    297.6      0.0    515.3     86.9      0.0     63.0
    17     1    25    10    30    12     0     0    -1.0   24.470  120.649    250.1   1014.2    296.1    297.2      0.0    558.4     87.4      0.0     49.5
    18     1    25    10    30    12     0     0    -1.0   24.393  120.639    249.9   1011.9    296.8    297.8      0.0    541.6     86.7     14.9     89.7
    19     1    25    10    30    12     0     0    -1.0   24.362  120.645      0.0    974.7    297.6    295.4      0.1    398.6     96.2    135.7     79.7
    20     1    25    10    30    12     0     0    -1.0   24.438  120.650      0.0    987.8    296.7    295.6      0.0    492.0     95.3      0.7     31.4
    21     1    25    10    30    12     0     0    -1.0   24.293  120.623      0.0    967.9    298.0    295.2      0.5    327.0     96.2    177.3     78.5
    22     1    25    10    30    12     0     0    -1.0   24.188  120.606     10.6    894.9    302.0    292.4      1.3    182.3     88.7    873.7    112.6
    23     1    25    10    30    12     0     0    -1.0   24.250  120.606      0.0    940.5    299.4    294.1      0.7    229.8     93.8    464.5     88.5
    24     1    25    10    30    12     0     0    -1.0   24.174  120.602      0.0    917.5    300.9    293.5      1.3     56.9     89.6    650.4     92.8
    25     1    25    10    30    12     0     0    -1.0   24.486  120.673      1.8    985.9    296.4    295.2      0.0    518.7     96.4      0.0     60.4
    26     1    25    10    30    12     0     0    -1.0   24.501  120.669     16.7    984.9    296.0    294.7      0.0    555.8     97.1      0.0     57.0
    27     1    25    10    30    12     0     0    -1.0   24.449  120.662      0.0    985.2    296.8    295.5      0.0    529.7     96.0     16.4     91.5
     1     1    25    10    30    11     0     1    -2.0   24.505  120.638      0.0   1005.5    297.0    297.5      0.2    420.9     89.1     70.8     84.9
     2     1    25    10    30    11     0     1    -2.0   24.681  120.640      0.0   1013.6    296.5    297.7      0.0    515.5     87.1      0.0    126.0
     3     1    25    10    30    11     0     1    -2.0   24.362  120.614      0.0    993.8    297.9    297.4      0.3    377.3     86.5    172.4    112.8
     4     1    25    10    30    11     0     1    -2.0   24.210  120.614     91.3    909.5    301.9    293.6      1.1    177.0     83.9    888.8    150.8
     5     1    25    10    30    11     0     1    -2.0   24.314  120.606     39.0    973.6    298.4    296.0      0.5    271.1     89.4    333.5     95.4
     6     1    25    10    30    11     0     1    -2.0   24.183  120.636    148.0    917.9    301.6    294.2      1.1     54.2     82.0    731.9    132.5
     7     1    25    10    30    11     0     1    -2.0   24.767  120.682      2.0   1014.1    296.1    297.3      0.0    545.3     87.4      0.0     82.4
     8     1    25    10    30    11     0     1    -2.0   24.813  120.677      8.7   1014.9    295.4    296.7      0.0    573.9     88.1      0.0    156.7
     9     1    25    10    30    11     0     1    -2.0   24.677  120.674      0.0   1012.9    296.5    297.6      0.0    512.2     87.3      0.9     89.3
    10     1    25    10    30    11     0     1    -2.0   24.504  120.637    249.3   1005.5    297.0    297.5      0.2    420.8     89.1     70.8     84.9
    11     1    25    10    30    11     0     1    -2.0   24.681  120.640    250.0   1013.6    296.5    297.7      0.0    515.5     87.1      0.0    126.0
    12     1    25    10    30    11     0     1    -2.0   24.360  120.614    248.3    993.8    297.9    297.4      0.3    376.4     86.5    172.1    112.6
    13     1    25    10    30    11     0     1    -2.0   24.209  120.615    332.3    908.9    301.9    293.6      1.2    175.7     83.8    894.0    151.0
    14     1    25    10    30    11     0     1    -2.0   24.310  120.606    285.4    972.6    298.4    296.0      0.5    268.6     89.4    342.1     96.8
    15     1    25    10    30    11     0     1    -2.0   24.182  120.637    389.7    917.6    301.6    294.2      1.1     53.8     81.9    735.3    132.8
    16     1    25    10    30    11     0     1    -2.0   24.767  120.682    250.0   1014.1    296.1    297.3      0.0    545.3     87.4      0.0     82.4
    17     1    25    10    30    11     0     1    -2.0   24.813  120.677    250.8   1014.9    295.4    296.7      0.0    573.9     88.1      0.0    156.7
    18     1    25    10    30    11     0     1    -2.0   24.677  120.674    250.0   1012.9    296.5    297.6      0.0    512.2     87.3      0.9     89.3
    19     1    25    10    30    11     0     1    -2.0   24.594  120.675      0.0    987.0    297.1    296.0      0.1    433.6     94.1     45.2     65.3
    20     1    25    10    30    11     0     1    -2.0   24.768  120.683      0.0    987.0    296.6    295.4      0.0    525.1     94.0      0.0    131.7
    21     1    25    10    30    11     0     1    -2.0   24.453  120.640      0.0    967.0    298.3    295.5      0.4    400.8     93.3    202.2    121.3
    22     1    25    10    30    11     0     1    -2.0   24.217  120.604      0.0    900.1    302.0    292.8      1.1    190.8     87.5    833.7    148.0
    23     1    25    10    30    11     0     1    -2.0   24.372  120.594      0.0    971.6    298.1    295.6      0.3    314.8     93.1    198.2     73.3
    24     1    25    10    30    11     0     1    -2.0   24.197  120.596      0.0    923.0    301.1    294.2      1.0     72.8     86.3    611.6    122.5
    25     1    25    10    30    11     0     1    -2.0   24.844  120.722      0.0    987.0    296.1    295.0      0.0    555.1     95.7      0.0    114.7
    26     1    25    10    30    11     0     1    -2.0   24.876  120.724     24.0    984.6    295.5    294.2      0.0    585.9     97.1      0.0    177.9
    27     1    25    10    30    11     0     1    -2.0   24.781  120.717      0.0    986.7    296.6    295.4      0.0    516.3     95.5      0.0     76.4
     1     1    25    10    30    10     0     2    -3.0   24.726  120.634      0.0   1012.9    297.0    298.0      0.0    474.1     86.5      0.0     72.6
     2     1    25    10    30    10     0     2    -3.0   24.992  120.655      0.0   1013.2    296.4    297.5      0.0    594.1     85.9      0.0    198.2
     3     1    25    10    30    10     0     2    -3.0   24.506  120.611      0.0    996.4    297.9    297.6      0.3    416.3     85.8    148.8    145.0
     4     1    25    10    30    10     0     2    -3.0   24.234  120.605     76.4    917.7    301.6    294.1      1.1    193.4     83.3    819.6    184.1
     5     1    25    10    30    10     0     2    -3.0   24.419  120.582      7.0   1002.3    297.5    297.7      0.2    358.5     87.5     98.7     71.7
     6     1    25    10    30    10     0     2    -3.0   24.207  120.631    127.8    920.8    301.9    294.8      1.1     69.3     79.3    724.7    166.3
     7     1    25    10    30    10     0     2    -3.0   25.113  120.696      2.4   1014.3    295.6    296.8      0.0    596.9     86.8      0.0    209.3
     8     1    25    10    30    10     0     2    -3.0   25.172  120.711      9.3   1014.3    295.1    296.3      0.0    603.6     86.8      0.0    166.3
     9     1    25    10    30    10     0     2    -3.0   24.993  120.690      0.0   1013.9    296.2    297.4      0.0    531.5     87.1      0.0     92.1
    10     1    25    10    30    10     0     2    -3.0   24.725  120.634    250.0   1012.9    297.0    298.0      0.0    474.0     86.5      0.0     72.4
    11     1    25    10    30    10     0     2    -3.0   24.992  120.655    250.0   1013.2    296.4    297.5      0.0    594.1     85.9      0.0    198.2
    12     1    25    10    30    10     0     2    -3.0   24.504  120.610    248.5    996.3    297.9    297.6      0.3    416.4     85.8    149.5    145.3
    13     1    25    10    30    10     0     2    -3.0   24.233  120.606    318.7    917.0    301.7    294.1      1.1    191.9     83.2    826.2    184.5
    14     1    25    10    30    10     0     2    -3.0   24.414  120.583    256.0   1001.2    297.6    297.6      0.2    355.0     87.6    109.1     74.0
    15     1    25    10    30    10     0     2    -3.0   24.206  120.632    370.3    920.6    302.0    294.8      1.1     68.4     79.2    726.7    166.5
    16     1    25    10    30    10     0     2    -3.0   25.113  120.696    250.4   1014.3    295.6    296.8      0.0    596.9     86.8      0.0    209.3
    17     1    25    10    30    10     0     2    -3.0   25.172  120.711    251.4   1014.3    295.1    296.3      0.0    603.6     86.8      0.0    166.3
    18     1    25    10    30    10     0     2    -3.0   24.993  120.690    250.0   1013.9    296.2    297.4      0.0    531.5     87.1      0.0     92.1
    19     1    25    10    30    10     0     2    -3.0   24.857  120.687      0.0    986.9    297.1    296.0      0.0    474.1     92.7      0.0    120.0
    20     1    25    10    30    10     0     2    -3.0   25.111  120.744      0.0    987.7    296.5    295.5      0.0    602.2     91.2      0.0    199.1
    21     1    25    10    30    10     0     2    -3.0   24.627  120.648      0.0    974.8    297.7    295.6      0.3    390.5     94.4    130.5    131.7
    22     1    25    10    30    10     0     2    -3.0   24.247  120.591      0.0    909.5    301.6    293.4      1.0    210.4     87.1    747.7    179.3
    23     1    25    10    30    10     0     2    -3.0   24.528  120.568      0.0    984.3    297.5    296.1      0.1    402.2     92.4     37.6     92.0
    24     1    25    10    30    10     0     2    -3.0   24.231  120.579      0.0    924.9    301.3    294.6      0.9    110.4     84.2    589.8    152.6
    25     1    25    10    30    10     0     2    -3.0   25.226  120.772      0.0    986.9    295.8    294.7      0.0    609.8     94.0      0.0    219.6
    26     1    25    10    30    10     0     2    -3.0   25.257  120.800     28.3    983.6    295.3    293.9      0.0    610.6     95.8      0.0    151.7
    27     1    25    10    30    10     0     2    -3.0   25.135  120.749      0.0    986.9    296.3    295.2      0.0    554.6     94.2      0.0    163.3
     1     1    25    10    30     9     0     3    -4.0   24.980  120.621      0.0   1012.6    296.9    298.0      0.0    521.1     86.7      0.0    207.0
     2     1    25    10    30     9     0     3    -4.0   25.308  120.710      0.0   1013.8    296.2    297.3      0.0    627.3     83.5      0.0    193.6
     3     1    25    10    30     9     0     3    -4.0   24.675  120.599      0.0   1003.6    297.3    297.6      0.2    421.9     87.8     77.4    149.3
     4     1    25    10    30     9     0     3    -4.0   24.264  120.583     35.9    934.6    301.0    295.0      1.0    223.6     83.4    694.8    210.6
     5     1    25    10    30     9     0     3    -4.0   24.535  120.545      0.0   1009.3    297.6    298.4      0.1    407.5     86.1     26.9    112.3
     6     1    25    10    30     9     0     3    -4.0   24.240  120.609     77.4    929.7    301.9    295.6      1.0    104.2     77.5    690.2    195.9
     7     1    25    10    30     9     0     3    -4.0   25.476  120.727      2.7   1013.8    295.4    296.6      0.0    640.5     85.5      0.0    182.7
     8     1    25    10    30     9     0     3    -4.0   25.518  120.763      9.8   1013.8    294.7    295.8      0.0    627.0     88.0      0.0     66.8
     9     1    25    10    30     9     0     3    -4.0   25.340  120.691      0.4   1013.8    295.9    297.0      0.0    607.7     85.9      0.0    245.5
    10     1    25    10    30     9     0     3    -4.0   24.980  120.621    250.0   1012.6    296.9    298.0      0.0    520.9     86.7      0.0    207.0
    11     1    25    10    30     9     0     3    -4.0   25.308  120.710    250.0   1013.8    296.2    297.3      0.0    627.3     83.5      0.0    193.6
    12     1    25    10    30     9     0     3    -4.0   24.672  120.599    249.2   1003.5    297.3    297.6      0.2    422.0     87.7     78.2    149.7
    13     1    25    10    30     9     0     3    -4.0   24.261  120.584    280.3    933.6    301.0    295.0      1.0    221.9     83.3    703.1    211.3
    14     1    25    10    30     9     0     3    -4.0   24.527  120.546    249.7   1009.2    297.6    298.4      0.1    406.2     86.1     28.1    109.4
    15     1    25    10    30     9     0     3    -4.0   24.239  120.610    320.6    929.4    302.0    295.6      1.0    102.9     77.4    693.0    196.3
    16     1    25    10    30     9     0     3    -4.0   25.476  120.727    250.7   1013.8    295.4    296.6      0.0    640.5     85.5      0.0    182.7
    17     1    25    10    30     9     0     3    -4.0   25.518  120.763    251.9   1013.8    294.7    295.8      0.0    627.0     88.0      0.0     66.8
    18     1    25    10    30     9     0     3    -4.0   25.340  120.691    250.4   1013.8    295.9    297.0      0.0    607.7     85.9      0.0    245.5
    19     1    25    10    30     9     0     3    -4.0   25.149  120.723      0.0    986.9    297.4    296.2      0.0    558.2     90.3      0.0    213.3
    20     1    25    10    30     9     0     3    -4.0   25.425  120.873      0.0    988.7    296.4    295.5      0.0    589.7     87.4      0.0    173.9
    21     1    25    10    30     9     0     3    -4.0   24.816  120.637      0.0    982.5    297.3    295.8      0.1    423.1     93.8     47.2    109.7
    22     1    25    10    30     9     0     3    -4.0   24.282  120.565      0.0    924.9    300.9    294.2      0.9    244.2     87.2    603.4    202.7
    23     1    25    10    30     9     0     3    -4.0   24.708  120.550      0.0    986.2    297.8    296.6      0.0    434.8     89.0      6.1    179.5
    24     1    25    10    30     9     0     3    -4.0   24.277  120.549      0.0    931.9    301.2    295.1      0.9    169.5     82.9    526.1    179.2
    25     1    25    10    30     9     0     3    -4.0   25.599  120.860      0.0    987.2    295.6    294.5      0.0    630.7     92.4      0.0    149.7
    26     1    25    10    30     9     0     3    -4.0   25.607  120.905     17.2    984.2    294.9    293.5      0.0    597.6     95.3      0.0     71.9
    27     1    25    10    30     9     0     3    -4.0   25.514  120.800      0.0    987.1    296.2    295.1      0.0    628.6     91.4      0.0    251.1
     1     1    25    10    30     8     0     2    -5.0   25.259  120.651      0.0   1012.6    296.9    297.9      0.0    572.8     84.5      0.0    323.7
     2     1    25    10    30     8     0     2    -5.0   25.590  120.810      0.0   1013.9    295.9    297.1      0.2    614.1     82.2      0.0    123.8
     3     1    25    10    30     8     0     2    -5.0   24.867  120.577      0.0   1010.7    297.2    298.1      0.0    467.6     85.6     17.3    178.0
     4     1    25    10    30     8     0     2    -5.0   24.297  120.549      0.0    955.8    300.6    296.6      0.0    429.3     80.1    520.5    299.6
     5     1    25    10    30     8     0     2    -5.0   24.677  120.519      0.0   1011.4    297.7    298.6      0.0    405.4     85.0      4.7    285.4
     6     1    25    10    30     8     0     2    -5.0   24.272  120.571      0.0    946.9    301.5    296.8      0.0    384.0     77.0    596.1    318.4
     7     1    25    10    30     8     0     2    -5.0   25.813  120.789      1.9   1013.9    294.8    296.0      0.4    619.2     87.3      0.0     80.9
     8     1    25    10    30     8     0     2    -5.0   25.835  120.842      9.2   1014.4    293.9    295.1      0.7    580.1     88.0      0.0     52.2
     9     1    25    10    30     8     0     2    -5.0   25.694  120.721      0.0   1013.3    295.8    296.9      0.0    654.1     84.8      0.0    241.8
    10     1    25    10    30     8     0     2    -5.0   25.259  120.651    250.0   1012.6    296.9    297.9      0.0    572.7     84.5      0.0    323.8
    11     1    25    10    30     8     0     2    -5.0   25.590  120.810    250.0   1013.9    295.9    297.1      0.2    614.1     82.2      0.0    123.9
    12     1    25    10    30     8     0     2    -5.0   24.864  120.577    249.8   1010.6    297.2    298.1      0.0    467.6     85.6     18.0    178.9
    13     1    25    10    30     8     0     2    -5.0   24.294  120.550    244.7    954.9    300.7    296.6      0.0    428.6     80.0    529.3    300.3
    14     1    25    10    30     8     0     2    -5.0   24.667  120.519    249.9   1011.4    297.7    298.6      0.0    404.6     85.0      5.4    280.6
    15     1    25    10    30     8     0     2    -5.0   24.271  120.572    244.0    946.5    301.5    296.7      0.0    382.3     77.0    599.9    318.8
    16     1    25    10    30     8     0     2    -5.0   25.813  120.789    250.0   1013.9    294.8    296.0      0.4    619.2     87.3      0.0     80.9
    17     1    25    10    30     8     0     2    -5.0   25.835  120.842    251.4   1014.4    293.9    295.1      0.7    580.1     88.0      0.0     52.2
    18     1    25    10    30     8     0     2    -5.0   25.694  120.721    250.0   1013.3    295.8    296.9      0.0    654.1     84.8      0.0    241.8
    19     1    25    10    30     8     0     2    -5.0   25.423  120.855      0.0    988.5    297.3    296.3      0.0    548.9     87.0      0.0    277.4
    20     1    25    10    30     8     0     2    -5.0   25.666  121.049      0.0    988.3    296.3    295.3      0.0    624.2     85.4      0.0    108.2
    21     1    25    10    30     8     0     2    -5.0   25.036  120.623      0.0    986.5    297.2    296.0      0.0    456.9     91.6      0.0    217.7
    22     1    25    10    30     8     0     2    -5.0   24.327  120.523      0.0    948.3    300.1    295.5      0.0    442.2     85.4    394.2    287.6
    23     1    25    10    30     8     0     2    -5.0   24.908  120.586      0.0    986.6    298.0    296.8      0.0    393.7     85.7      1.3    341.2
    24     1    25    10    30     8     0     2    -5.0   24.330  120.501      0.0    949.0    300.8    296.3      0.0    480.8     80.1    377.1    299.5
    25     1    25    10    30     8     0     2    -5.0   25.914  120.991      0.0    987.4    295.4    294.3      0.3    607.1     90.9      0.0     76.1
    26     1    25    10    30     8     0     2    -5.0   25.901  121.038      0.0    986.4    294.5    293.4      0.5    570.4     93.7      0.0     50.0
    27     1    25    10    30     8     0     2    -5.0   25.857  120.915      0.0    988.3    296.1    295.1      0.2    630.1     89.1      0.0    197.5
     1     1    25    10    30     7     0     1    -6.0   25.506  120.765      0.0   1013.0    297.0    298.1      0.1    604.8     82.3      0.0    309.0
     2     1    25    10    30     7     0     1    -6.0   25.801  120.959      0.0   1014.1    295.9    297.1      0.2    679.4     79.2      0.0     85.1
     3     1    25    10    30     7     0     1    -6.0   25.088  120.554      0.0   1012.6    297.0    298.1      0.0    492.6     85.3      0.0    360.2
     4     1    25    10    30     7     0     1    -6.0   24.337  120.501      0.0    979.6    300.1    298.3      0.0    600.5     75.6    297.8    382.9
     5     1    25    10    30     7     0     1    -6.0   24.852  120.547      0.0   1011.8    297.6    298.6      0.0    385.8     84.1      2.2    440.1
     6     1    25    10    30     7     0     1    -6.0   24.301  120.518      0.0    964.5    301.7    298.6      0.0    686.3     70.4    429.1    435.6
     7     1    25    10    30     7     0     1    -6.0   26.100  120.888      0.2   1014.3    294.3    295.5      0.7    581.6     86.9      0.0     57.1
     8     1    25    10    30     7     0     1    -6.0   26.104  120.938      7.9   1014.6    293.6    294.8      1.0    541.9     87.8      0.0     57.4
     9     1    25    10    30     7     0     1    -6.0   26.011  120.792      0.0   1014.1    295.2    296.4      0.4    626.1     86.0      0.0    112.6
    10     1    25    10    30     7     0     1    -6.0   25.506  120.764    250.0   1013.0    297.0    298.1      0.1    604.8     82.3      0.0    309.2
    11     1    25    10    30     7     0     1    -6.0   25.801  120.959    250.0   1014.1    295.9    297.1      0.2    679.4     79.2      0.0     85.1
    12     1    25    10    30     7     0     1    -6.0   25.085  120.554    250.0   1012.6    297.0    298.1      0.0    492.5     85.3      0.0    357.4
    13     1    25    10    30     7     0     1    -6.0   24.334  120.502    246.9    978.7    300.1    298.2      0.0    602.6     75.4    306.4    384.2
    14     1    25    10    30     7     0     1    -6.0   24.841  120.543    250.0   1011.8    297.6    298.6      0.0    387.1     84.0      2.4    437.3
    15     1    25    10    30     7     0     1    -6.0   24.300  120.520    245.7    963.9    301.8    298.5      0.0    684.1     70.5    434.1    436.1
    16     1    25    10    30     7     0     1    -6.0   26.100  120.888    250.0   1014.3    294.3    295.5      0.7    581.6     86.9      0.0     57.1
    17     1    25    10    30     7     0     1    -6.0   26.104  120.938    250.1   1014.6    293.6    294.8      1.0    541.9     87.8      0.0     57.4
    18     1    25    10    30     7     0     1    -6.0   26.011  120.792    250.0   1014.1    295.2    296.4      0.4    626.1     86.0      0.0    112.6
    19     1    25    10    30     7     0     1    -6.0   25.585  121.116      0.0    989.6    297.6    296.7      0.0    552.0     83.7      0.0    273.9
    20     1    25    10    30     7     0     1    -6.0   25.804  121.278      0.0    988.9    296.6    295.6      0.1    739.9     81.3      0.0    101.6
    21     1    25    10    30     7     0     1    -6.0   25.284  120.646      0.0    988.0    297.3    296.3      0.0    454.5     88.7      0.0    428.5
    22     1    25    10    30     7     0     1    -6.0   24.381  120.474      0.0    972.2    299.1    296.6      0.0    563.3     83.3    184.2    363.2
    23     1    25    10    30     7     0     1    -6.0   25.082  120.734      0.0    987.6    298.1    297.0      0.0    374.6     83.7      0.0    392.3
    24     1    25    10    30     7     0     1    -6.0   24.390  120.439      0.0    964.1    300.5    297.4      0.0    714.2     76.3    258.8    414.8
    25     1    25    10    30     7     0     1    -6.0   26.138  121.165      0.0    988.6    295.4    294.4      0.3    646.0     87.8      0.0     62.9
    26     1    25    10    30     7     0     1    -6.0   26.112  121.191      0.0    989.0    294.7    293.7      0.8    600.7     90.5      0.0     53.4
    27     1    25    10    30     7     0     1    -6.0   26.106  121.097      0.0    989.6    296.2    295.4      0.2    656.1     85.2      0.0    146.8
     1     1    25    10    30     6     0     0    -7.0   25.669  120.962      0.0   1012.5    297.4    298.4      0.0    642.3     79.8      0.0    344.9
     2     1    25    10    30     6     0     0    -7.0   25.926  121.155      0.0   1014.3    296.2    297.4      0.3    811.2     75.7      0.0     76.8
     3     1    25    10    30     6     0     0    -7.0   25.328  120.565      0.0   1012.3    297.2    298.2      0.0    510.1     84.2      0.0    544.5
     4     1    25    10    30     6     0     0    -7.0   24.385  120.447      0.0    994.6    299.4    299.0      0.0    650.0     73.9    162.5    455.3
     5     1    25    10    30     6     0     0    -7.0   25.026  120.687      0.8   1012.3    297.5    298.6      0.0    341.1     84.2      0.0    534.7
     6     1    25    10    30     6     0     0    -7.0   24.337  120.447      0.0    982.2    301.7    300.1      0.0    921.5     64.5    262.3    549.2
     7     1    25    10    30     6     0     0    -7.0   26.321  121.018      0.0   1014.3    294.5    295.7      0.9    564.3     85.6      0.0     58.4
     8     1    25    10    30     6     0     0    -7.0   26.327  121.037      4.7   1014.3    293.4    294.6      1.4    518.3     88.6      0.0     55.9
     9     1    25    10    30     6     0     0    -7.0   26.272  120.911      0.0   1014.3    295.0    296.2      0.5    614.5     84.5      0.0     70.7
    10     1    25    10    30     6     0     0    -7.0   25.668  120.962    250.0   1012.5    297.4    298.4      0.0    642.1     79.8      0.0    344.8
    11     1    25    10    30     6     0     0    -7.0   25.926  121.155    250.0   1014.3    296.2    297.4      0.3    811.1     75.7      0.0     76.8
    12     1    25    10    30     6     0     0    -7.0   25.325  120.564    250.0   1012.3    297.2    298.2      0.0    510.4     84.3      0.0    544.9
    13     1    25    10    30     6     0     0    -7.0   24.381  120.448    248.3    994.2    299.5    299.0      0.0    656.8     73.7    165.8    457.2
    14     1    25    10    30     6     0     0    -7.0   25.014  120.676    250.6   1012.3    297.5    298.6      0.0    336.3     84.3      0.0    543.6
    15     1    25    10    30     6     0     0    -7.0   24.335  120.449    247.4    982.0    301.7    300.1      0.0    924.3     64.4    263.9    549.9
    16     1    25    10    30     6     0     0    -7.0   26.321  121.018    250.0   1014.3    294.5    295.7      0.9    564.3     85.6      0.0     58.4
    17     1    25    10    30     6     0     0    -7.0   26.327  121.037    250.0   1014.3    293.4    294.6      1.4    518.3     88.6      0.0     55.9
    18     1    25    10    30     6     0     0    -7.0   26.272  120.911    250.0   1014.3    295.0    296.2      0.5    614.5     84.5      0.0     70.7
    19     1    25    10    30     6     0     0    -7.0   25.584  121.449      0.0    987.3    297.8    296.7      0.0    628.2     81.3      0.0    321.8
    20     1    25    10    30     6     0     0    -7.0   25.844  121.559      0.0    989.6    297.0    296.1      0.2    857.2     76.6      0.0    156.7
    21     1    25    10    30     6     0     0    -7.0   25.505  120.764      0.0    988.1    297.7    296.7      0.0    410.4     84.9      0.0    511.3
    22     1    25    10    30     6     0     0    -7.0   24.444  120.431      0.0    976.5    298.5    296.5      0.0    565.6     83.9    119.7    428.5
    23     1    25    10    30     6     0     0    -7.0   25.136  121.033      3.3    984.1    298.4    297.0      0.0    447.1     80.7      5.4    440.3
    24     1    25    10    30     6     0     0    -7.0   24.460  120.384      0.0    969.7    300.0    297.3      0.0    763.3     77.1    192.7    507.3
    25     1    25    10    30     6     0     0    -7.0   26.264  121.385      0.0    988.7    295.8    294.8      0.5    778.7     83.1      0.0     68.6
    26     1    25    10    30     6     0     0    -7.0   26.236  121.386      0.0    989.6    295.1    294.2      0.9    689.5     85.9      0.0     60.4
    27     1    25    10    30     6     0     0    -7.0   26.251  121.350      0.0    989.8    296.6    295.7      0.1    796.9     80.3      0.0    123.7
     1     1    25    10    30     5     0     1    -8.0   25.739  121.228      0.0   1013.5    297.4    298.5      0.0    761.5     77.2      0.0    280.5
     2     1    25    10    30     5     0     1    -8.0   25.983  121.397      0.0   1014.8    296.6    297.8      0.1    906.5     73.8      0.0    103.9
     3     1    25    10    30     5     0     1    -8.0   25.545  120.672      0.0   1013.2    297.2    298.3      0.0    535.3     83.5      0.0    469.8
     4     1    25    10    30     5     0     1    -8.0   24.453  120.405      0.0   1002.1    298.4    298.6      0.0    535.4     77.1    100.5    425.5
     5     1    25    10    30     5     0     1    -8.0   25.130  120.942      4.0   1013.2    297.5    298.6      0.0    489.1     81.9      0.0    417.0
     6     1    25    10    30     5     0     1    -8.0   24.389  120.387      0.0    990.2    300.2    299.3      0.2    719.8     69.6    199.7    495.1
     7     1    25    10    30     5     0     1    -8.0   26.483  121.161      0.0   1015.2    294.4    295.6      0.7    570.8     84.9      0.0     56.7
     8     1    25    10    30     5     0     1    -8.0   26.510  121.126      1.3   1015.4    293.0    294.3      0.9    463.1     88.9      0.0     54.7
     9     1    25    10    30     5     0     1    -8.0   26.460  121.070      0.0   1015.2    295.0    296.3      0.5    642.1     83.1      0.0     57.8
    10     1    25    10    30     5     0     1    -8.0   25.739  121.228    250.0   1013.5    297.4    298.5      0.0    761.3     77.2      0.0    280.7
    11     1    25    10    30     5     0     1    -8.0   25.983  121.397    250.0   1014.8    296.6    297.8      0.1    906.5     73.8      0.0    103.9
    12     1    25    10    30     5     0     1    -8.0   25.542  120.670    250.0   1013.2    297.2    298.3      0.0    534.4     83.5      0.0    471.0
    13     1    25    10    30     5     0     1    -8.0   24.448  120.406    249.0   1001.9    298.5    298.6      0.0    538.5     76.9    103.1    427.7
    14     1    25    10    30     5     0     1    -8.0   25.124  120.926    253.7   1013.2    297.5    298.6      0.0    479.8     81.9      0.0    424.2
    15     1    25    10    30     5     0     1    -8.0   24.387  120.388    248.0    990.1    300.2    299.3      0.2    722.8     69.5    200.8    495.9
    16     1    25    10    30     5     0     1    -8.0   26.483  121.161    250.0   1015.2    294.4    295.6      0.7    570.8     84.9      0.0     56.7
    17     1    25    10    30     5     0     1    -8.0   26.510  121.126    250.0   1015.4    293.0    294.3      0.9    463.1     88.9      0.0     54.7
    18     1    25    10    30     5     0     1    -8.0   26.460  121.070    250.0   1015.2    295.0    296.3      0.5    642.1     83.1      0.0     57.8
    19     1    25    10    30     5     0     1    -8.0   25.473  121.789      0.0    989.0    297.9    297.0      0.3    681.9     78.8      0.0    332.2
    20     1    25    10    30     5     0     1    -8.0   25.830  121.882      0.0    989.1    297.2    296.3      0.0    856.2     74.3      0.0    200.5
    21     1    25    10    30     5     0     1    -8.0   25.640  121.032      0.0    987.6    297.7    296.6      0.0    503.2     83.7      0.0    428.8
    22     1    25    10    30     5     0     1    -8.0   24.526  120.402      0.0    981.1    297.9    296.3      0.0    495.9     85.7     68.5    396.9
    23     1    25    10    30     5     0     1    -8.0   25.045  121.350     59.2    974.5    298.5    296.3      0.2    621.2     82.5     42.5    471.8
    24     1    25    10    30     5     0     1    -8.0   24.542  120.349      0.0    975.0    298.6    296.5      0.1    582.7     83.0    124.6    451.4
    25     1    25    10    30     5     0     1    -8.0   26.309  121.672      0.0    989.8    296.3    295.4      0.1    893.0     77.6      0.0     96.7
    26     1    25    10    30     5     0     1    -8.0   26.287  121.655      0.0    990.3    295.7    294.9      0.2    842.8     80.0      0.0     67.9
    27     1    25    10    30     5     0     1    -8.0   26.292  121.670      0.0    989.1    297.0    296.0      0.0    866.1     76.6      0.0    149.9
     1     1    25    10    30     4     0     2    -9.0   25.741  121.537      0.2   1014.2    297.4    298.6      0.0    815.4     75.1      0.0    227.4
     2     1    25    10    30     4     0     2    -9.0   26.004  121.688      0.0   1015.1    296.8    298.0      0.0    933.5     72.7      0.0    161.7
     3     1    25    10    30     4     0     2    -9.0   25.696  120.902      0.0   1014.1    297.2    298.4      0.0    647.3     81.5      0.0    420.3
     4     1    25    10    30     4     0     2    -9.0   24.544  120.384      0.0   1007.5    297.8    298.4      0.0    482.9     79.0     54.4    390.9
     5     1    25    10    30     4     0     2    -9.0   25.117  121.245     19.1   1008.8    297.7    298.5      0.0    691.6     79.6     33.0    409.9
     6     1    25    10    30     4     0     2    -9.0   24.453  120.349      0.0    996.4    298.9    298.6      0.1    547.7     74.2    156.0    441.8
     7     1    25    10    30     4     0     2    -9.0   26.586  121.310      0.0   1016.1    294.7    296.0      0.7    643.1     82.3      0.0     50.8
     8     1    25    10    30     4     0     2    -9.0   26.650  121.194      0.0   1016.3    293.1    294.5      0.9    396.0     88.9      0.0     52.1
     9     1    25    10    30     4     0     2    -9.0   26.586  121.246      0.0   1016.1    295.3    296.6      0.5    736.9     80.5      0.0     58.5
    10     1    25    10    30     4     0     2    -9.0   25.741  121.537    250.2   1014.2    297.4    298.6      0.0    815.3     75.1      0.0    227.5
    11     1    25    10    30     4     0     2    -9.0   26.004  121.688    250.0   1015.1    296.8    298.0      0.0    933.5     72.7      0.0    161.7
    12     1    25    10    30     4     0     2    -9.0   25.694  120.899    250.0   1014.1    297.2    298.4      0.0    647.2     81.5      0.0    421.2
    13     1    25    10    30     4     0     2    -9.0   24.538  120.384    249.4   1007.2    297.8    298.4      0.0    485.1     78.9     56.8    393.7
    14     1    25    10    30     4     0     2    -9.0   25.118  121.227    268.3   1008.7    297.7    298.5      0.0    687.6     79.8     34.1    410.2
    15     1    25    10    30     4     0     2    -9.0   24.450  120.350    248.4    996.2    299.0    298.6      0.1    549.2     74.1    157.9    442.0
    16     1    25    10    30     4     0     2    -9.0   26.586  121.310    250.0   1016.1    294.7    296.0      0.7    643.1     82.3      0.0     50.8
    17     1    25    10    30     4     0     2    -9.0   26.650  121.194    250.0   1016.3    293.1    294.5      0.9    396.0     88.9      0.0     52.1
    18     1    25    10    30     4     0     2    -9.0   26.586  121.246    250.0   1016.1    295.3    296.6      0.5    736.9     80.5      0.0     58.5
    19     1    25    10    30     4     0     2    -9.0   25.333  122.111      0.0    991.0    298.1    297.3      0.4    882.5     75.7      0.0    309.3
    20     1    25    10    30     4     0     2    -9.0   25.797  122.249      0.0    988.3    297.3    296.3      0.0    921.4     72.0      0.0    272.3
    21     1    25    10    30     4     0     2    -9.0   25.633  121.425     29.3    980.8    297.9    296.2      0.0    672.8     83.1     21.3    400.8
    22     1    25    10    30     4     0     2    -9.0   24.639  120.398      0.0    985.7    297.4    296.1      0.0    445.2     87.1     20.9    352.5
    23     1    25    10    30     4     0     2    -9.0   24.860  121.642    108.6    969.8    297.9    295.3      0.4    765.8     87.2     49.0    427.5
    24     1    25    10    30     4     0     2    -9.0   24.640  120.335      0.0    979.5    297.9    296.1      0.0    501.4     85.4     79.4    428.9
    25     1    25    10    30     4     0     2    -9.0   26.312  122.026      0.0    988.7    296.6    295.7      0.0    932.6     74.5      0.0    172.3
    26     1    25    10    30     4     0     2    -9.0   26.295  121.991      0.0    988.7    296.2    295.3      0.0    971.4     75.0      0.0    125.4
    27     1    25    10    30     4     0     2    -9.0   26.274  122.041      0.0    988.4    297.2    296.2      0.0    859.2     73.7      0.0    192.4
     1     1    25    10    30     3     0     3   -10.0   25.710  121.873      0.0   1014.9    297.4    298.7      0.0    903.8     72.8      0.0    197.9
     2     1    25    10    30     3     0     3   -10.0   26.006  122.019      0.6   1015.5    296.9    298.2      0.0    962.6     71.3      0.0    209.9
     3     1    25    10    30     3     0     3   -10.0   25.760  121.237      5.1   1014.9    297.1    298.4      0.0    797.1     80.4      0.0    342.6
     4     1    25    10    30     3     0     3   -10.0   24.651  120.390      0.0   1012.1    297.2    298.2      0.0    451.1     80.9     14.9    344.8
     5     1    25    10    30     3     0     3   -10.0   25.004  121.547     33.8   1011.1    297.4    298.4      0.4    827.6     78.7     12.7    412.1
     6     1    25    10    30     3     0     3   -10.0   24.523  120.331      0.0   1002.1    298.2    298.3      0.1    465.3     76.7    113.4    418.5
     7     1    25    10    30     3     0     3   -10.0   26.636  121.519      0.0   1016.9    295.6    297.0      0.3    968.8     75.6      0.0     47.3
     8     1    25    10    30     3     0     3   -10.0   26.756  121.257      0.0   1016.9    293.3    294.8      0.9    360.1     87.7      0.0     34.8
     9     1    25    10    30     3     0     3   -10.0   26.645  121.463      0.0   1016.9    296.0    297.4      0.3    979.8     75.5      0.0     54.1
    10     1    25    10    30     3     0     3   -10.0   25.710  121.873    250.0   1014.9    297.4    298.7      0.0    903.9     72.8      0.0    197.9
    11     1    25    10    30     3     0     3   -10.0   26.006  122.019    250.6   1015.5    296.9    298.2      0.0    962.6     71.3      0.0    209.9
    12     1    25    10    30     3     0     3   -10.0   25.759  121.232    255.0   1014.9    297.1    298.4      0.0    796.4     80.4      0.0    342.9
    13     1    25    10    30     3     0     3   -10.0   24.644  120.389    249.8   1011.8    297.3    298.3      0.0    453.5     80.7     17.7    348.3
    14     1    25    10    30     3     0     3   -10.0   25.008  121.531    287.0   1010.7    297.4    298.3      0.4    823.4     78.9     13.6    414.6
    15     1    25    10    30     3     0     3   -10.0   24.520  120.331    248.8   1001.9    298.2    298.3      0.1    465.3     76.6    115.0    418.1
    16     1    25    10    30     3     0     3   -10.0   26.636  121.519    250.0   1016.9    295.6    297.0      0.3    968.8     75.6      0.0     47.3
    17     1    25    10    30     3     0     3   -10.0   26.756  121.257    250.0   1016.9    293.3    294.8      0.9    360.1     87.7      0.0     34.8
    18     1    25    10    30     3     0     3   -10.0   26.645  121.463    250.0   1016.9    296.0    297.4      0.3    979.8     75.5      0.0     54.1
    19     1    25    10    30     3     0     3   -10.0   25.222  122.457      0.0    989.9    298.4    297.5      0.1   1117.6     70.5      0.0    264.8
    20     1    25    10    30     3     0     3   -10.0   25.766  122.636      6.6    986.8    297.4    296.3      0.0   1053.9     69.4      0.0    319.3
    21     1    25    10    30     3     0     3   -10.0   25.494  121.783     64.3    979.2    297.5    295.7      0.4    824.1     85.0     14.4    419.7
    22     1    25    10    30     3     0     3   -10.0   24.772  120.440      0.0    987.2    297.2    296.1      0.0    432.8     86.4      0.0    362.7
    23     1    25    10    30     3     0     3   -10.0   24.682  121.898     34.2    983.8    297.7    296.4      1.0    772.2     82.8      7.4    458.6
    24     1    25    10    30     3     0     3   -10.0   24.754  120.339      0.0    982.8    297.5    296.1      0.0    478.3     85.6     49.2    409.0
    25     1    25    10    30     3     0     3   -10.0   26.291  122.433      0.0    988.5    296.8    295.8      0.0    995.3     71.3      0.0    243.8
    26     1    25    10    30     3     0     3   -10.0   26.277  122.382      4.5    988.9    296.5    295.5      0.0   1029.2     70.7      0.0    297.6
    27     1    25    10    30     3     0     3   -10.0   26.237  122.459      0.0    987.8    297.3    296.3      0.0    945.0     70.3      0.0    284.9
     1     1    25    10    30     2     0     2   -11.0   25.694  122.234      0.9   1015.2    297.6    298.9      0.3    991.0     70.7      0.0    214.5
     2     1    25    10    30     2     0     2   -11.0   26.008  122.367      1.3   1016.2    296.9    298.2      0.3   1018.3     69.9      0.0    160.5
     3     1    25    10    30     2     0     2   -11.0   25.724  121.587      7.3   1015.2    297.3    298.6      0.0    830.6     77.5      0.0    225.1
     4     1    25    10    30     2     0     2   -11.0   24.780  120.442      0.0   1014.1    296.9    298.1      1.1    461.6     82.8      0.0    250.4
     5     1    25    10    30     2     0     2   -11.0   24.860  121.833     12.2   1014.9    297.6    298.8      0.6    850.0     75.9      4.4    248.6
     6     1    25    10    30     2     0     2   -11.0   24.609  120.335      0.0   1004.4    297.5    297.9      1.5    429.4     78.1     89.4    298.3
     7     1    25    10    30     2     0     2   -11.0   26.660  121.800      0.0   1017.1    296.2    297.6      0.0   1109.2     72.2      0.0     52.0
     8     1    25    10    30     2     0     2   -11.0   26.858  121.355      0.0   1017.4    293.8    295.3      0.0    608.3     80.8      0.0     26.2
     9     1    25    10    30     2     0     2   -11.0   26.670  121.755      0.0   1017.0    296.5    297.9      0.0   1054.2     72.9      0.0     58.1
    10     1    25    10    30     2     0     2   -11.0   25.694  122.234    250.9   1015.2    297.6    298.9      0.3    990.9     70.8      0.0    214.5
    11     1    25    10    30     2     0     2   -11.0   26.008  122.367    251.3   1016.2    296.9    298.2      0.3   1018.3     69.9      0.0    160.5
    12     1    25    10    30     2     0     2   -11.0   25.725  121.583    257.4   1015.2    297.3    298.6      0.0    830.8     77.6      0.0    225.1
    13     1    25    10    30     2     0     2   -11.0   24.771  120.439    250.0   1014.0    296.9    298.1      1.1    459.9     82.7      0.0    248.2
    14     1    25    10    30     2     0     2   -11.0   24.863  121.820    264.6   1014.6    297.6    298.8      0.5    844.7     76.0      4.6    249.1
    15     1    25    10    30     2     0     2   -11.0   24.605  120.335    249.1   1004.3    297.6    297.9      1.5    428.3     78.1     90.9    298.0
    16     1    25    10    30     2     0     2   -11.0   26.660  121.800    250.0   1017.1    296.2    297.6      0.0   1109.2     72.2      0.0     52.0
    17     1    25    10    30     2     0     2   -11.0   26.858  121.355    250.0   1017.4    293.8    295.3      0.0    608.3     80.8      0.0     26.2
    18     1    25    10    30     2     0     2   -11.0   26.670  121.755    250.0   1017.0    296.5    297.9      0.0   1054.2     72.9      0.0     58.1
    19     1    25    10    30     2     0     2   -11.0   25.167  122.825      0.0    988.2    298.4    297.4      1.2   1161.4     70.4      0.0    274.9
    20     1    25    10    30     2     0     2   -11.0   25.771  123.025      0.0    989.2    297.4    296.5      0.0   1074.6     67.0      0.0    233.8
    21     1    25    10    30     2     0     2   -11.0   25.333  122.109      0.0    988.5    297.6    296.7      0.7    840.9     80.3      4.9    255.5
    22     1    25    10    30     2     0     2   -11.0   24.907  120.568      0.0    986.4    297.5    296.3      0.7    488.4     83.6     14.2    294.2
    23     1    25    10    30     2     0     2   -11.0   24.561  122.166      0.0    989.2    297.7    296.8      1.9    782.0     80.5      0.0    376.8
    24     1    25    10    30     2     0     2   -11.0   24.898  120.388      0.0    985.9    297.0    295.8      1.4    460.6     87.1     16.0    236.5
    25     1    25    10    30     2     0     2   -11.0   26.285  122.859      0.0    988.7    296.8    295.9      0.1   1019.8     69.2      0.0    134.7
    26     1    25    10    30     2     0     2   -11.0   26.274  122.808      6.5    988.6    296.6    295.6      0.0   1047.1     68.9      0.0    162.8
    27     1    25    10    30     2     0     2   -11.0   26.214  122.880     15.4    986.7    297.3    296.2      0.0   1050.7     69.2      0.0    250.0
     1     1    25    10    30     1     0     1   -12.0   25.707  122.595      5.0   1016.7    297.5    298.9      0.0   1128.4     68.2      0.0    133.7
     2     1    25    10    30     1     0     1   -12.0   26.042  122.716      1.9   1016.7    296.9    298.3      0.0   1014.1     68.2      0.0     79.2
     3     1    25    10    30     1     0     1   -12.0   25.659  121.914      4.9   1015.3    297.4    298.7      0.2    852.6     75.2      0.8    116.2
     4     1    25    10    30     1     0     1   -12.0   24.932  120.573      0.8   1013.7    297.0    298.1      0.7    534.5     82.1     10.3    163.6
     5     1    25    10    30     1     0     1   -12.0   24.764  122.110      0.0   1015.4    297.6    298.9      1.8    853.1     74.7      0.0    174.5
     6     1    25    10    30     1     0     1   -12.0   24.717  120.368      0.0   1005.9    297.0    297.5      1.6    416.3     80.1     74.5    164.8
     7     1    25    10    30     1     0     1   -12.0   26.693  122.124      0.0   1017.4    296.4    297.9      0.0   1142.0     70.3      0.0     68.8
     8     1    25    10    30     1     0     1   -12.0   26.966  121.511      0.0   1017.5    294.5    296.0      0.0    833.6     74.8      0.0     15.7
     9     1    25    10    30     1     0     1   -12.0   26.699  122.099      1.3   1017.4    296.4    297.8      0.0   1040.6     72.7      0.0     69.9
    10     1    25    10    30     1     0     1   -12.0   25.707  122.594    255.0   1016.7    297.5    298.9      0.0   1128.4     68.2      0.0    133.7
    11     1    25    10    30     1     0     1   -12.0   26.042  122.716    251.9   1016.7    296.9    298.3      0.0   1014.1     68.2      0.0     79.2
    12     1    25    10    30     1     0     1   -12.0   25.659  121.910    255.0   1015.3    297.4    298.7      0.2    852.3     75.2      0.8    116.3
    13     1    25    10    30     1     0     1   -12.0   24.922  120.567    250.3   1013.6    297.0    298.1      0.7    528.4     82.1     11.3    161.8
    14     1    25    10    30     1     0     1   -12.0   24.764  122.095    250.0   1015.4    297.6    298.9      1.8    844.2     74.9      0.0    174.7
    15     1    25    10    30     1     0     1   -12.0   24.712  120.367    249.2   1005.7    297.0    297.5      1.6    414.7     80.0     75.9    165.8
    16     1    25    10    30     1     0     1   -12.0   26.693  122.124    250.0   1017.4    296.4    297.9      0.0   1142.0     70.3      0.0     68.8
    17     1    25    10    30     1     0     1   -12.0   26.966  121.511    250.0   1017.5    294.5    296.0      0.0    833.6     74.8      0.0     15.7
    18     1    25    10    30     1     0     1   -12.0   26.699  122.099    251.3   1017.4    296.4    297.8      0.0   1040.6     72.7      0.0     69.9
    19     1    25    10    30     1     0     1   -12.0   25.164  123.200      7.5    987.2    298.3    297.2      0.5   1194.2     69.3      0.0    219.9
    20     1    25    10    30     1     0     1   -12.0   25.812  123.411      2.0    989.4    297.3    296.4      0.0   1181.7     64.8      0.0    188.8
    21     1    25    10    30     1     0     1   -12.0   25.233  122.427      0.0    989.6    297.7    296.8      2.2    858.2     79.4      0.0    182.5
    22     1    25    10    30     1     0     1   -12.0   25.023  120.802     13.8    982.2    297.6    296.1      0.5    508.3     82.0     34.1    180.6
    23     1    25    10    30     1     0     1   -12.0   24.505  122.468      0.0    989.3    297.8    296.9      2.9    846.5     79.6      0.0    228.2
    24     1    25    10    30     1     0     1   -12.0   25.066  120.515      0.0    986.5    297.0    295.8      0.9    469.3     85.7     12.3    142.4
    25     1    25    10    30     1     0     1   -12.0   26.332  123.278      8.9    988.6    296.8    295.8      0.0   1064.9     67.0      0.0     87.8
    26     1    25    10    30     1     0     1   -12.0   26.319  123.225     38.7    985.5    296.6    295.4      0.0   1099.9     67.6      0.0     51.4
    27     1    25    10    30     1     0     1   -12.0   26.238  123.294      4.3    988.8    297.3    296.3      0.0   1080.0     66.1      0.0    142.1
