    10     1
    GFSQ    26     1     2     0     0
    GFSQ    26     1     3     0     0
    GFSQ    26     1     4     0     0
    GFSQ    26     1     5     0     0
    GFSQ    26     1     6     0     0
    GFSQ    26     1     7     0     0
    GFSQ    26     1     8     0     0
    GFSQ    26     1     9     0     0
    GFSQ    26     1    10     0     0
    GFSQ    26     1    11     0     0
    27 BACKWARD OMEGA   
    26     1    10    11   22.711  120.310    10.0
    26     1    10    11   22.711  120.310    10.0
    26     1    10    11   22.711  120.310    10.0
    26     1    10    11   22.711  120.310    10.0
    26     1    10    11   22.711  120.310    10.0
    26     1    10    11   22.711  120.310    10.0
    26     1    10    11   22.711  120.310    10.0
    26     1    10    11   22.711  120.310    10.0
    26     1    10    11   22.711  120.310    10.0
    26     1    10    11   22.711  120.310    10.0
    26     1    10    11   22.711  120.310    10.0
    26     1    10    11   22.711  120.310    10.0
    26     1    10    11   22.711  120.310    10.0
    26     1    10    11   22.711  120.310    10.0
    26     1    10    11   22.711  120.310    10.0
    26     1    10    11   22.711  120.310    10.0
    26     1    10    11   22.711  120.310    10.0
    26     1    10    11   22.711  120.310    10.0
    26     1    10    11   22.711  120.310    10.0
    26     1    10    11   22.711  120.310    10.0
    26     1    10    11   22.711  120.310    10.0
    26     1    10    11   22.711  120.310    10.0
    26     1    10    11   22.711  120.310    10.0
    26     1    10    11   22.711  120.310    10.0
    26     1    10    11   22.711  120.310    10.0
    26     1    10    11   22.711  120.310    10.0
    26     1    10    11   22.711  120.310    10.0
     8 PRESSURE THETA    AIR_TEMP RAINFALL MIXDEPTH RELHUMID TERR_MSL SUN_FLUX
     1     1    26     1    10    11     0     1     0.0   22.711  120.310     10.0   1015.2    291.3    292.5      0.0    532.7     50.4     34.8     53.8
     2     1    26     1    10    11     0     1     0.0   22.711  120.310     10.0   1013.1    290.7    291.8      0.0    468.3     51.6     51.7     73.2
     3     1    26     1    10    11     0     1     0.0   22.711  120.310     10.0   1017.6    291.6    293.1      0.0    658.6     53.7     11.2     45.2
     4     1    26     1    10    11     0     1     0.0   22.711  120.310     10.0    983.7    292.0    290.5      0.0    283.4     57.4    288.6     60.3
     5     1    26     1    10    11     0     1     0.0   22.711  120.310     10.0    973.8    291.5    289.2      0.0    109.6     60.2    381.9     82.2
     6     1    26     1    10    11     0     1     0.0   22.711  120.310     10.0    996.6    291.8    291.5      0.0    415.8     59.8    194.3     46.5
     7     1    26     1    10    11     0     1     0.0   22.711  120.310     10.0   1019.1    290.9    292.5      0.0    724.5     58.0      4.7     65.0
     8     1    26     1    10    11     0     1     0.0   22.711  120.310     10.0   1019.0    290.4    292.0      0.0    661.1     58.0      5.6     84.3
     9     1    26     1    10    11     0     1     0.0   22.711  120.310     10.0   1018.8    291.2    292.8      0.0    819.1     59.6      0.0     47.5
    10     1    26     1    10    11     0     1     0.0   22.711  120.310     10.0   1015.2    291.3    292.5      0.0    532.7     50.4     34.8     53.8
    11     1    26     1    10    11     0     1     0.0   22.711  120.310     10.0   1013.1    290.7    291.8      0.0    468.3     51.6     51.7     73.2
    12     1    26     1    10    11     0     1     0.0   22.711  120.310     10.0   1017.6    291.6    293.1      0.0    658.6     53.7     11.2     45.2
    13     1    26     1    10    11     0     1     0.0   22.711  120.310     10.0    983.7    292.0    290.5      0.0    283.4     57.4    288.6     60.3
    14     1    26     1    10    11     0     1     0.0   22.711  120.310     10.0    973.9    291.5    289.2      0.0    109.6     60.2    381.9     82.2
    15     1    26     1    10    11     0     1     0.0   22.711  120.310     10.0    996.6    291.8    291.5      0.0    415.8     59.8    194.3     46.5
    16     1    26     1    10    11     0     1     0.0   22.711  120.310     10.0   1019.1    290.9    292.5      0.0    724.5     58.0      4.7     65.0
    17     1    26     1    10    11     0     1     0.0   22.711  120.310     10.0   1019.0    290.4    292.0      0.0    661.1     58.0      5.6     84.3
    18     1    26     1    10    11     0     1     0.0   22.711  120.310     10.0   1018.8    291.2    292.8      0.0    819.1     59.6      0.0     47.5
    19     1    26     1    10    11     0     1     0.0   22.711  120.310     10.0    986.0    291.3    290.1      0.0    532.7     55.6     34.8     53.8
    20     1    26     1    10    11     0     1     0.0   22.711  120.310     10.0    984.0    290.9    289.6      0.0    468.3     56.6     51.7     73.2
    21     1    26     1    10    11     0     1     0.0   22.711  120.310     10.0    988.3    291.6    290.6      0.0    658.6     59.4     11.2     45.2
    22     1    26     1    10    11     0     1     0.0   22.711  120.310     10.0    955.5    292.5    288.7      0.0    283.4     60.9    288.6     60.3
    23     1    26     1    10    11     0     1     0.0   22.711  120.310     10.0    946.0    292.8    288.1      0.0    109.6     60.6    381.9     82.2
    24     1    26     1    10    11     0     1     0.0   22.711  120.310     10.0    968.1    292.0    289.3      0.0    415.8     65.8    194.3     46.5
    25     1    26     1    10    11     0     1     0.0   22.711  120.310     10.0    989.8    290.7    289.9      0.0    724.5     63.6      4.7     65.0
    26     1    26     1    10    11     0     1     0.0   22.711  120.310     10.0    989.7    290.3    289.4      0.0    661.1     63.4      5.6     84.3
    27     1    26     1    10    11     0     1     0.0   22.711  120.310     10.0    989.5    291.1    290.2      0.0    819.1     65.8      0.0     47.5
     1     1    26     1    10    10     0     2    -1.0   22.859  120.305     15.7   1012.8    291.4    292.4      0.0    586.2     50.4     43.4     79.5
     2     1    26     1    10    10     0     2    -1.0   22.858  120.304      4.1   1011.2    290.9    291.8      0.0    561.2     53.0     65.8    108.4
     3     1    26     1    10    10     0     2    -1.0   22.851  120.313     11.3   1015.2    291.7    293.0      0.0    652.6     52.2     24.3     60.8
     4     1    26     1    10    10     0     2    -1.0   22.786  120.306     50.3    977.0    292.3    290.3      0.0    352.2     56.6    299.8     80.4
     5     1    26     1    10    10     0     2    -1.0   22.767  120.293     12.6    978.5    291.5    289.6      0.0    120.9     59.5    335.4    103.2
     6     1    26     1    10    10     0     2    -1.0   22.774  120.301      2.0    994.7    292.1    291.6      0.0    455.0     57.5    201.0     56.4
     7     1    26     1    10    10     0     2    -1.0   22.961  120.335      8.9   1018.1    290.5    292.0      0.0    712.7     58.1      7.9    102.8
     8     1    26     1    10    10     0     2    -1.0   22.977  120.347      8.6   1018.3    290.1    291.6      0.0    708.0     58.5      9.0    142.0
     9     1    26     1    10    10     0     2    -1.0   22.935  120.334     10.0   1018.3    291.0    292.5      0.0    760.7     58.6      5.8     77.5
    10     1    26     1    10    10     0     2    -1.0   22.855  120.304    255.3   1013.5    291.4    292.5      0.0    587.4     50.3     43.2     79.2
    11     1    26     1    10    10     0     2    -1.0   22.858  120.304    249.3   1011.2    290.9    291.8      0.0    561.2     53.0     65.8    108.4
    12     1    26     1    10    10     0     2    -1.0   22.851  120.313    251.1   1015.4    291.7    293.0      0.0    652.7     52.1     24.3     60.8
    13     1    26     1    10    10     0     2    -1.0   22.782  120.305    286.9    978.4    292.3    290.4      0.0    356.7     56.4    297.9     80.0
    14     1    26     1    10    10     0     2    -1.0   22.763  120.294    251.8    978.4    291.5    289.6      0.0    119.5     59.6    339.4    102.9
    15     1    26     1    10    10     0     2    -1.0   22.774  120.301    248.0    994.7    292.1    291.6      0.0    455.0     57.5    201.0     56.4
    16     1    26     1    10    10     0     2    -1.0   22.961  120.335    249.9   1018.1    290.5    292.0      0.0    712.7     58.1      7.9    102.8
    17     1    26     1    10    10     0     2    -1.0   22.977  120.347    249.9   1018.3    290.1    291.6      0.0    708.0     58.5      9.0    142.0
    18     1    26     1    10    10     0     2    -1.0   22.935  120.334    249.9   1018.3    291.0    292.5      0.0    760.7     58.6      5.8     77.5
    19     1    26     1    10    10     0     2    -1.0   22.916  120.324     14.5    982.2    291.4    289.9      0.0    535.4     56.1     54.8     84.7
    20     1    26     1    10    10     0     2    -1.0   22.952  120.325     30.5    976.3    290.8    288.8      0.0    535.9     60.8    100.4    123.4
    21     1    26     1    10    10     0     2    -1.0   22.864  120.321     31.0    983.4    291.7    290.3      0.0    641.3     57.9     27.6     61.1
    22     1    26     1    10    10     0     2    -1.0   22.806  120.319     42.1    944.1    293.0    288.1      0.0    319.8     61.3    355.2     87.1
    23     1    26     1    10    10     0     2    -1.0   22.816  120.296      0.0    948.3    292.4    287.9      0.0    141.4     61.6    377.2    116.1
    24     1    26     1    10    10     0     2    -1.0   22.780  120.317     16.5    960.2    292.4    289.0      0.0    439.3     65.6    247.6     58.2
    25     1    26     1    10    10     0     2    -1.0   22.996  120.351     10.1    988.4    290.4    289.4      0.0    703.6     63.1      9.5    105.0
    26     1    26     1    10    10     0     2    -1.0   23.021  120.367     59.1    983.1    289.9    288.5      0.0    704.3     65.2     10.0    149.6
    27     1    26     1    10    10     0     2    -1.0   22.948  120.347     10.1    988.9    290.8    289.9      0.0    751.1     63.7      7.2     77.8
     1     1    26     1    10     9     0     3    -2.0   23.018  120.291      7.9   1011.9    291.5    292.5      0.0    655.6     51.3     46.2    116.2
     2     1    26     1    10     9     0     3    -2.0   23.023  120.298      0.0   1010.4    290.9    291.8      0.0    686.0     52.4     74.4    156.4
     3     1    26     1    10     9     0     3    -2.0   22.996  120.303     15.9   1013.4    292.0    293.1      0.0    718.4     49.0     36.5     80.7
     4     1    26     1    10     9     0     3    -2.0   22.891  120.291     50.4    978.9    292.3    290.4      0.0    316.4     56.2    282.4    103.4
     5     1    26     1    10     9     0     3    -2.0   22.838  120.267      0.0    985.7    291.5    290.3      0.0    187.7     58.4    273.7    137.9
     6     1    26     1    10     9     0     3    -2.0   22.841  120.291      1.0    994.4    292.5    291.9      0.0    561.2     55.1    190.1     71.0
     7     1    26     1    10     9     0     3    -2.0   23.220  120.365      6.0   1017.5    290.2    291.7      0.0    766.7     57.3     10.8    164.9
     8     1    26     1    10     9     0     3    -2.0   23.238  120.400      8.5   1017.4    289.9    291.3      0.0    728.3     55.8      0.7    258.5
     9     1    26     1    10     9     0     3    -2.0   23.182  120.345      8.2   1017.2    290.7    292.1      0.0    776.8     58.6      8.9    118.8
    10     1    26     1    10     9     0     3    -2.0   23.010  120.291    249.5   1011.9    291.5    292.5      0.0    654.8     51.2     45.3    115.1
    11     1    26     1    10     9     0     3    -2.0   23.023  120.298    249.3   1010.4    290.9    291.8      0.0    686.0     52.4     74.4    156.4
    12     1    26     1    10     9     0     3    -2.0   22.994  120.302    256.0   1014.1    292.0    293.1      0.0    719.0     49.0     36.1     80.6
    13     1    26     1    10     9     0     3    -2.0   22.883  120.292    288.6    979.7    292.3    290.5      0.0    328.0     56.2    284.1    102.9
    14     1    26     1    10     9     0     3    -2.0   22.834  120.268    247.2    985.2    291.5    290.2      0.0    185.6     58.5    278.0    136.8
    15     1    26     1    10     9     0     3    -2.0   22.841  120.291    248.6    994.4    292.5    291.9      0.0    561.2     55.1    190.1     71.0
    16     1    26     1    10     9     0     3    -2.0   23.220  120.365    249.9   1017.5    290.2    291.7      0.0    766.7     57.3     10.8    164.9
    17     1    26     1    10     9     0     3    -2.0   23.238  120.400    250.0   1017.4    289.9    291.3      0.0    728.3     55.8      0.7    258.5
    18     1    26     1    10     9     0     3    -2.0   23.182  120.345    249.9   1017.2    290.7    292.1      0.0    776.8     58.6      8.9    118.8
    19     1    26     1    10     9     0     3    -2.0   23.150  120.324     26.0    977.0    291.2    289.2      0.0    607.7     59.0     89.8    138.7
    20     1    26     1    10     9     0     3    -2.0   23.198  120.347     62.4    973.3    290.6    288.4      0.0    666.5     60.2     84.1    199.4
    21     1    26     1    10     9     0     3    -2.0   23.045  120.329      4.6    983.8    291.9    290.5      0.0    675.2     54.5     47.4     85.0
    22     1    26     1    10     9     0     3    -2.0   22.920  120.307     36.4    944.5    292.8    288.0      0.0    265.9     61.6    357.0    114.0
    23     1    26     1    10     9     0     3    -2.0   22.944  120.265      0.0    955.6    291.7    288.0      0.0    238.8     62.3    334.1    175.0
    24     1    26     1    10     9     0     3    -2.0   22.862  120.327     13.7    952.5    292.8    288.7      0.0    511.9     64.8    307.2     80.9
    25     1    26     1    10     9     0     3    -2.0   23.299  120.404     75.0    980.4    290.0    288.4      0.0    762.2     64.1     11.6    181.2
    26     1    26     1    10     9     0     3    -2.0   23.327  120.445    156.5    971.1    289.6    287.2      0.0    708.7     66.9      0.0    269.9
    27     1    26     1    10     9     0     3    -2.0   23.225  120.377      8.3    987.6    290.6    289.6      0.0    769.0     62.9     11.9    121.4
     1     1    26     1    10     8     0     2    -3.0   23.178  120.268      0.0   1013.9    291.4    292.5      0.0    855.8     49.8     41.1    251.8
     2     1    26     1    10     8     0     2    -3.0   23.200  120.293      0.0   1012.9    290.9    292.0      0.0    830.7     51.0     39.7    328.0
     3     1    26     1    10     8     0     2    -3.0   23.146  120.274     10.6   1013.7    291.7    292.8      0.0    785.1     50.2     33.2    184.6
     4     1    26     1    10     8     0     2    -3.0   22.986  120.255      7.8    996.2    291.9    291.6      0.0    477.9     53.5    166.9    223.9
     5     1    26     1    10     8     0     2    -3.0   22.915  120.231      0.0    989.7    291.8    290.9      0.0    516.1     54.6    238.7    269.5
     6     1    26     1    10     8     0     2    -3.0   22.918  120.268      0.0   1000.0    292.4    292.3      0.0    713.8     53.0    135.8    157.7
     7     1    26     1    10     8     0     2    -3.0   23.469  120.402      5.0   1017.1    290.0    291.5      0.0    822.4     55.9      1.8    365.8
     8     1    26     1    10     8     0     2    -3.0   23.494  120.461      8.5   1018.0    289.4    290.9      0.0    781.3     59.7      0.0    425.1
     9     1    26     1    10     8     0     2    -3.0   23.432  120.359      2.9   1017.1    290.3    291.7      0.0    824.8     57.7     10.2    279.1
    10     1    26     1    10     8     0     2    -3.0   23.170  120.268    249.6   1013.9    291.4    292.5      0.0    856.0     49.8     40.1    249.6
    11     1    26     1    10     8     0     2    -3.0   23.200  120.293    249.6   1012.9    290.9    292.0      0.0    830.7     51.0     39.7    328.0
    12     1    26     1    10     8     0     2    -3.0   23.139  120.273    250.8   1013.9    291.7    292.9      0.0    782.7     50.3     32.7    183.1
    13     1    26     1    10     8     0     2    -3.0   22.974  120.258    248.2    995.0    292.0    291.5      0.0    488.6     53.6    177.8    222.3
    14     1    26     1    10     8     0     2    -3.0   22.910  120.232    247.6    989.7    291.8    290.9      0.0    512.8     54.6    237.6    268.4
    15     1    26     1    10     8     0     2    -3.0   22.918  120.268    248.6   1000.0    292.4    292.3      0.0    713.8     53.0    135.8    157.7
    16     1    26     1    10     8     0     2    -3.0   23.469  120.402    250.0   1017.1    290.0    291.5      0.0    822.4     55.9      1.8    365.8
    17     1    26     1    10     8     0     2    -3.0   23.494  120.461    250.0   1018.0    289.4    290.9      0.0    781.3     59.7      0.0    425.1
    18     1    26     1    10     8     0     2    -3.0   23.432  120.359    249.9   1017.1    290.3    291.7      0.0    824.8     57.7     10.2    279.1
    19     1    26     1    10     8     0     2    -3.0   23.376  120.327     58.4    973.9    290.9    288.7      0.0    803.3     59.5     84.2    308.8
    20     1    26     1    10     8     0     2    -3.0   23.445  120.373     48.7    978.9    290.2    288.5      0.0    825.6     61.8     41.1    390.3
    21     1    26     1    10     8     0     2    -3.0   23.243  120.313      0.0    983.8    291.6    290.3      0.0    766.5     55.0     55.2    208.3
    22     1    26     1    10     8     0     2    -3.0   23.040  120.263      0.0    962.6    292.2    289.0      0.0    466.0     57.8    229.3    241.7
    23     1    26     1    10     8     0     2    -3.0   23.074  120.228      0.0    968.3    291.8    289.1      0.0    627.7     57.2    250.6    305.5
    24     1    26     1    10     8     0     2    -3.0   22.958  120.320      0.0    953.6    292.9    288.8      0.0    649.3     62.2    322.1    187.5
    25     1    26     1    10     8     0     2    -3.0   23.581  120.467    190.7    966.9    289.7    286.9      0.0    809.7     67.9      0.0    377.9
    26     1    26     1    10     8     0     2    -3.0   23.629  120.537    225.7    962.7    289.1    286.0      0.0    734.3     73.7      5.8    426.5
    27     1    26     1    10     8     0     2    -3.0   23.509  120.408     57.5    982.3    290.2    288.7      0.0    850.6     63.3     14.3    292.0
     1     1    26     1    10     7     0     1    -4.0   23.345  120.233      0.0   1016.7    291.1    292.4      0.0    974.9     50.6     13.5    429.4
     2     1    26     1    10     7     0     1    -4.0   23.392  120.291      0.0   1015.0    290.5    291.7      0.0    928.0     54.0     18.0    495.3
     3     1    26     1    10     7     0     1    -4.0   23.282  120.228      0.0   1015.1    291.7    292.9      0.0    968.5     49.1     21.4    309.9
     4     1    26     1    10     7     0     1    -4.0   23.058  120.205      0.0    997.5    292.2    292.0      0.0    809.6     50.4    158.8    353.1
     5     1    26     1    10     7     0     1    -4.0   22.985  120.187      0.0    990.9    292.2    291.4      0.0    793.1     51.3    232.3    391.2
     6     1    26     1    10     7     0     1    -4.0   23.001  120.221      0.0   1005.9    292.1    292.6      0.0    849.3     51.6     80.2    242.4
     7     1    26     1    10     7     0     1    -4.0   23.716  120.439      4.9   1017.5    289.5    290.9      0.0    867.5     59.2      0.0    511.0
     8     1    26     1    10     7     0     1    -4.0   23.775  120.531      7.8   1017.0    288.8    290.2      0.0    715.8     63.5      2.9    514.3
     9     1    26     1    10     7     0     1    -4.0   23.675  120.371      0.0   1017.0    290.0    291.4      0.0    897.9     57.6      3.4    474.8
    10     1    26     1    10     7     0     1    -4.0   23.336  120.231    249.9   1016.7    291.1    292.5      0.0    974.9     50.6     14.2    427.0
    11     1    26     1    10     7     0     1    -4.0   23.392  120.291    249.8   1015.0    290.5    291.7      0.0    928.0     54.0     18.0    495.3
    12     1    26     1    10     7     0     1    -4.0   23.275  120.228    249.8   1015.1    291.7    292.9      0.0    967.2     49.2     21.3    307.2
    13     1    26     1    10     7     0     1    -4.0   23.046  120.208    248.5    997.9    292.3    292.1      0.0    809.2     50.3    154.6    351.2
    14     1    26     1    10     7     0     1    -4.0   22.980  120.189    247.7    990.9    292.2    291.4      0.0    792.3     51.3    231.6    390.0
    15     1    26     1    10     7     0     1    -4.0   23.001  120.221    249.2   1005.9    292.1    292.6      0.0    849.3     51.6     80.2    242.4
    16     1    26     1    10     7     0     1    -4.0   23.716  120.439    250.0   1017.5    289.5    290.9      0.0    867.5     59.2      0.0    511.0
    17     1    26     1    10     7     0     1    -4.0   23.775  120.531    250.0   1017.0    288.8    290.2      0.0    715.8     63.5      2.9    514.3
    18     1    26     1    10     7     0     1    -4.0   23.675  120.371    250.0   1017.0    290.0    291.4      0.0    897.9     57.6      3.4    474.8
    19     1    26     1    10     7     0     1    -4.0   23.591  120.328     52.6    978.1    290.5    288.7      0.0    962.3     60.8     43.0    485.1
    20     1    26     1    10     7     0     1    -4.0   23.696  120.406     49.6    980.4    289.8    288.2      0.0    833.2     64.1     19.0    513.9
    21     1    26     1    10     7     0     1    -4.0   23.428  120.278      0.0    986.2    291.3    290.1      0.0    966.4     55.1     50.8    368.4
    22     1    26     1    10     7     0     1    -4.0   23.145  120.210      0.0    969.3    292.1    289.5      0.0    787.2     55.7    208.8    372.2
    23     1    26     1    10     7     0     1    -4.0   23.212  120.186      0.0    982.9    291.9    290.5      0.0    979.8     52.6    151.8    456.7
    24     1    26     1    10     7     0     1    -4.0   23.054  120.280      0.0    967.6    292.5    289.7      0.0    821.7     58.3    213.7    287.7
    25     1    26     1    10     7     0     1    -4.0   23.853  120.536    258.0    958.4    289.2    285.7      0.0    818.9     73.8      6.0    513.8
    26     1    26     1    10     7     0     1    -4.0   23.936  120.636    249.5    959.3    289.0    285.6      0.0    699.0     74.0     12.7    513.8
    27     1    26     1    10     7     0     1    -4.0   23.769  120.441    141.7    972.3    289.8    287.5      0.0    927.8     66.7      0.0    486.4
     1     1    26     1    10     6     0     0    -5.0   23.542  120.210      0.0   1016.8    290.5    291.9      0.0   1042.7     54.2      0.0    604.7
     2     1    26     1    10     6     0     0    -5.0   23.604  120.299      0.0   1015.5    289.7    291.0      0.0    905.8     57.8      8.2    602.1
     3     1    26     1    10     6     0     0    -5.0   23.436  120.175      0.0   1016.4    291.0    292.3      0.0   1018.8     52.7     16.4    505.1
     4     1    26     1    10     6     0     0    -5.0   23.125  120.144      0.0   1000.2    292.5    292.5      0.0   1059.8     47.6    142.9    471.1
     5     1    26     1    10     6     0     0    -5.0   23.061  120.133      0.0    999.7    292.4    292.4      0.0   1054.1     47.9    156.8    530.5
     6     1    26     1    10     6     0     0    -5.0   23.077  120.151      0.0   1007.2    292.0    292.6      0.0    942.3     52.0     73.8    354.2
     7     1    26     1    10     6     0     0    -5.0   23.983  120.487      4.7   1016.8    288.6    289.9      0.0    741.6     63.9      0.0    597.7
     8     1    26     1    10     6     0     0    -5.0   24.088  120.607      2.1   1017.3    288.4    289.8      0.0    734.4     62.7      6.5    598.3
     9     1    26     1    10     6     0     0    -5.0   23.922  120.390      0.0   1017.3    289.4    290.8      0.0    940.9     59.7      0.0    604.7
    10     1    26     1    10     6     0     0    -5.0   23.533  120.207    250.0   1016.8    290.6    292.0      0.0   1045.2     54.2      0.0    604.7
    11     1    26     1    10     6     0     0    -5.0   23.604  120.299    249.9   1015.5    289.7    291.0      0.0    905.8     57.8      8.2    602.1
    12     1    26     1    10     6     0     0    -5.0   23.428  120.174    249.8   1016.3    291.0    292.3      0.0   1016.8     52.8     16.3    501.1
    13     1    26     1    10     6     0     0    -5.0   23.112  120.146    248.6   1000.4    292.5    292.5      0.0   1063.6     47.5    140.5    468.0
    14     1    26     1    10     6     0     0    -5.0   23.054  120.134    248.4    999.3    292.4    292.3      0.0   1049.8     47.9    160.6    527.8
    15     1    26     1    10     6     0     0    -5.0   23.077  120.151    249.3   1007.2    292.0    292.6      0.0    942.3     52.0     73.8    354.2
    16     1    26     1    10     6     0     0    -5.0   23.983  120.487    250.0   1016.8    288.6    289.9      0.0    741.6     63.9      0.0    597.7
    17     1    26     1    10     6     0     0    -5.0   24.088  120.607    249.9   1017.3    288.4    289.8      0.0    734.4     62.7      6.5    598.3
    18     1    26     1    10     6     0     0    -5.0   23.922  120.390    250.0   1017.3    289.4    290.8      0.0    940.9     59.7      0.0    604.7
    19     1    26     1    10     6     0     0    -5.0   23.809  120.340     60.3    979.1    289.8    288.1      0.0    993.5     64.1     17.2    603.5
    20     1    26     1    10     6     0     0    -5.0   23.991  120.458     56.2    980.5    288.9    287.3      0.0    678.4     67.7     19.5    597.0
    21     1    26     1    10     6     0     0    -5.0   23.614  120.235      0.0    989.9    290.7    289.9      0.0   1090.2     57.6     11.9    563.2
    22     1    26     1    10     6     0     0    -5.0   23.231  120.156      0.0    974.1    292.2    290.0      0.0   1013.6     53.6    195.4    499.9
    23     1    26     1    10     6     0     0    -5.0   23.362  120.140      0.0    987.9    291.3    290.3      0.0   1136.1     54.5     70.7    602.3
    24     1    26     1    10     6     0     0    -5.0   23.134  120.212      0.0    977.9    292.0    290.2      0.0   1036.2     56.5    106.7    399.3
    25     1    26     1    10     6     0     0    -5.0   24.134  120.606    242.6    959.8    289.0    285.7      0.0    757.8     73.1     10.0    598.3
    26     1    26     1    10     6     0     0    -5.0   24.252  120.759    310.7    951.9    288.5    284.5      0.0    760.2     78.2      5.4    596.7
    27     1    26     1    10     6     0     0    -5.0   24.024  120.486    209.8    964.3    289.0    286.0      0.0    921.1     73.8      0.0    604.0
     1     1    26     1    10     5     0     1    -6.0   23.760  120.214      0.0   1017.6    289.2    290.7      0.0    891.2     58.9      0.0    567.2
     2     1    26     1    10     5     0     1    -6.0   23.861  120.334      0.0   1016.8    288.8    290.2      0.0    752.5     60.4      7.8    563.1
     3     1    26     1    10     5     0     1    -6.0   23.617  120.140      0.0   1017.3    290.0    291.4      0.0    910.0     55.8      7.0    549.9
     4     1    26     1    10     5     0     1    -6.0   23.193  120.079      0.0   1006.6    291.6    292.1      0.0    936.4     47.5    102.9    490.6
     5     1    26     1    10     5     0     1    -6.0   23.157  120.076      0.0   1009.4    291.4    292.2      0.0    980.5     48.3     76.7    547.0
     6     1    26     1    10     5     0     1    -6.0   23.144  120.073      0.0   1011.2    291.3    292.2      0.0    839.7     50.1     52.8    364.8
     7     1    26     1    10     5     0     1    -6.0   24.294  120.560      2.9   1018.1    288.1    289.6      0.0    726.3     63.0      4.7    562.8
     8     1    26     1    10     5     0     1    -6.0   24.412  120.711      0.0   1018.5    287.8    289.3      0.0    831.5     62.3      0.0    562.9
     9     1    26     1    10     5     0     1    -6.0   24.182  120.428      0.0   1017.8    288.4    289.9      0.0    791.8     62.6      0.0    564.6
    10     1    26     1    10     5     0     1    -6.0   23.750  120.210    250.0   1017.7    289.3    290.7      0.0    896.9     58.7      0.0    567.4
    11     1    26     1    10     5     0     1    -6.0   23.861  120.334    249.9   1016.8    288.8    290.2      0.0    752.5     60.4      7.8    563.1
    12     1    26     1    10     5     0     1    -6.0   23.609  120.139    249.9   1017.2    290.0    291.4      0.0    908.3     55.8      7.3    548.8
    13     1    26     1    10     5     0     1    -6.0   23.179  120.081    249.0   1006.5    291.6    292.2      0.0    937.2     47.5    102.3    485.8
    14     1    26     1    10     5     0     1    -6.0   23.148  120.078    249.2   1009.1    291.4    292.2      0.0    977.6     48.2     79.7    544.9
    15     1    26     1    10     5     0     1    -6.0   23.144  120.073    249.5   1011.2    291.3    292.2      0.0    839.7     50.1     52.8    364.8
    16     1    26     1    10     5     0     1    -6.0   24.294  120.560    250.0   1018.1    288.1    289.6      0.0    726.3     63.0      4.7    562.8
    17     1    26     1    10     5     0     1    -6.0   24.412  120.711    250.0   1018.5    287.8    289.3      0.0    831.5     62.3      0.0    562.9
    18     1    26     1    10     5     0     1    -6.0   24.182  120.428    250.0   1017.8    288.4    289.9      0.0    791.8     62.6      0.0    564.6
    19     1    26     1    10     5     0     1    -6.0   24.063  120.373     45.0    982.4    289.0    287.5      0.0    789.0     65.6     11.5    564.0
    20     1    26     1    10     5     0     1    -6.0   24.322  120.567     99.9    974.4    288.4    286.3      0.0    792.3     69.9     28.7    562.1
    21     1    26     1    10     5     0     1    -6.0   23.818  120.222      9.2    988.2    289.6    288.6      0.0    958.1     62.2      0.0    569.1
    22     1    26     1    10     5     0     1    -6.0   23.316  120.102      0.0    981.7    291.2    289.7      0.0    944.2     54.1    123.6    524.6
    23     1    26     1    10     5     0     1    -6.0   23.532  120.120      0.0    987.5    289.8    288.8      0.0    969.2     59.5     24.7    568.2
    24     1    26     1    10     5     0     1    -6.0   23.198  120.138      0.0    981.2    291.4    289.8      0.0    929.1     55.2     86.5    413.4
    25     1    26     1    10     5     0     1    -6.0   24.448  120.713    276.2    956.9    288.3    284.7      0.0    739.0     76.6      4.2    562.7
    26     1    26     1    10     5     0     1    -6.0   24.551  120.916    361.7    948.0    288.2    283.8      0.0    827.8     77.7      0.0    562.1
    27     1    26     1    10     5     0     1    -6.0   24.304  120.551    199.6    965.5    288.6    285.7      0.0    756.7     73.9      4.7    562.9
     1     1    26     1    10     4     0     2    -7.0   24.020  120.258      0.0   1018.1    288.2    289.7      0.0    745.6     62.8      0.8    527.5
     2     1    26     1    10     4     0     2    -7.0   24.163  120.414      0.0   1018.0    288.0    289.5      0.0    736.7     62.3      5.4    528.0
     3     1    26     1    10     4     0     2    -7.0   23.803  120.143      0.0   1018.3    289.3    290.8      0.0    856.1     57.1      0.0    532.5
     4     1    26     1    10     4     0     2    -7.0   23.260  120.029      0.0   1013.0    290.7    291.8      0.0    823.9     47.0     55.2    509.2
     5     1    26     1    10     4     0     2    -7.0   23.260  120.040      0.0   1015.1    290.4    291.7      0.0    888.0     49.2     28.5    534.8
     6     1    26     1    10     4     0     2    -7.0   23.201  120.008      0.0   1015.7    290.4    291.7      0.0    720.9     47.2     27.1    380.1
     7     1    26     1    10     4     0     2    -7.0   24.611  120.672      0.0   1018.8    287.7    289.2      0.0    806.6     62.5      0.0    528.3
     8     1    26     1    10     4     0     2    -7.0   24.711  120.860      0.0   1019.9    287.4    289.0      0.0    908.0     60.3      0.0    527.4
     9     1    26     1    10     4     0     2    -7.0   24.489  120.508      0.0   1018.7    287.9    289.4      0.0    722.3     63.7      0.7    527.4
    10     1    26     1    10     4     0     2    -7.0   24.008  120.253    250.0   1018.2    288.2    289.7      0.0    745.0     63.0      0.3    527.5
    11     1    26     1    10     4     0     2    -7.0   24.163  120.414    249.9   1018.0    288.0    289.5      0.0    736.7     62.3      5.4    528.0
    12     1    26     1    10     4     0     2    -7.0   23.794  120.141    250.0   1018.2    289.3    290.8      0.0    855.7     57.1      0.0    532.6
    13     1    26     1    10     4     0     2    -7.0   23.244  120.030    249.4   1012.7    290.7    291.8      0.0    819.7     46.9     58.1    506.1
    14     1    26     1    10     4     0     2    -7.0   23.249  120.040    249.7   1015.0    290.5    291.7      0.0    888.2     49.0     29.7    534.8
    15     1    26     1    10     4     0     2    -7.0   23.201  120.008    249.7   1015.7    290.4    291.7      0.0    720.9     47.2     27.1    380.1
    16     1    26     1    10     4     0     2    -7.0   24.611  120.672    250.0   1018.8    287.7    289.2      0.0    806.6     62.5      0.0    528.3
    17     1    26     1    10     4     0     2    -7.0   24.711  120.860    250.0   1019.9    287.4    289.0      0.0    908.0     60.3      0.0    527.4
    18     1    26     1    10     4     0     2    -7.0   24.489  120.508    250.0   1018.7    287.9    289.4      0.0    722.3     63.7      0.7    527.4
    19     1    26     1    10     4     0     2    -7.0   24.379  120.461     53.0    982.9    288.1    286.6      0.0    710.0     68.9      9.6    527.6
    20     1    26     1    10     4     0     2    -7.0   24.627  120.733    104.7    978.5    287.7    286.0      0.0    854.6     69.4      0.0    527.4
    21     1    26     1    10     4     0     2    -7.0   24.046  120.246     10.6    988.6    288.5    287.5      0.0    840.1     66.9      0.0    529.6
    22     1    26     1    10     4     0     2    -7.0   23.403  120.063      0.0    986.3    290.3    289.2      0.0    856.8     55.0     65.2    524.2
    23     1    26     1    10     4     0     2    -7.0   23.751  120.134      0.0    989.7    289.0    288.1      0.0    801.0     62.1     12.6    528.8
    24     1    26     1    10     4     0     2    -7.0   23.246  120.076      0.0    984.8    290.6    289.3      0.0    801.2     53.2     61.9    429.0
    25     1    26     1    10     4     0     2    -7.0   24.750  120.878    320.5    953.0    288.0    284.0      0.0    807.9     77.4      0.0    527.4
    26     1    26     1    10     4     0     2    -7.0   24.808  121.127    418.8    941.9    287.8    282.9      0.0    959.2     79.8      9.2    524.0
    27     1    26     1    10     4     0     2    -7.0   24.623  120.656    207.5    965.3    288.0    285.1      0.0    725.9     74.3      7.4    527.9
     1     1    26     1    10     3     0     3    -8.0   24.321  120.346      0.0   1018.4    287.9    289.4      0.0    723.2     62.2      6.4    492.8
     2     1    26     1    10     3     0     3    -8.0   24.458  120.548      0.0   1018.4    287.7    289.2      0.0    799.7     61.8      4.8    492.8
     3     1    26     1    10     3     0     3    -8.0   24.004  120.168      0.0   1018.9    288.6    290.1      0.0    818.9     59.6      0.0    492.8
     4     1    26     1    10     3     0     3    -8.0   23.319  120.001      0.0   1017.3    289.9    291.3      0.0    718.0     46.9     18.4    500.8
     5     1    26     1    10     3     0     3    -8.0   23.370  120.023      0.0   1017.6    289.5    291.0      0.0    797.0     52.3     11.3    497.3
     6     1    26     1    10     3     0     3    -8.0   23.246  119.962      0.0   1017.2    289.6    291.0      0.0    598.2     47.5     19.9    427.5
     7     1    26     1    10     3     0     3    -8.0   24.902  120.824      0.0   1020.1    287.3    288.9      0.0    860.6     60.8      0.0    492.8
     8     1    26     1    10     3     0     3    -8.0   24.959  121.040      0.0   1020.8    287.1    288.8      0.0    974.3     58.1      0.6    492.5
     9     1    26     1    10     3     0     3    -8.0   24.802  120.625      0.0   1019.1    287.5    289.0      0.0    788.2     62.7      0.0    492.8
    10     1    26     1    10     3     0     3    -8.0   24.309  120.340    249.9   1018.4    287.9    289.4      0.0    720.7     62.2      6.4    492.8
    11     1    26     1    10     3     0     3    -8.0   24.458  120.548    250.0   1018.4    287.7    289.2      0.0    799.6     61.8      4.8    492.8
    12     1    26     1    10     3     0     3    -8.0   23.993  120.166    250.0   1018.9    288.6    290.2      0.0    818.8     59.4      0.0    492.9
    13     1    26     1    10     3     0     3    -8.0   23.301  120.002    249.8   1017.0    289.9    291.3      0.0    710.7     46.7     21.3    500.8
    14     1    26     1    10     3     0     3    -8.0   23.354  120.022    249.9   1017.6    289.6    291.0      0.0    794.8     51.8     11.6    497.7
    15     1    26     1    10     3     0     3    -8.0   23.246  119.962    249.8   1017.2    289.6    291.0      0.0    598.2     47.5     19.9    427.5
    16     1    26     1    10     3     0     3    -8.0   24.902  120.824    250.0   1020.1    287.3    288.9      0.0    860.6     60.8      0.0    492.8
    17     1    26     1    10     3     0     3    -8.0   24.959  121.040    250.0   1020.8    287.1    288.8      0.0    974.3     58.1      0.6    492.5
    18     1    26     1    10     3     0     3    -8.0   24.802  120.625    250.0   1019.1    287.5    289.0      0.0    788.2     62.7      0.0    492.8
    19     1    26     1    10     3     0     3    -8.0   24.690  120.618     70.9    980.2    287.8    286.2      0.0    788.8     68.4     17.2    492.8
    20     1    26     1    10     3     0     3    -8.0   24.874  120.956    117.2    977.1    287.7    285.8      0.0    973.7     67.1      9.8    489.4
    21     1    26     1    10     3     0     3    -8.0   24.331  120.309      0.0    990.0    288.0    287.2      0.0    745.6     66.6      5.5    492.8
    22     1    26     1    10     3     0     3    -8.0   23.477  120.037      0.0    990.3    289.7    288.9      0.0    765.5     55.4     31.0    500.9
    23     1    26     1    10     3     0     3    -8.0   24.043  120.208      0.0    989.6    288.0    287.1      0.0    682.5     65.9     16.1    492.8
    24     1    26     1    10     3     0     3    -8.0   23.276  120.028      0.0    987.2    289.7    288.6      0.0    625.0     52.5     39.9    436.6
    25     1    26     1    10     3     0     3    -8.0   25.006  121.093    342.5    951.3    287.6    283.6      0.0    929.2     77.7      8.5    489.9
    26     1    26     1    10     3     0     3    -8.0   24.982  121.377    478.5    936.6    287.6    282.3      0.0   1009.4     80.9      5.2    488.7
    27     1    26     1    10     3     0     3    -8.0   24.933  120.825    253.6    959.6    287.8    284.4      0.0    789.4     75.6     12.3    492.8
     1     1    26     1    10     2     0     2    -9.0   24.615  120.480      0.0   1019.2    287.4    288.9      0.0    806.9     62.3      0.0    335.1
     2     1    26     1    10     2     0     2    -9.0   24.719  120.713      0.0   1020.3    287.2    288.9      0.0    910.9     60.8      0.0    335.1
     3     1    26     1    10     2     0     2    -9.0   24.261  120.231      0.0   1019.1    287.8    289.4      0.0    756.3     63.3      0.0    335.1
     4     1    26     1    10     2     0     2    -9.0   23.384  119.994      0.0   1017.9    288.7    290.1      0.0    594.9     51.6     10.7    340.4
     5     1    26     1    10     2     0     2    -9.0   23.524  120.034      0.0   1017.6    288.5    289.9      0.0    727.4     57.9      7.1    335.8
     6     1    26     1    10     2     0     2    -9.0   23.296  119.941      0.0   1017.5    288.6    290.1      0.0    497.1     51.6     17.9    305.0
     7     1    26     1    10     2     0     2    -9.0   25.148  121.001      0.0   1020.5    286.9    288.6      0.0    947.8     58.9      0.0    335.1
     8     1    26     1    10     2     0     2    -9.0   25.150  121.237      0.0   1020.5    286.9    288.6      0.0    992.3     56.2      0.0    335.1
     9     1    26     1    10     2     0     2    -9.0   25.087  120.779      0.0   1019.6    287.1    288.7      0.0    855.9     60.9      0.0    335.1
    10     1    26     1    10     2     0     2    -9.0   24.603  120.473    250.1   1019.2    287.4    288.9      0.0    804.3     62.4      0.0    335.1
    11     1    26     1    10     2     0     2    -9.0   24.719  120.713    250.0   1020.3    287.2    288.9      0.0    910.9     60.8      0.0    335.1
    12     1    26     1    10     2     0     2    -9.0   24.246  120.227    250.0   1019.1    287.8    289.4      0.0    756.7     63.2      0.0    335.1
    13     1    26     1    10     2     0     2    -9.0   23.362  119.995    249.9   1017.8    288.7    290.1      0.0    586.4     51.3     12.7    340.4
    14     1    26     1    10     2     0     2    -9.0   23.500  120.031    249.9   1017.6    288.5    289.9      0.0    727.5     57.6      6.8    335.8
    15     1    26     1    10     2     0     2    -9.0   23.296  119.941    249.8   1017.5    288.6    290.1      0.0    497.1     51.6     17.9    305.0
    16     1    26     1    10     2     0     2    -9.0   25.148  121.001    250.0   1020.5    286.9    288.6      0.0    947.8     58.9      0.0    335.1
    17     1    26     1    10     2     0     2    -9.0   25.150  121.237    250.0   1020.5    286.9    288.6      0.0    992.3     56.2      0.0    335.1
    18     1    26     1    10     2     0     2    -9.0   25.087  120.779    250.0   1019.6    287.1    288.7      0.0    855.9     60.9      0.0    335.1
    19     1    26     1    10     2     0     2    -9.0   24.953  120.819     73.6    981.4    287.4    285.9      0.0    890.7     68.3     13.0    333.9
    20     1    26     1    10     2     0     2    -9.0   25.039  121.198    101.4    980.0    287.4    285.8      0.0   1045.8     66.7      0.0    331.6
    21     1    26     1    10     2     0     2    -9.0   24.655  120.432      3.9    989.5    287.4    286.5      0.0    744.4     68.0      6.5    335.1
    22     1    26     1    10     2     0     2    -9.0   23.576  120.032      0.0    991.0    288.6    287.9      0.0    653.4     60.4     18.7    339.0
    23     1    26     1    10     2     0     2    -9.0   24.347  120.357      0.0    986.5    287.6    286.5      0.0    766.5     66.1     39.6    335.1
    24     1    26     1    10     2     0     2    -9.0   23.310  119.998      2.0    988.6    288.9    287.9      0.0    468.4     53.8     23.3    300.1
    25     1    26     1    10     2     0     2    -9.0   25.185  121.340    387.1    945.3    287.5    282.9      0.0    980.0     78.1     15.0    332.8
    26     1    26     1    10     2     0     2    -9.0   25.070  121.611    492.8    930.6    287.5    281.7      0.0   1012.4     82.6     38.1    311.7
    27     1    26     1    10     2     0     2    -9.0   25.194  121.036    269.6    959.4    287.4    284.0      0.0    893.9     75.6      7.4    334.5
     1     1    26     1    10     1     0     1   -10.0   24.877  120.646      0.0   1019.7    287.0    288.6      0.0    876.0     60.7      0.0    177.5
     2     1    26     1    10     1     0     1   -10.0   24.933  120.895      1.6   1019.4    287.0    288.6      0.0    958.0     58.8      3.7    177.1
     3     1    26     1    10     1     0     1   -10.0   24.556  120.346      0.0   1018.4    287.2    288.7      0.0    754.9     63.3      7.0    177.5
     4     1    26     1    10     1     0     1   -10.0   23.471  120.006      0.0   1017.4    287.7    289.1      0.0    470.8     55.9      7.7    180.1
     5     1    26     1    10     1     0     1   -10.0   23.737  120.089      0.0   1017.4    287.6    289.0      0.0    675.3     61.6      8.9    177.5
     6     1    26     1    10     1     0     1   -10.0   23.363  119.943      0.0   1017.5    287.7    289.1      0.0    397.2     54.6     18.1    168.2
     7     1    26     1    10     1     0     1   -10.0   25.342  121.186      0.0   1020.0    286.8    288.4      0.0    977.4     57.2      0.0    177.5
     8     1    26     1    10     1     0     1   -10.0   25.297  121.420      0.0   1020.0    286.6    288.3      0.0   1005.8     54.8      0.0    177.5
     9     1    26     1    10     1     0     1   -10.0   25.332  120.952      0.0   1020.0    286.8    288.4      0.0    930.0     59.3      0.0    177.5
    10     1    26     1    10     1     0     1   -10.0   24.866  120.638    250.0   1019.7    287.0    288.6      0.0    872.5     60.7      0.0    177.5
    11     1    26     1    10     1     0     1   -10.0   24.933  120.895    251.5   1019.4    287.0    288.6      0.0    958.0     58.8      3.7    177.1
    12     1    26     1    10     1     0     1   -10.0   24.541  120.340    249.9   1018.4    287.2    288.7      0.0    752.2     63.4      7.1    177.5
    13     1    26     1    10     1     0     1   -10.0   23.446  120.006    249.9   1017.4    287.6    289.0      0.0    461.7     55.6      9.6    180.1
    14     1    26     1    10     1     0     1   -10.0   23.705  120.081    249.9   1017.3    287.6    289.0      0.0    669.7     61.3      9.5    177.6
    15     1    26     1    10     1     0     1   -10.0   23.363  119.943    249.8   1017.5    287.7    289.1      0.0    397.2     54.6     18.1    168.2
    16     1    26     1    10     1     0     1   -10.0   25.342  121.186    250.0   1020.0    286.8    288.4      0.0    977.4     57.2      0.0    177.5
    17     1    26     1    10     1     0     1   -10.0   25.297  121.420    250.0   1020.0    286.6    288.3      0.0   1005.8     54.8      0.0    177.5
    18     1    26     1    10     1     0     1   -10.0   25.332  120.952    250.0   1020.0    286.8    288.4      0.0    930.0     59.3      0.0    177.5
    19     1    26     1    10     1     0     1   -10.0   25.153  121.044     77.8    980.3    287.2    285.6      0.0    929.7     68.0     15.7    176.3
    20     1    26     1    10     1     0     1   -10.0   25.142  121.409     95.0    976.5    287.2    285.3      0.0   1004.6     66.7     32.7    166.8
    21     1    26     1    10     1     0     1   -10.0   24.956  120.614      4.7    988.8    287.1    286.2      0.0    822.2     67.2     12.3    177.5
    22     1    26     1    10     1     0     1   -10.0   23.765  120.066      0.0    991.0    287.6    286.9      0.0    612.5     65.2     14.2    178.1
    23     1    26     1    10     1     0     1   -10.0   24.607  120.547      0.0    989.2    287.2    286.3      0.0    820.9     66.6     18.0    177.3
    24     1    26     1    10     1     0     1   -10.0   23.374  119.990      8.2    988.0    288.2    287.2      0.0    351.3     56.2     22.5    167.1
    25     1    26     1    10     1     0     1   -10.0   25.292  121.570    372.2    945.2    287.4    282.9      0.0   1015.1     78.6     27.6    167.2
    26     1    26     1    10     1     0     1   -10.0   25.106  121.805    563.8    920.6    287.4    280.7      0.0    976.8     86.1     56.4    158.4
    27     1    26     1    10     1     0     1   -10.0   25.391  121.269    315.0    952.9    287.3    283.4      0.0    927.1     76.6     13.5    176.3
     1     1    26     1    10     0     0     0   -11.0   25.098  120.825      1.5   1018.8    286.8    288.3      0.0    923.1     59.9      4.3     19.8
     2     1    26     1    10     0     0     0   -11.0   25.104  121.077      1.5   1019.6    286.8    288.4      0.0   1018.2     57.9      0.0     19.8
     3     1    26     1    10     0     0     0   -11.0   24.832  120.502      0.8   1019.5    286.9    288.4      0.0    864.9     62.4      0.9     19.8
     4     1    26     1    10     0     0     0   -11.0   23.585  120.042      0.0   1015.0    286.9    288.1      0.0    385.9     60.0     23.2     19.8
     5     1    26     1    10     0     0     0   -11.0   23.980  120.190      1.0   1016.4    286.8    288.1      0.0    677.5     64.5     17.8     19.8
     6     1    26     1    10     0     0     0   -11.0   23.446  119.962      0.0   1017.6    286.5    288.0      0.0    275.6     57.4     19.9     19.8
     7     1    26     1    10     0     0     0   -11.0   25.499  121.356      0.0   1019.6    286.5    288.0      0.0    964.9     55.6      0.0     19.8
     8     1    26     1    10     0     0     0   -11.0   25.421  121.575      0.0   1019.6    286.5    288.1      0.0    998.3     53.6      0.0     19.8
     9     1    26     1    10     0     0     0   -11.0   25.527  121.128      0.6   1019.6    286.6    288.2      0.0    965.0     57.8      0.0     19.8
    10     1    26     1    10     0     0     0   -11.0   25.088  120.817    251.1   1018.9    286.8    288.3      0.0    924.9     60.0      4.0     19.8
    11     1    26     1    10     0     0     0   -11.0   25.104  121.077    251.5   1019.6    286.8    288.4      0.0   1018.2     57.9      0.0     19.8
    12     1    26     1    10     0     0     0   -11.0   24.818  120.495    250.9   1019.6    286.9    288.5      0.0    863.0     62.6      0.0     19.8
    13     1    26     1    10     0     0     0   -11.0   23.554  120.038    249.8   1015.0    286.8    288.0      0.0    359.4     59.8     23.9     19.8
    14     1    26     1    10     0     0     0   -11.0   23.943  120.177    250.2   1016.4    286.8    288.1      0.0    659.9     64.3     16.6     19.8
    15     1    26     1    10     0     0     0   -11.0   23.446  119.962    249.8   1017.6    286.5    288.0      0.0    275.6     57.4     19.9     19.8
    16     1    26     1    10     0     0     0   -11.0   25.499  121.356    250.0   1019.6    286.5    288.0      0.0    964.9     55.6      0.0     19.8
    17     1    26     1    10     0     0     0   -11.0   25.421  121.575    250.0   1019.6    286.5    288.1      0.0    998.3     53.6      0.0     19.8
    18     1    26     1    10     0     0     0   -11.0   25.527  121.128    250.6   1019.6    286.6    288.2      0.0    965.0     57.8      0.0     19.8
    19     1    26     1    10     0     0     0   -11.0   25.293  121.260     41.6    985.7    287.3    286.1      0.0   1101.9     66.2      4.0     19.6
    20     1    26     1    10     0     0     0   -11.0   25.213  121.580    130.8    974.3    287.1    285.0      0.0   1084.4     66.6     13.2     19.0
    21     1    26     1    10     0     0     0   -11.0   25.202  120.821      6.2    988.5    286.9    285.9      0.0    859.9     67.6     13.7     19.8
    22     1    26     1    10     0     0     0   -11.0   24.026  120.151      0.0    988.1    286.8    285.8      0.0    574.1     69.6     14.1     19.8
    23     1    26     1    10     0     0     0   -11.0   24.810  120.758      1.7    987.7    287.1    286.1      0.0    806.9     67.8     20.1     19.8
    24     1    26     1    10     0     0     0   -11.0   23.479  120.004     11.6    987.1    287.5    286.4      0.0    227.2     58.2     28.3     19.8
    25     1    26     1    10     0     0     0   -11.0   25.352  121.758    382.1    939.3    287.3    282.2      0.0    848.0     80.2     68.7     15.3
    26     1    26     1    10     0     0     0   -11.0   25.131  121.959    603.4    920.8    287.3    280.6      0.0   1121.6     85.9     18.7     19.2
    27     1    26     1    10     0     0     0   -11.0   25.520  121.495    317.3    954.2    287.3    283.5      0.0   1124.4     77.0      0.0     19.8
     1     1    26     1     9    23     0     1   -12.0   25.270  120.988      5.5   1019.0    286.8    288.3      0.0    983.1     59.0      0.0     13.2
     2     1    26     1     9    23     0     1   -12.0   25.244  121.229      0.0   1019.0    286.7    288.3      0.0    990.1     56.3      0.0     13.2
     3     1    26     1     9    23     0     1   -12.0   25.062  120.667      0.0   1018.9    286.8    288.4      0.0    828.9     61.4      0.0     13.2
     4     1    26     1     9    23     0     1   -12.0   23.721  120.093      0.0   1014.1    286.7    287.9      0.0    386.0     60.6     26.2     13.2
     5     1    26     1     9    23     0     1   -12.0   24.210  120.326      4.6   1012.2    286.7    287.7      0.0    641.0     63.5     56.1     13.2
     6     1    26     1     9    23     0     1   -12.0   23.540  119.990      0.0   1017.0    286.1    287.4      0.0    247.0     58.3     18.9     13.2
     7     1    26     1     9    23     0     1   -12.0   25.633  121.495      0.0   1019.3    286.4    288.0      0.0    955.0     54.8      0.0     13.2
     8     1    26     1     9    23     0     1   -12.0   25.530  121.696      0.0   1019.8    286.3    288.0      0.0    980.4     53.1      0.0     13.2
     9     1    26     1     9    23     0     1   -12.0   25.689  121.283      0.5   1019.4    286.4    288.0      0.0    929.5     56.9      0.0     13.2
    10     1    26     1     9    23     0     1   -12.0   25.261  120.979    255.3   1019.0    286.8    288.4      0.0    983.2     59.1      0.0     13.2
    11     1    26     1     9    23     0     1   -12.0   25.244  121.229    250.0   1019.0    286.7    288.3      0.0    990.1     56.3      0.0     13.2
    12     1    26     1     9    23     0     1   -12.0   25.049  120.660    250.0   1018.9    286.8    288.4      0.0    825.3     61.4      0.0     13.2
    13     1    26     1     9    23     0     1   -12.0   23.682  120.087    249.7   1013.6    286.7    287.8      0.0    366.4     60.4     31.5     13.2
    14     1    26     1     9    23     0     1   -12.0   24.172  120.308    253.8   1012.5    286.8    287.8      0.0    633.4     63.3     52.4     13.2
    15     1    26     1     9    23     0     1   -12.0   23.540  119.990    249.8   1017.0    286.1    287.4      0.0    247.0     58.3     18.9     13.2
    16     1    26     1     9    23     0     1   -12.0   25.633  121.495    250.0   1019.3    286.4    288.0      0.0    955.0     54.8      0.0     13.2
    17     1    26     1     9    23     0     1   -12.0   25.530  121.696    250.0   1019.8    286.3    288.0      0.0    980.4     53.1      0.0     13.2
    18     1    26     1     9    23     0     1   -12.0   25.689  121.283    250.5   1019.4    286.4    288.0      0.0    929.5     56.9      0.0     13.2
    19     1    26     1     9    23     0     1   -12.0   25.392  121.433     31.4    982.4    287.2    285.7      0.0    907.0     66.0     37.8     11.5
    20     1    26     1     9    23     0     1   -12.0   25.276  121.710    142.2    973.8    287.2    285.0      0.0   1169.2     65.6      0.0     13.2
    21     1    26     1     9    23     0     1   -12.0   25.386  121.019      6.8    987.8    286.9    285.9      0.0    832.7     66.9     14.0     13.2
    22     1    26     1     9    23     0     1   -12.0   24.307  120.281     30.0    980.6    287.2    285.6      0.0    571.3     68.6     50.2     13.2
    23     1    26     1     9    23     0     1   -12.0   24.952  120.949      0.0    989.9    287.1    286.3      0.0    917.9     66.2     19.2     13.2
    24     1    26     1     9    23     0     1   -12.0   23.627  120.042     14.6    982.2    287.9    286.4      0.0    233.1     60.3     51.5     13.2
    25     1    26     1     9    23     0     1   -12.0   25.392  121.905    396.0    942.5    287.3    282.5      0.0   1027.5     78.2     25.8     12.3
    26     1    26     1     9    23     0     1   -12.0   25.154  122.076    606.6    921.0    287.3    280.6      0.0   1167.4     85.8      6.2     11.7
    27     1    26     1     9    23     0     1   -12.0   25.603  121.676    294.9    950.7    287.3    283.1      0.0    862.6     76.6     49.5     11.0