    10     1
    GFSQ    26     1     2     0     0
    GFSQ    26     1     3     0     0
    GFSQ    26     1     4     0     0
    GFSQ    26     1     5     0     0
    GFSQ    26     1     6     0     0
    GFSQ    26     1     7     0     0
    GFSQ    26     1     8     0     0
    GFSQ    26     1     9     0     0
    GFSQ    26     1    10     0     0
    GFSQ    26     1    11     0     0
    27 BACKWARD OMEGA   
    26     1    10    14   22.711  120.310    10.0
    26     1    10    14   22.711  120.310    10.0
    26     1    10    14   22.711  120.310    10.0
    26     1    10    14   22.711  120.310    10.0
    26     1    10    14   22.711  120.310    10.0
    26     1    10    14   22.711  120.310    10.0
    26     1    10    14   22.711  120.310    10.0
    26     1    10    14   22.711  120.310    10.0
    26     1    10    14   22.711  120.310    10.0
    26     1    10    14   22.711  120.310    10.0
    26     1    10    14   22.711  120.310    10.0
    26     1    10    14   22.711  120.310    10.0
    26     1    10    14   22.711  120.310    10.0
    26     1    10    14   22.711  120.310    10.0
    26     1    10    14   22.711  120.310    10.0
    26     1    10    14   22.711  120.310    10.0
    26     1    10    14   22.711  120.310    10.0
    26     1    10    14   22.711  120.310    10.0
    26     1    10    14   22.711  120.310    10.0
    26     1    10    14   22.711  120.310    10.0
    26     1    10    14   22.711  120.310    10.0
    26     1    10    14   22.711  120.310    10.0
    26     1    10    14   22.711  120.310    10.0
    26     1    10    14   22.711  120.310    10.0
    26     1    10    14   22.711  120.310    10.0
    26     1    10    14   22.711  120.310    10.0
    26     1    10    14   22.711  120.310    10.0
     8 PRESSURE THETA    AIR_TEMP RAINFALL MIXDEPTH RELHUMID TERR_MSL SUN_FLUX
     1     1    26     1    10    14     0     2     0.0   22.711  120.310     10.0   1016.1    290.3    291.7      0.0    418.7     56.0     34.8     14.0
     2     1    26     1    10    14     0     2     0.0   22.711  120.310     10.0   1014.1    289.5    290.7      0.0    372.6     59.1     51.7     18.9
     3     1    26     1    10    14     0     2     0.0   22.711  120.310     10.0   1018.8    291.2    292.7      0.0    548.7     54.2     11.2     11.8
     4     1    26     1    10    14     0     2     0.0   22.711  120.310     10.0    985.4    291.2    289.9      0.0    152.7     59.5    288.6     15.5
     5     1    26     1    10    14     0     2     0.0   22.711  120.310     10.0    974.8    290.5    288.3      0.0     44.4     63.2    381.9     21.3
     6     1    26     1    10    14     0     2     0.0   22.711  120.310     10.0    997.7    291.4    291.2      0.0    272.4     60.2    194.3     12.3
     7     1    26     1    10    14     0     2     0.0   22.711  120.310     10.0   1019.8    290.6    292.3      0.0    705.0     60.5      4.7     16.3
     8     1    26     1    10    14     0     2     0.0   22.711  120.310     10.0   1019.7    290.0    291.6      0.0    672.1     62.3      5.6     21.6
     9     1    26     1    10    14     0     2     0.0   22.711  120.310     10.0   1020.1    291.2    292.9      0.0    784.5     58.3      0.0     11.8
    10     1    26     1    10    14     0     2     0.0   22.711  120.310     10.0   1016.1    290.3    291.7      0.0    418.7     56.0     34.8     14.0
    11     1    26     1    10    14     0     2     0.0   22.711  120.310     10.0   1014.1    289.5    290.7      0.0    372.6     59.1     51.7     18.9
    12     1    26     1    10    14     0     2     0.0   22.711  120.310     10.0   1018.8    291.2    292.7      0.0    548.7     54.2     11.2     11.8
    13     1    26     1    10    14     0     2     0.0   22.711  120.310     10.0    985.4    291.2    289.9      0.0    152.7     59.5    288.6     15.5
    14     1    26     1    10    14     0     2     0.0   22.711  120.310     10.0    974.9    290.5    288.3      0.0     44.4     63.2    381.9     21.3
    15     1    26     1    10    14     0     2     0.0   22.711  120.310     10.0    997.8    291.4    291.2      0.0    272.4     60.2    194.3     12.3
    16     1    26     1    10    14     0     2     0.0   22.711  120.310     10.0   1019.8    290.6    292.3      0.0    705.0     60.5      4.7     16.3
    17     1    26     1    10    14     0     2     0.0   22.711  120.310     10.0   1019.7    290.0    291.6      0.0    672.1     62.3      5.6     21.6
    18     1    26     1    10    14     0     2     0.0   22.711  120.310     10.0   1020.1    291.2    292.9      0.0    784.5     58.3      0.0     11.8
    19     1    26     1    10    14     0     2     0.0   22.711  120.310     10.0    986.8    290.4    289.3      0.0    418.7     61.5     34.8     14.0
    20     1    26     1    10    14     0     2     0.0   22.711  120.310     10.0    984.9    289.9    288.7      0.0    372.6     64.5     51.7     18.9
    21     1    26     1    10    14     0     2     0.0   22.711  120.310     10.0    989.5    291.2    290.3      0.0    548.7     59.4     11.2     11.8
    22     1    26     1    10    14     0     2     0.0   22.711  120.310     10.0    957.2    292.0    288.3      0.0    152.7     62.2    288.6     15.5
    23     1    26     1    10    14     0     2     0.0   22.711  120.310     10.0    946.9    292.3    287.6      0.0     44.4     62.7    381.9     21.3
    24     1    26     1    10    14     0     2     0.0   22.711  120.310     10.0    969.1    291.8    289.1      0.0    272.4     65.6    194.3     12.3
    25     1    26     1    10    14     0     2     0.0   22.711  120.310     10.0    990.4    290.5    289.7      0.0    705.0     65.6      4.7     16.3
    26     1    26     1    10    14     0     2     0.0   22.711  120.310     10.0    990.3    289.9    289.1      0.0    672.1     67.7      5.6     21.6
    27     1    26     1    10    14     0     2     0.0   22.711  120.310     10.0    990.8    291.1    290.3      0.0    784.5     63.8      0.0     11.8
     1     1    26     1    10    13     0     1    -1.0   22.867  120.313     21.0   1013.3    290.2    291.2      0.0    389.1     54.8     47.0     33.0
     2     1    26     1    10    13     0     1    -1.0   22.849  120.319     16.1   1011.0    289.7    290.6      0.0    370.2     58.2     76.0     43.6
     3     1    26     1    10    13     0     1    -1.0   22.884  120.320     12.4   1016.4    290.8    292.2      0.0    452.9     53.3     29.3     26.1
     4     1    26     1    10    13     0     1    -1.0   22.759  120.300     57.8    980.8    291.3    289.7      0.0    145.8     59.0    271.5     30.9
     5     1    26     1    10    13     0     1    -1.0   22.748  120.304     49.7    971.2    291.1    288.6      0.0     36.0     61.3    372.7     42.7
     6     1    26     1    10    13     0     1    -1.0   22.778  120.300      9.0    997.2    291.3    291.1      0.0    223.8     58.3    199.6     24.8
     7     1    26     1    10    13     0     1    -1.0   22.970  120.354     11.3   1019.2    290.1    291.7      0.0    599.8     58.4      9.7     41.9
     8     1    26     1    10    13     0     1    -1.0   22.979  120.364     10.0   1019.5    289.7    291.3      0.0    608.9     61.2     10.7     55.8
     9     1    26     1    10    13     0     1    -1.0   22.952  120.353     10.7   1019.4    290.8    292.4      0.0    655.2     57.3      7.8     30.9
    10     1    26     1    10    13     0     1    -1.0   22.862  120.312    258.6   1014.6    290.2    291.4      0.0    390.4     54.6     46.5     32.8
    11     1    26     1    10    13     0     1    -1.0   22.845  120.318    255.8   1011.8    289.7    290.6      0.0    370.3     58.0     75.1     43.4
    12     1    26     1    10    13     0     1    -1.0   22.884  120.320    252.0   1016.7    290.8    292.2      0.0    453.1     53.3     29.2     26.1
    13     1    26     1    10    13     0     1    -1.0   22.757  120.301    293.9    982.1    291.3    289.7      0.0    146.7     58.8    271.6     30.9
    14     1    26     1    10    13     0     1    -1.0   22.746  120.305    291.9    971.5    291.1    288.6      0.0     36.6     61.4    374.3     42.7
    15     1    26     1    10    13     0     1    -1.0   22.778  120.300    248.0    997.2    291.3    291.1      0.0    223.8     58.3    199.6     24.8
    16     1    26     1    10    13     0     1    -1.0   22.969  120.354    251.1   1019.3    290.1    291.7      0.0    600.0     58.4      9.7     41.9
    17     1    26     1    10    13     0     1    -1.0   22.979  120.364    249.9   1019.5    289.7    291.4      0.0    608.9     61.2     10.7     55.8
    18     1    26     1    10    13     0     1    -1.0   22.952  120.353    250.6   1019.5    290.8    292.4      0.0    655.3     57.3      7.8     30.9
    19     1    26     1    10    13     0     1    -1.0   22.926  120.336     70.4    976.5    290.7    288.7      0.0    343.3     61.0     60.9     35.1
    20     1    26     1    10    13     0     1    -1.0   22.940  120.351     61.4    971.4    290.4    288.0      0.0    331.7     65.1    124.1     50.1
    21     1    26     1    10    13     0     1    -1.0   22.899  120.325     44.9    983.0    291.0    289.5      0.0    438.6     59.0     32.1     26.3
    22     1    26     1    10    13     0     1    -1.0   22.772  120.312     46.2    948.9    292.6    288.1      0.0    134.6     61.2    319.3     33.1
    23     1    26     1    10    13     0     1    -1.0   22.781  120.313      0.0    943.8    292.6    287.7      0.0     43.3     61.7    427.7     46.6
    24     1    26     1    10    13     0     1    -1.0   22.773  120.306     25.5    965.2    291.9    288.9      0.0    223.8     64.2    214.6     24.7
    25     1    26     1    10    13     0     1    -1.0   23.014  120.365     41.2    986.2    290.0    288.9      0.0    588.0     64.9     10.8     43.7
    26     1    26     1    10    13     0     1    -1.0   23.042  120.382     27.0    988.0    289.5    288.5      0.0    600.5     68.1     10.3     61.6
    27     1    26     1    10    13     0     1    -1.0   22.974  120.359      8.6    990.2    290.6    289.8      0.0    639.5     62.4      9.1     31.5
     1     1    26     1    10    12     0     0    -2.0   23.016  120.318     27.6   1010.9    290.1    291.0      0.0    370.0     53.0     61.1     59.1
     2     1    26     1    10    12     0     0    -2.0   22.997  120.324     19.1   1007.1    289.9    290.5      0.0    374.2     59.0    108.0     77.3
     3     1    26     1    10    12     0     0    -2.0   23.030  120.325     23.2   1012.8    290.7    291.8      0.0    391.0     51.1     44.9     43.6
     4     1    26     1    10    12     0     0    -2.0   22.813  120.294    115.2    974.5    291.6    289.4      0.0    126.8     58.8    265.6     48.9
     5     1    26     1    10    12     0     0    -2.0   22.798  120.300     66.4    968.4    291.5    288.7      0.0     62.2     60.1    383.1     69.7
     6     1    26     1    10    12     0     0    -2.0   22.844  120.290     19.5    996.5    291.4    291.0      0.0    219.5     57.0    187.0     38.9
     7     1    26     1    10    12     0     0    -2.0   23.210  120.388     11.4   1018.9    290.0    291.6      0.0    557.9     58.2     13.0     79.3
     8     1    26     1    10    12     0     0    -2.0   23.236  120.414     10.0   1018.9    289.4    291.0      0.0    597.5     64.0      0.9    127.3
     9     1    26     1    10    12     0     0    -2.0   23.178  120.385     11.5   1018.9    290.4    292.0      0.0    562.9     54.0     12.7     59.2
    10     1    26     1    10    12     0     0    -2.0   22.999  120.317    266.1   1012.6    290.1    291.2      0.0    371.9     52.4     57.6     57.8
    11     1    26     1    10    12     0     0    -2.0   22.982  120.323    259.2   1008.6    290.0    290.7      0.0    374.6     58.4    104.0     76.0
    12     1    26     1    10    12     0     0    -2.0   23.025  120.325    261.2   1014.2    290.8    291.9      0.0    392.3     50.9     44.4     43.3
    13     1    26     1    10    12     0     0    -2.0   22.809  120.294    353.6    975.6    291.5    289.4      0.0    128.4     58.8    265.3     48.6
    14     1    26     1    10    12     0     0    -2.0   22.796  120.300    310.8    968.6    291.5    288.7      0.0     61.1     60.1    383.4     69.4
    15     1    26     1    10    12     0     0    -2.0   22.844  120.289    258.3    997.6    291.4    291.1      0.0    219.8     56.8    186.7     38.9
    16     1    26     1    10    12     0     0    -2.0   23.208  120.388    251.2   1019.1    290.0    291.6      0.0    558.0     58.1     12.9     79.2
    17     1    26     1    10    12     0     0    -2.0   23.236  120.414    250.0   1018.9    289.4    291.0      0.0    597.5     64.0      0.9    127.3
    18     1    26     1    10    12     0     0    -2.0   23.177  120.385    251.3   1019.1    290.4    292.0      0.0    563.2     54.0     12.7     59.1
    19     1    26     1    10    12     0     0    -2.0   23.133  120.385    112.5    963.2    291.3    288.1      0.0    278.0     61.0    138.7     71.5
    20     1    26     1    10    12     0     0    -2.0   23.175  120.400     91.0    966.3    290.7    287.9      0.0    344.8     65.7    136.2     98.5
    21     1    26     1    10    12     0     0    -2.0   23.085  120.355     87.4    974.2    291.3    289.1      0.0    338.4     57.5     59.6     46.1
    22     1    26     1    10    12     0     0    -2.0   22.832  120.325     98.7    935.1    293.3    287.7      0.0    110.1     61.6    391.2     56.6
    23     1    26     1    10    12     0     0    -2.0   22.869  120.324      4.4    933.6    293.2    287.4      0.0     82.0     61.7    521.2     81.4
    24     1    26     1    10    12     0     0    -2.0   22.834  120.309     65.9    956.5    292.2    288.5      0.0    217.7     63.9    243.5     39.9
    25     1    26     1    10    12     0     0    -2.0   23.327  120.424     67.4    982.7    289.8    288.3      0.0    547.2     66.4     11.3     93.0
    26     1    26     1    10    12     0     0    -2.0   23.394  120.470     67.2    983.3    289.1    287.7      0.0    599.3     74.1      0.0    147.7
    27     1    26     1    10    12     0     0    -2.0   23.255  120.403     28.5    987.4    290.3    289.2      0.0    541.4     59.9     14.3     63.5
     1     1    26     1    10    11     0     1    -3.0   23.174  120.320     26.4   1007.5    290.4    291.0      0.0    458.3     55.9     90.0     94.9
     2     1    26     1    10    11     0     1    -3.0   23.160  120.330     10.4   1010.0    290.0    290.9      0.0    498.1     58.2     78.9    127.6
     3     1    26     1    10    11     0     1    -3.0   23.177  120.326     32.3   1009.8    290.8    291.6      0.0    446.6     52.0     56.7     69.4
     4     1    26     1    10    11     0     1    -3.0   22.890  120.287    150.5    970.4    291.9    289.3      0.0    169.6     58.0    265.1     68.9
     5     1    26     1    10    11     0     1    -3.0   22.869  120.291     59.5    968.6    291.6    288.8      0.0    127.8     60.4    389.3    103.2
     6     1    26     1    10    11     0     1    -3.0   22.916  120.280     46.7    992.7    291.7    291.0      0.0    316.7     55.5    175.4     51.4
     7     1    26     1    10    11     0     1    -3.0   23.450  120.426     11.4   1018.1    289.7    291.2      0.0    627.5     60.3      3.3    155.2
     8     1    26     1    10    11     0     1    -3.0   23.499  120.480     10.0   1019.6    289.1    290.7      0.0    651.5     63.8      0.0    226.9
     9     1    26     1    10    11     0     1    -3.0   23.400  120.409     10.5   1018.2    290.2    291.7      0.0    616.4     56.2     14.8     97.2
    10     1    26     1    10    11     0     1    -3.0   23.144  120.317    266.4   1009.3    290.4    291.2      0.0    458.5     55.0     82.8     91.5
    11     1    26     1    10    11     0     1    -3.0   23.134  120.327    252.6   1009.9    290.1    290.9      0.0    493.7     58.0     82.0    123.7
    12     1    26     1    10    11     0     1    -3.0   23.162  120.325    269.9   1011.3    290.8    291.7      0.0    452.5     51.7     55.1     68.1
    13     1    26     1    10    11     0     1    -3.0   22.885  120.287    390.7    971.2    291.9    289.4      0.0    173.8     58.0    264.7     68.6
    14     1    26     1    10    11     0     1    -3.0   22.865  120.291    304.7    968.8    291.6    288.9      0.0    126.3     60.3    388.6    102.6
    15     1    26     1    10    11     0     1    -3.0   22.912  120.280    283.3    994.5    291.7    291.2      0.0    318.3     55.2    172.7     51.2
    16     1    26     1    10    11     0     1    -3.0   23.446  120.425    251.2   1018.3    289.7    291.2      0.0    627.6     60.2      3.6    154.5
    17     1    26     1    10    11     0     1    -3.0   23.499  120.480    250.0   1019.6    289.1    290.7      0.0    651.5     63.8      0.0    226.8
    18     1    26     1    10    11     0     1    -3.0   23.398  120.408    250.2   1018.2    290.3    291.8      0.0    616.5     56.2     14.8     97.0
    19     1    26     1    10    11     0     1    -3.0   23.331  120.432    165.4    950.4    291.6    287.3      0.0    352.5     63.1    200.7    126.3
    20     1    26     1    10    11     0     1    -3.0   23.416  120.442     48.8    976.6    290.2    288.2      0.0    489.7     65.0     75.7    171.5
    21     1    26     1    10    11     0     1    -3.0   23.269  120.395    117.0    965.1    291.5    288.5      0.0    293.3     59.7    104.6     75.9
    22     1    26     1    10    11     0     1    -3.0   22.901  120.337    141.1    922.4    293.7    286.9      0.0    147.4     63.3    464.4     84.0
    23     1    26     1    10    11     0     1    -3.0   22.975  120.331     13.6    924.0    293.3    286.6      0.0    152.0     64.8    606.9    122.7
    24     1    26     1    10    11     0     1    -3.0   22.898  120.321    111.8    943.2    292.8    287.9      0.0    295.3     64.5    304.2     57.6
    25     1    26     1    10    11     0     1    -3.0   23.656  120.502    125.3    975.9    289.3    287.3      0.0    616.8     72.5      0.9    195.7
    26     1    26     1    10    11     0     1    -3.0   23.753  120.599    117.1    976.1    288.8    286.9      0.0    624.6     74.8      9.3    230.8
    27     1    26     1    10    11     0     1    -3.0   23.554  120.449     60.2    982.9    290.0    288.5      0.0    600.2     64.3     14.6    113.2
     1     1    26     1    10    10     0     2    -4.0   23.345  120.319     11.4   1009.2    290.5    291.2      0.0    575.6     55.2     83.1    146.9
     2     1    26     1    10    10     0     2    -4.0   23.338  120.345      0.0   1012.3    290.1    291.1      0.0    611.8     56.4     52.6    204.9
     3     1    26     1    10    10     0     2    -4.0   23.342  120.319     29.9   1007.6    290.9    291.5      0.0    528.4     53.5     74.8    107.0
     4     1    26     1    10    10     0     2    -4.0   22.998  120.268    153.1    974.3    291.8    289.6      0.0    115.0     57.2    225.9     90.4
     5     1    26     1    10    10     0     2    -4.0   22.949  120.270     16.6    977.2    291.3    289.3      0.0    204.9     60.3    356.6    147.9
     6     1    26     1    10    10     0     2    -4.0   23.013  120.274     76.9    987.3    292.0    290.9      0.0    410.0     54.0    178.5     67.2
     7     1    26     1    10    10     0     2    -4.0   23.700  120.484     11.4   1018.6    289.4    290.9      0.0    666.0     60.8      0.0    263.7
     8     1    26     1    10    10     0     2    -4.0   23.793  120.580      8.5   1017.9    288.9    290.4      0.0    640.9     64.6      7.5    288.9
     9     1    26     1    10    10     0     2    -4.0   23.626  120.436     10.1   1017.6    290.1    291.5      0.0    678.9     56.6      8.6    167.2
    10     1    26     1    10    10     0     2    -4.0   23.303  120.315    254.5   1009.2    290.6    291.3      0.0    572.4     55.0     87.5    138.6
    11     1    26     1    10    10     0     2    -4.0   23.309  120.340    249.4   1012.0    290.1    291.1      0.0    609.9     56.0     55.0    195.4
    12     1    26     1    10    10     0     2    -4.0   23.313  120.318    267.4   1009.5    290.9    291.7      0.0    525.5     52.9     69.1    102.9
    13     1    26     1    10    10     0     2    -4.0   22.991  120.269    394.9    975.0    291.8    289.6      0.0    122.9     57.1    225.5     89.9
    14     1    26     1    10    10     0     2    -4.0   22.945  120.270    263.1    977.3    291.3    289.3      0.0    203.0     60.2    355.4    146.8
    15     1    26     1    10    10     0     2    -4.0   23.005  120.273    312.6    989.3    292.0    291.1      0.0    420.0     53.6    173.2     66.1
    16     1    26     1    10    10     0     2    -4.0   23.694  120.482    251.3   1018.7    289.4    291.0      0.0    666.0     60.6      0.0    261.4
    17     1    26     1    10    10     0     2    -4.0   23.793  120.580    249.9   1017.9    288.9    290.4      0.0    640.9     64.6      7.5    288.9
    18     1    26     1    10    10     0     2    -4.0   23.624  120.435    249.9   1017.6    290.1    291.5      0.0    679.3     56.5      8.8    166.6
    19     1    26     1    10    10     0     2    -4.0   23.539  120.463    102.4    964.0    291.0    287.9      0.0    565.3     62.0    139.1    180.3
    20     1    26     1    10    10     0     2    -4.0   23.670  120.488     52.9    979.8    289.7    288.0      0.0    576.7     66.9     32.0    269.2
    21     1    26     1    10    10     0     2    -4.0   23.457  120.421    161.8    949.9    291.6    287.3      0.0    361.3     63.7    201.5    138.6
    22     1    26     1    10    10     0     2    -4.0   22.985  120.330    157.2    919.8    293.7    286.6      0.0    131.8     64.3    470.9    110.6
    23     1    26     1    10    10     0     2    -4.0   23.091  120.321      0.0    935.1    292.7    287.0      0.0    284.3     64.5    559.8    173.2
    24     1    26     1    10    10     0     2    -4.0   22.979  120.334    137.8    930.8    293.3    287.3      0.0    368.2     64.2    378.9     83.6
    25     1    26     1    10    10     0     2    -4.0   23.987  120.617    184.6    967.5    289.1    286.4      0.0    620.3     75.1     11.8    287.7
    26     1    26     1    10    10     0     2    -4.0   24.110  120.777    181.1    965.9    288.7    285.9      0.0    671.0     75.5     37.4    289.0
    27     1    26     1    10    10     0     2    -4.0   23.859  120.514    138.3    972.9    289.6    287.4      0.0    642.1     68.2      7.2    222.4
     1     1    26     1    10     9     0     3    -5.0   23.525  120.327      0.0   1011.5    290.6    291.5      0.0    687.6     52.1     52.9    220.4
     2     1    26     1    10     9     0     3    -5.0   23.544  120.378      0.0   1014.8    289.9    291.2      0.0    676.2     56.9     25.4    311.4
     3     1    26     1    10     9     0     3    -5.0   23.518  120.311     12.4   1008.2    291.0    291.6      0.0    660.4     52.9     90.4    158.1
     4     1    26     1    10     9     0     3    -5.0   23.132  120.234    138.2    977.0    291.6    289.6      0.0    247.7     57.8    222.1    149.6
     5     1    26     1    10     9     0     3    -5.0   23.028  120.241      0.0    985.5    291.3    290.1      0.0    334.5     58.2    287.4    195.5
     6     1    26     1    10     9     0     3    -5.0   23.140  120.261     85.5    987.7    292.0    291.0      0.0    333.9     53.7    166.5     90.9
     7     1    26     1    10     9     0     3    -5.0   23.980  120.570      8.5   1017.3    289.0    290.4      0.0    641.7     63.7      7.3    346.0
     8     1    26     1    10     9     0     3    -5.0   24.110  120.714      6.9   1017.6    288.6    290.0      0.0    656.5     64.4     11.2    347.6
     9     1    26     1    10     9     0     3    -5.0   23.860  120.481     10.1   1017.5    289.9    291.3      0.0    695.1     55.9      0.0    273.6
    10     1    26     1    10     9     0     3    -5.0   23.479  120.320    249.4   1011.1    290.7    291.6      0.0    683.6     51.7     56.1    205.4
    11     1    26     1    10     9     0     3    -5.0   23.512  120.370    249.7   1014.8    290.0    291.2      0.0    684.5     56.2     25.8    307.8
    12     1    26     1    10     9     0     3    -5.0   23.475  120.308    251.4   1008.9    291.0    291.8      0.0    658.5     52.7     87.0    149.2
    13     1    26     1    10     9     0     3    -5.0   23.125  120.234    379.5    978.2    291.6    289.7      0.0    244.0     57.6    217.9    147.0
    14     1    26     1    10     9     0     3    -5.0   23.024  120.242    247.1    985.2    291.3    290.0      0.0    327.2     58.3    289.8    195.4
    15     1    26     1    10     9     0     3    -5.0   23.131  120.261    321.3    989.3    292.0    291.1      0.0    350.8     53.5    164.8     89.7
    16     1    26     1    10     9     0     3    -5.0   23.971  120.567    249.9   1017.4    289.0    290.5      0.0    644.0     63.6      7.3    345.1
    17     1    26     1    10     9     0     3    -5.0   24.110  120.714    249.9   1017.6    288.6    290.0      0.0    656.4     64.4     11.2    347.6
    18     1    26     1    10     9     0     3    -5.0   23.857  120.480    250.0   1017.5    289.9    291.3      0.0    695.4     55.8      0.0    272.5
    19     1    26     1    10     9     0     3    -5.0   23.777  120.479     31.5    980.0    290.3    288.6      0.0    678.0     60.4     47.7    282.2
    20     1    26     1    10     9     0     3    -5.0   23.973  120.579    110.6    965.2    289.6    286.7      0.0    582.3     72.6    113.0    345.7
    21     1    26     1    10     9     0     3    -5.0   23.655  120.441    170.2    951.4    291.2    287.1      0.0    575.5     63.7    179.2    197.3
    22     1    26     1    10     9     0     3    -5.0   23.092  120.302    153.0    926.2    292.9    286.4      0.0    187.7     65.9    418.2    147.5
    23     1    26     1    10     9     0     3    -5.0   23.232  120.298      0.0    957.4    292.3    288.5      0.0    560.4     58.7    415.3    226.0
    24     1    26     1    10     9     0     3    -5.0   23.085  120.335    140.5    925.1    293.4    286.9      0.0    364.1     64.6    427.2    114.4
    25     1    26     1    10     9     0     3    -5.0   24.318  120.775    283.7    953.2    289.4    285.4      0.0    633.8     76.0     42.5    347.5
    26     1    26     1    10     9     0     3    -5.0   24.420  121.005    280.0    951.6    288.9    284.8      0.0    773.1     76.6     55.9    338.9
    27     1    26     1    10     9     0     3    -5.0   24.166  120.606    203.9    964.5    289.3    286.3      0.0    648.2     72.8     14.5    335.3
     1     1    26     1    10     8     0     2    -6.0   23.723  120.345      0.0   1014.3    290.3    291.5      0.0    813.4     54.8     26.5    402.4
     2     1    26     1    10     8     0     2    -6.0   23.780  120.420      0.0   1015.4    289.6    290.9      0.0    699.8     59.3     15.9    432.5
     3     1    26     1    10     8     0     2    -6.0   23.690  120.304      0.0   1011.8    291.0    292.0      0.0    827.3     50.9     50.2    325.3
     4     1    26     1    10     8     0     2    -6.0   23.261  120.196     64.6    983.8    291.7    290.3      0.0    594.0     55.2    244.2    291.4
     5     1    26     1    10     8     0     2    -6.0   23.125  120.206      0.0    994.7    291.8    291.4      0.0    709.8     51.9    205.8    313.5
     6     1    26     1    10     8     0     2    -6.0   23.267  120.219     65.7    992.7    291.9    291.2      0.0    516.8     53.0    144.8    227.6
     7     1    26     1    10     8     0     2    -6.0   24.287  120.676      3.2   1016.9    288.7    290.1      0.0    659.1     63.6     14.0    429.8
     8     1    26     1    10     8     0     2    -6.0   24.414  120.869      0.0   1015.2    288.5    289.8      0.0    774.4     61.5     24.9    426.7
     9     1    26     1    10     8     0     2    -6.0   24.108  120.540      7.0   1016.9    289.4    290.8      0.0    743.8     60.4      6.6    425.4
    10     1    26     1    10     8     0     2    -6.0   23.673  120.334    249.7   1013.8    290.4    291.6      0.0    815.7     54.2     31.8    390.1
    11     1    26     1    10     8     0     2    -6.0   23.743  120.409    249.8   1015.3    289.7    291.0      0.0    708.7     59.0     15.5    431.8
    12     1    26     1    10     8     0     2    -6.0   23.643  120.297    249.5   1011.8    291.1    292.0      0.0    825.9     50.9     53.2    312.4
    13     1    26     1    10     8     0     2    -6.0   23.253  120.195    304.5    984.3    291.7    290.3      0.0    585.7     55.1    247.2    289.8
    14     1    26     1    10     8     0     2    -6.0   23.120  120.206    247.9    994.4    291.8    291.3      0.0    703.6     52.0    208.4    312.5
    15     1    26     1    10     8     0     2    -6.0   23.253  120.220    302.6    994.6    291.8    291.4      0.0    512.6     52.8    138.2    224.1
    16     1    26     1    10     8     0     2    -6.0   24.278  120.672    249.9   1016.9    288.7    290.1      0.0    656.9     63.6     14.3    429.7
    17     1    26     1    10     8     0     2    -6.0   24.414  120.869    249.8   1015.2    288.5    289.8      0.0    774.3     61.5     24.9    426.7
    18     1    26     1    10     8     0     2    -6.0   24.105  120.539    249.9   1017.0    289.4    290.8      0.0    744.8     60.3      6.5    425.4
    19     1    26     1    10     8     0     2    -6.0   24.048  120.512     49.5    979.0    289.9    288.1      0.0    701.5     65.4     36.0    433.0
    20     1    26     1    10     8     0     2    -6.0   24.259  120.722    179.0    954.3    289.8    285.9      0.0    758.3     71.3    129.8    426.3
    21     1    26     1    10     8     0     2    -6.0   23.860  120.444     50.6    972.8    291.1    288.8      0.0    850.2     58.3     98.6    360.8
    22     1    26     1    10     8     0     2    -6.0   23.209  120.269     96.8    939.0    292.3    287.0      0.0    488.1     63.5    358.7    285.9
    23     1    26     1    10     8     0     2    -6.0   23.403  120.268      0.0    982.4    291.6    290.1      0.0    840.0     53.6    161.6    367.8
    24     1    26     1    10     8     0     2    -6.0   23.191  120.304    108.5    936.8    293.0    287.5      0.0    498.9     62.4    351.9    234.8
    25     1    26     1    10     8     0     2    -6.0   24.575  120.966    412.5    932.2    289.8    284.0      0.0    767.5     76.9     91.7    426.3
    26     1    26     1    10     8     0     2    -6.0   24.656  121.234    345.2    943.6    289.0    284.3      0.0    962.9     75.8     67.0    399.2
    27     1    26     1    10     8     0     2    -6.0   24.476  120.722    280.3    955.5    289.4    285.7      0.0    646.9     73.4     20.8    430.8
     1     1    26     1    10     7     0     1    -7.0   23.940  120.369      0.0   1015.0    289.9    291.1      0.0    813.8     57.4     14.8    513.8
     2     1    26     1    10     7     0     1    -7.0   24.058  120.483      0.0   1016.0    289.0    290.3      0.0    670.3     62.2     16.7    513.9
     3     1    26     1    10     7     0     1    -7.0   23.877  120.297      0.0   1014.4    290.6    291.8      0.0    936.7     53.4     22.5    492.5
     4     1    26     1    10     7     0     1    -7.0   23.365  120.153      0.0    999.5    292.1    292.0      0.0    909.6     49.6    159.7    428.9
     5     1    26     1    10     7     0     1    -7.0   23.239  120.163      0.0   1003.6    292.2    292.5      0.0    999.4     48.1    123.5    465.4
     6     1    26     1    10     7     0     1    -7.0   23.364  120.166      5.0    998.7    292.1    292.0      0.0    835.9     50.2    156.3    360.2
     7     1    26     1    10     7     0     1    -7.0   24.605  120.800      0.0   1015.7    288.5    289.8      0.0    783.4     62.0     17.5    512.5
     8     1    26     1    10     7     0     1    -7.0   24.709  121.032      0.0   1018.2    288.1    289.6      0.0    911.4     59.5      5.6    509.6
     9     1    26     1    10     7     0     1    -7.0   24.388  120.606      0.0   1016.5    289.0    290.4      0.0    715.6     61.6      9.9    514.1
    10     1    26     1    10     7     0     1    -7.0   23.883  120.353    249.8   1014.9    290.0    291.2      0.0    844.3     56.9     15.9    511.7
    11     1    26     1    10     7     0     1    -7.0   24.014  120.465    249.8   1015.9    289.0    290.3      0.0    658.8     62.0     19.0    513.6
    12     1    26     1    10     7     0     1    -7.0   23.825  120.286    249.8   1014.6    290.8    292.0      0.0    949.0     52.4     21.0    484.9
    13     1    26     1    10     7     0     1    -7.0   23.353  120.153    248.4    999.2    292.1    292.0      0.0    902.0     49.7    163.1    425.6
    14     1    26     1    10     7     0     1    -7.0   23.232  120.163    248.7   1003.3    292.2    292.4      0.0    994.6     48.2    126.1    463.5
    15     1    26     1    10     7     0     1    -7.0   23.347  120.167    248.5    999.2    292.2    292.1      0.0    836.9     50.1    150.6    356.3
    16     1    26     1    10     7     0     1    -7.0   24.596  120.795    249.8   1015.8    288.5    289.8      0.0    779.9     62.2     16.8    512.6
    17     1    26     1    10     7     0     1    -7.0   24.708  121.031    249.9   1018.2    288.1    289.6      0.0    911.3     59.5      5.6    509.6
    18     1    26     1    10     7     0     1    -7.0   24.385  120.605    249.9   1016.5    289.0    290.4      0.0    716.5     61.6      9.8    514.1
    19     1    26     1    10     7     0     1    -7.0   24.342  120.588     81.5    968.9    289.8    287.2      0.0    751.1     67.0     98.9    514.2
    20     1    26     1    10     7     0     1    -7.0   24.518  120.868    141.6    966.0    289.6    286.7      0.0    978.1     66.9     67.2    499.2
    21     1    26     1    10     7     0     1    -7.0   24.061  120.440      0.0    984.0    290.6    289.3      0.0    958.2     58.2     36.1    503.2
    22     1    26     1    10     7     0     1    -7.0   23.304  120.230      0.0    961.6    292.2    288.9      0.0    804.5     56.6    262.4    409.9
    23     1    26     1    10     7     0     1    -7.0   23.578  120.243      0.0    985.9    291.0    289.8      0.0    983.0     55.3     44.1    501.4
    24     1    26     1    10     7     0     1    -7.0   23.285  120.247     78.8    959.0    292.2    288.7      0.0    778.1     58.0    172.6    356.8
    25     1    26     1    10     7     0     1    -7.0   24.768  121.133    449.3    930.3    290.0    284.1      0.0   1002.8     74.7     75.9    497.6
    26     1    26     1    10     7     0     1    -7.0   24.841  121.451    345.5    944.0    289.0    284.3      0.0   1099.5     74.6     63.8    492.6
    27     1    26     1    10     7     0     1    -7.0   24.745  120.866    372.5    938.3    289.7    284.5      0.0    781.0     74.9     71.8    512.7
     1     1    26     1    10     6     0     0    -8.0   24.200  120.403      0.0   1015.9    289.1    290.4      0.0    721.8     60.2     14.3    597.7
     2     1    26     1    10     6     0     0    -8.0   24.366  120.571      0.0   1014.6    288.7    289.9      0.0    820.7     61.1     23.0    596.7
     3     1    26     1    10     6     0     0    -8.0   24.084  120.301      0.0   1015.3    289.9    291.1      0.0    927.7     57.2      9.2    602.6
     4     1    26     1    10     6     0     0    -8.0   23.485  120.102      0.0   1008.2    292.1    292.8      0.0   1138.4     48.1     78.7    596.0
     5     1    26     1    10     6     0     0    -8.0   23.376  120.119      0.0   1010.1    291.6    292.5      0.0   1116.6     49.6     56.5    602.9
     6     1    26     1    10     6     0     0    -8.0   23.444  120.105      0.0   1002.9    292.3    292.5      0.0   1053.6     47.7    129.1    491.1
     7     1    26     1    10     6     0     0    -8.0   24.920  120.934      0.0   1018.2    288.0    289.5      0.0    907.0     60.5      0.0    596.7
     8     1    26     1    10     6     0     0    -8.0   24.978  121.205      0.0   1018.4    287.9    289.4      0.0   1059.4     57.6      1.7    590.2
     9     1    26     1    10     6     0     0    -8.0   24.703  120.685      0.0   1017.0    288.4    289.8      0.0    759.2     63.0      3.2    598.4
    10     1    26     1    10     6     0     0    -8.0   24.131  120.381    249.9   1015.7    289.3    290.6      0.0    768.1     59.2     12.3    598.7
    11     1    26     1    10     6     0     0    -8.0   24.326  120.550    249.8   1014.7    288.7    289.9      0.0    807.1     61.6     21.0    596.7
    12     1    26     1    10     6     0     0    -8.0   24.030  120.285    249.9   1015.7    289.9    291.2      0.0    959.1     56.8      7.3    603.9
    13     1    26     1    10     6     0     0    -8.0   23.471  120.101    249.2   1007.9    292.1    292.8      0.0   1132.7     48.1     81.5    591.3
    14     1    26     1    10     6     0     0    -8.0   23.368  120.118    249.4   1010.0    291.7    292.5      0.0   1118.3     49.5     58.1    602.7
    15     1    26     1    10     6     0     0    -8.0   23.427  120.106    248.7   1003.1    292.3    292.6      0.0   1057.7     47.6    125.6    485.0
    16     1    26     1    10     6     0     0    -8.0   24.912  120.928    250.0   1018.2    288.0    289.5      0.0    903.2     60.5      0.0    596.7
    17     1    26     1    10     6     0     0    -8.0   24.978  121.205    250.0   1018.4    287.9    289.4      0.0   1059.3     57.6      1.7    590.2
    18     1    26     1    10     6     0     0    -8.0   24.700  120.683    250.0   1017.0    288.4    289.8      0.0    758.3     63.0      3.5    598.4
    19     1    26     1    10     6     0     0    -8.0   24.633  120.685     43.8    977.6    289.2    287.3      0.0    826.9     65.8     52.4    596.7
    20     1    26     1    10     6     0     0    -8.0   24.782  121.030    102.9    974.0    288.7    286.5      0.0   1022.5     67.8     30.3    588.7
    21     1    26     1    10     6     0     0    -8.0   24.290  120.446      0.0    987.7    290.0    288.9      0.0    881.8     60.1     18.4    602.0
    22     1    26     1    10     6     0     0    -8.0   23.396  120.175      0.0    980.4    292.3    290.6      0.0   1098.5     51.9    168.3    559.0
    23     1    26     1    10     6     0     0    -8.0   23.789  120.234      0.0    987.7    290.3    289.3      0.0    914.9     58.1     21.9    603.1
    24     1    26     1    10     6     0     0    -8.0   23.361  120.187     29.3    965.5    292.2    289.3      0.0   1052.4     55.5    172.3    474.0
    25     1    26     1    10     6     0     0    -8.0   24.959  121.285    413.2    934.6    289.6    284.0      0.0   1083.3     76.2     68.5    589.5
    26     1    26     1    10     6     0     0    -8.0   25.001  121.662    317.6    943.8    288.3    283.5      0.0   1042.1     79.2     77.2    542.2
    27     1    26     1    10     6     0     0    -8.0   24.981  121.009    413.5    938.9    289.4    284.2      0.0    787.6     75.2     18.9    596.8
     1     1    26     1    10     5     0     1    -9.0   24.509  120.479      0.0   1017.6    288.2    289.6      0.0    756.1     63.3      0.0    562.5
     2     1    26     1    10     5     0     1    -9.0   24.675  120.695      0.0   1018.9    287.8    289.4      0.0    895.7     60.6      0.0    562.1
     3     1    26     1    10     5     0     1    -9.0   24.333  120.332      0.0   1016.7    288.9    290.3      0.0    762.1     60.1      7.7    563.2
     4     1    26     1    10     5     0     1    -9.0   23.631  120.064      0.0   1013.9    290.6    291.7      0.0    977.9     51.7     30.0    568.4
     5     1    26     1    10     5     0     1    -9.0   23.536  120.095      0.0   1014.6    290.1    291.3      0.0    947.9     53.6     19.3    567.8
     6     1    26     1    10     5     0     1    -9.0   23.532  120.040      0.0   1011.5    291.3    292.3      0.0    956.1     47.6     64.6    520.9
     7     1    26     1    10     5     0     1    -9.0   25.202  121.101      0.0   1019.1    287.6    289.1      0.0   1017.5     57.7      1.8    559.7
     8     1    26     1    10     5     0     1    -9.0   25.201  121.390      0.0   1019.4    287.3    288.9      0.0   1062.4     54.9      0.0    556.5
     9     1    26     1    10     5     0     1    -9.0   25.024  120.800      0.0   1018.6    287.9    289.4      0.0    853.4     61.5      0.0    562.1
    10     1    26     1    10     5     0     1    -9.0   24.433  120.447    250.0   1017.3    288.3    289.7      0.0    739.6     62.5      4.9    562.9
    11     1    26     1    10     5     0     1    -9.0   24.635  120.669    250.0   1018.7    287.9    289.4      0.0    877.1     60.7      0.0    562.1
    12     1    26     1    10     5     0     1    -9.0   24.272  120.311    249.9   1016.6    288.9    290.3      0.0    771.1     60.3      5.7    563.3
    13     1    26     1    10     5     0     1    -9.0   23.616  120.062    249.7   1013.9    290.6    291.8      0.0    980.5     51.5     30.9    568.4
    14     1    26     1    10     5     0     1    -9.0   23.528  120.094    249.8   1014.6    290.2    291.4      0.0    952.8     53.5     19.5    567.9
    15     1    26     1    10     5     0     1    -9.0   23.513  120.041    249.3   1011.2    291.3    292.3      0.0    951.5     47.4     68.2    516.6
    16     1    26     1    10     5     0     1    -9.0   25.195  121.094    250.0   1019.1    287.6    289.1      0.0   1014.4     57.7      1.9    559.8
    17     1    26     1    10     5     0     1    -9.0   25.201  121.390    250.0   1019.4    287.3    288.9      0.0   1062.3     54.9      0.0    556.5
    18     1    26     1    10     5     0     1    -9.0   25.021  120.798    250.0   1018.6    287.9    289.4      0.0    852.4     61.6      0.0    562.1
    19     1    26     1    10     5     0     1    -9.0   24.945  120.830     39.0    984.0    288.2    286.9      0.0    938.6     65.9     16.5    560.1
    20     1    26     1    10     5     0     1    -9.0   25.010  121.244    100.8    979.2    287.8    286.1      0.0   1034.8     67.5      0.0    554.3
    21     1    26     1    10     5     0     1    -9.0   24.592  120.500      7.0    987.1    288.5    287.5      0.0    689.8     66.9     14.8    562.1
    22     1    26     1    10     5     0     1    -9.0   23.503  120.121      0.0    987.3    291.1    290.0      0.0   1014.9     53.5     87.9    567.5
    23     1    26     1    10     5     0     1    -9.0   24.076  120.276      3.7    984.4    288.9    287.6      0.0    709.7     65.1     42.0    562.7
    24     1    26     1    10     5     0     1    -9.0   23.426  120.127      0.0    978.0    291.5    289.6      0.0    925.8     53.9    145.9    487.1
    25     1    26     1    10     5     0     1    -9.0   25.135  121.479    376.4    942.0    288.8    283.9      0.0   1102.5     75.8     51.5    555.3
    26     1    26     1    10     5     0     1    -9.0   25.102  121.850    351.0    944.6    287.9    283.3      0.0   1164.7     75.8     47.9    515.2
    27     1    26     1    10     5     0     1    -9.0   25.208  121.175    443.9    935.8    288.7    283.3      0.0    979.6     78.6     31.5    557.4
     1     1    26     1    10     4     0     2   -10.0   24.811  120.608      0.0   1019.0    287.8    289.3      0.0    840.1     61.1      0.0    527.4
     2     1    26     1    10     4     0     2   -10.0   24.938  120.870      0.0   1019.7    287.6    289.2      0.0    997.2     57.8      2.8    525.5
     3     1    26     1    10     4     0     2   -10.0   24.630  120.407      0.0   1017.8    288.1    289.6      0.0    727.7     62.0      7.1    527.9
     4     1    26     1    10     4     0     2   -10.0   23.801  120.056      0.0   1016.6    289.4    290.8      0.0    856.1     55.8     11.0    530.6
     5     1    26     1    10     4     0     2   -10.0   23.740  120.104      0.0   1016.5    289.1    290.5      0.0    793.2     57.0     10.3    528.7
     6     1    26     1    10     4     0     2   -10.0   23.629  119.998      0.0   1017.6    290.4    291.8      0.0    862.1     48.3     11.3    522.5
     7     1    26     1    10     4     0     2   -10.0   25.416  121.292      0.0   1020.2    287.3    288.9      0.0   1031.8     55.5      0.0    524.5
     8     1    26     1    10     4     0     2   -10.0   25.356  121.577      0.0   1020.2    287.1    288.7      0.0   1093.7     53.2      0.0    524.8
     9     1    26     1    10     4     0     2   -10.0   25.311  120.959      0.0   1020.2    287.3    289.0      0.0    942.3     59.9      0.0    527.4
    10     1    26     1    10     4     0     2   -10.0   24.740  120.570    250.0   1018.5    287.9    289.4      0.0    819.8     61.6      1.6    527.4
    11     1    26     1    10     4     0     2   -10.0   24.906  120.842    250.0   1019.6    287.6    289.2      0.0    984.0     58.2      3.2    525.7
    12     1    26     1    10     4     0     2   -10.0   24.562  120.379    249.9   1017.7    288.2    289.6      0.0    712.3     61.9      9.1    527.7
    13     1    26     1    10     4     0     2   -10.0   23.782  120.052    249.9   1016.6    289.5    290.8      0.0    863.1     55.6     10.7    530.8
    14     1    26     1    10     4     0     2   -10.0   23.729  120.102    249.9   1016.4    289.1    290.5      0.0    796.8     56.9     10.7    528.8
    15     1    26     1    10     4     0     2   -10.0   23.606  119.997    249.9   1017.4    290.4    291.8      0.0    855.8     48.1     13.3    520.1
    16     1    26     1    10     4     0     2   -10.0   25.411  121.285    250.0   1020.2    287.3    288.9      0.0   1030.8     55.5      0.0    524.5
    17     1    26     1    10     4     0     2   -10.0   25.356  121.577    250.0   1020.2    287.1    288.7      0.0   1093.6     53.2      0.0    524.8
    18     1    26     1    10     4     0     2   -10.0   25.308  120.956    250.0   1020.2    287.3    289.0      0.0    941.3     60.0      0.0    527.4
    19     1    26     1    10     4     0     2   -10.0   25.195  121.047     62.4    983.1    287.8    286.4      0.0   1020.6     65.1      9.1    523.0
    20     1    26     1    10     4     0     2   -10.0   25.146  121.464    123.8    971.7    287.7    285.3      0.0   1096.5     66.6     42.3    493.2
    21     1    26     1    10     4     0     2   -10.0   24.909  120.626      6.9    986.0    288.2    287.1      0.0    794.7     65.7     27.8    527.4
    22     1    26     1    10     4     0     2   -10.0   23.623  120.090      0.0    988.9    289.8    288.9      0.0    885.3     57.4     43.6    533.3
    23     1    26     1    10     4     0     2   -10.0   24.380  120.390      0.0    986.8    288.4    287.3      0.0    790.6     64.4     40.6    527.4
    24     1    26     1    10     4     0     2   -10.0   23.485  120.079      0.0    980.8    290.6    289.0      0.0    806.0     54.1    111.9    502.7
    25     1    26     1    10     4     0     2   -10.0   25.239  121.694    380.2    935.8    288.2    282.8      0.0   1029.9     80.3     95.9    458.1
    26     1    26     1    10     4     0     2   -10.0   25.166  122.017    373.7    947.8    287.6    283.3      0.0   1242.7     74.1      7.3    505.4
    27     1    26     1    10     4     0     2   -10.0   25.387  121.395    487.6    931.6    288.3    282.5      0.0   1034.5     80.6     35.9    522.0
     1     1    26     1    10     3     0     3   -11.0   25.075  120.778      0.0   1020.6    287.4    289.1      0.0    938.5     59.8      1.8    492.1
     2     1    26     1    10     3     0     3   -11.0   25.136  121.076      0.0   1020.9    287.3    289.0      0.0   1022.3     55.8      0.0    491.7
     3     1    26     1    10     3     0     3   -11.0   24.926  120.537      0.0   1018.1    287.8    289.3      0.0    789.3     61.8      6.6    492.8
     4     1    26     1    10     3     0     3   -11.0   24.023  120.083      0.0   1017.7    288.6    290.0      0.0    760.6     58.5      7.8    492.8
     5     1    26     1    10     3     0     3   -11.0   23.999  120.160      0.0   1017.7    288.2    289.7      0.0    683.0     60.5     15.0    492.8
     6     1    26     1    10     3     0     3   -11.0   23.720  119.980      0.0   1018.7    289.7    291.2      0.0    776.4     50.0      2.6    500.2
     7     1    26     1    10     3     0     3   -11.0   25.562  121.496      0.0   1020.9    287.0    288.7      0.0   1066.8     54.1      0.0    492.8
     8     1    26     1    10     3     0     3   -11.0   25.459  121.758      0.0   1020.9    287.0    288.7      0.0   1114.9     52.3      0.0    492.8
     9     1    26     1    10     3     0     3   -11.0   25.540  121.150      0.0   1020.9    287.2    288.9      0.0    998.9     57.1      0.0    492.8
    10     1    26     1    10     3     0     3   -11.0   25.013  120.733    250.0   1020.9    287.3    289.0      0.0    916.7     61.1      0.0    492.8
    11     1    26     1    10     3     0     3   -11.0   25.112  121.045    250.0   1020.9    287.3    289.0      0.0   1016.9     56.2      0.0    492.0
    12     1    26     1    10     3     0     3   -11.0   24.861  120.501    250.0   1018.9    287.7    289.2      0.0    766.4     62.6      0.3    492.8
    13     1    26     1    10     3     0     3   -11.0   24.000  120.077    249.9   1017.7    288.6    290.0      0.0    765.6     58.5      7.2    492.8
    14     1    26     1    10     3     0     3   -11.0   23.986  120.155    249.9   1017.6    288.2    289.7      0.0    689.2     60.3     14.5    492.8
    15     1    26     1    10     3     0     3   -11.0   23.694  119.978    250.0   1018.5    289.7    291.2      0.0    766.9     49.8      4.8    500.2
    16     1    26     1    10     3     0     3   -11.0   25.558  121.489    250.0   1020.9    287.0    288.7      0.0   1065.8     54.1      0.0    492.8
    17     1    26     1    10     3     0     3   -11.0   25.459  121.757    250.0   1020.9    287.0    288.7      0.0   1114.9     52.3      0.0    492.8
    18     1    26     1    10     3     0     3   -11.0   25.537  121.147    250.0   1020.9    287.2    288.9      0.0    998.6     57.1      0.0    492.8
    19     1    26     1    10     3     0     3   -11.0   25.353  121.288     60.5    983.9    287.5    286.2      0.0   1041.9     63.8     10.6    480.2
    20     1    26     1    10     3     0     3   -11.0   25.206  121.663    165.6    971.9    287.5    285.1      0.0   1177.4     66.3      9.9    480.5
    21     1    26     1    10     3     0     3   -11.0   25.189  120.810      2.8    990.0    287.8    287.0      0.0    896.0     65.1     13.1    491.3
    22     1    26     1    10     3     0     3   -11.0   23.774  120.082      0.0    992.0    288.7    288.1      0.0    805.1     60.4     17.2    495.1
    23     1    26     1    10     3     0     3   -11.0   24.657  120.566      0.0    989.7    287.9    287.1      0.0    882.8     64.5     18.6    491.4
    24     1    26     1    10     3     0     3   -11.0   23.530  120.048      0.0    983.0    289.9    288.4      0.0    695.7     54.2     73.1    502.1
    25     1    26     1    10     3     0     3   -11.0   25.262  121.886    454.1    932.7    288.0    282.3      0.0   1135.5     80.9     64.0    422.0
    26     1    26     1    10     3     0     3   -11.0   25.199  122.170    410.0    944.8    287.5    282.8      0.0   1227.6     75.1      1.5    475.8
    27     1    26     1    10     3     0     3   -11.0   25.478  121.626    498.4    926.7    288.1    281.9      0.0   1017.4     83.4     68.4    445.0
     1     1    26     1    10     2     0     2   -12.0   25.283  120.974      0.4   1020.5    287.2    288.9      0.0   1008.4     57.7      0.0    335.1
     2     1    26     1    10     2     0     2   -12.0   25.274  121.281      0.0   1020.5    287.0    288.7      0.0   1066.3     54.7      0.0    335.1
     3     1    26     1    10     2     0     2   -12.0   25.188  120.700      0.0   1020.1    287.2    288.9      0.0    893.9     60.8      0.0    335.1
     4     1    26     1    10     2     0     2   -12.0   24.292  120.163      0.0   1017.7    287.7    289.1      0.0    707.3     62.0     12.7    335.1
     5     1    26     1    10     2     0     2   -12.0   24.281  120.279      0.0   1017.3    287.6    289.0      0.0    765.6     62.0     15.6    335.1
     6     1    26     1    10     2     0     2   -12.0   23.824  119.983      0.0   1018.5    288.6    290.1      0.0    675.5     55.1      0.0    338.6
     7     1    26     1    10     2     0     2   -12.0   25.665  121.684      0.0   1020.5    286.9    288.5      0.0   1080.2     53.2      0.0    335.1
     8     1    26     1    10     2     0     2   -12.0   25.538  121.918      0.0   1020.6    286.7    288.4      0.0   1117.9     51.2      0.0    335.1
     9     1    26     1    10     2     0     2   -12.0   25.710  121.353      0.0   1020.5    286.9    288.6      0.0   1016.2     55.4      0.0    334.8
    10     1    26     1    10     2     0     2   -12.0   25.232  120.924    250.5   1020.3    287.2    288.9      0.0    993.6     58.0      1.2    334.9
    11     1    26     1    10     2     0     2   -12.0   25.256  121.252    250.0   1020.5    287.0    288.7      0.0   1062.3     54.9      0.0    335.1
    12     1    26     1    10     2     0     2   -12.0   25.131  120.660    250.0   1019.8    287.3    288.9      0.0    866.3     60.7      0.0    335.1
    13     1    26     1    10     2     0     2   -12.0   24.267  120.153    249.9   1017.6    287.7    289.2      0.0    701.7     62.0     13.3    335.1
    14     1    26     1    10     2     0     2   -12.0   24.268  120.273    249.9   1017.6    287.6    289.0      0.0    763.0     62.2     12.8    335.1
    15     1    26     1    10     2     0     2   -12.0   23.792  119.979    250.0   1018.5    288.6    290.2      0.0    663.8     54.5      0.0    339.2
    16     1    26     1    10     2     0     2   -12.0   25.662  121.678    250.0   1020.5    286.9    288.5      0.0   1079.1     53.2      0.0    335.1
    17     1    26     1    10     2     0     2   -12.0   25.538  121.918    250.0   1020.6    286.7    288.4      0.0   1117.9     51.2      0.0    335.1
    18     1    26     1    10     2     0     2   -12.0   25.709  121.350    250.0   1020.5    286.9    288.6      0.0   1015.6     55.5      0.0    334.8
    19     1    26     1    10     2     0     2   -12.0   25.431  121.504     96.5    976.6    287.4    285.4      0.0   1064.5     65.4     32.6    316.8
    20     1    26     1    10     2     0     2   -12.0   25.243  121.832    171.6    971.8    287.4    285.0      0.0   1212.5     66.0      0.4    333.7
    21     1    26     1    10     2     0     2   -12.0   25.403  121.037      2.2    989.6    287.5    286.7      0.0    961.4     64.2     14.7    332.9
    22     1    26     1    10     2     0     2   -12.0   24.000  120.118      0.0    990.4    288.0    287.2      0.0    713.6     65.0     11.0    335.1
    23     1    26     1    10     2     0     2   -12.0   24.870  120.789      0.0    989.2    287.6    286.7      0.0    939.9     64.3     19.8    332.4
    24     1    26     1    10     2     0     2   -12.0   23.587  120.034      3.1    985.0    289.0    287.8      0.0    561.8     56.6     49.3    340.9
    25     1    26     1    10     2     0     2   -12.0   25.257  122.051    478.3    935.9    287.8    282.4      0.0   1210.5     79.9     18.1    292.2
    26     1    26     1    10     2     0     2   -12.0   25.221  122.302    457.5    939.1    287.3    282.2      0.0   1239.8     76.4      0.0    326.5
    27     1    26     1    10     2     0     2   -12.0   25.490  121.820    592.6    913.0    288.0    280.6      0.0    970.6     88.6     97.9    278.5