    10     1
    GFSQ    26     1     1     0     0
    GFSQ    26     1     2     0     0
    GFSQ    26     1     3     0     0
    GFSQ    26     1     4     0     0
    GFSQ    26     1     5     0     0
    GFSQ    26     1     6     0     0
    GFSQ    26     1     7     0     0
    GFSQ    26     1     8     0     0
    GFSQ    26     1     9     0     0
    GFSQ    26     1    10     0     0
    27 BACKWARD OMEGA   
    26     1     9    13   22.711  120.310    10.0
    26     1     9    13   22.711  120.310    10.0
    26     1     9    13   22.711  120.310    10.0
    26     1     9    13   22.711  120.310    10.0
    26     1     9    13   22.711  120.310    10.0
    26     1     9    13   22.711  120.310    10.0
    26     1     9    13   22.711  120.310    10.0
    26     1     9    13   22.711  120.310    10.0
    26     1     9    13   22.711  120.310    10.0
    26     1     9    13   22.711  120.310    10.0
    26     1     9    13   22.711  120.310    10.0
    26     1     9    13   22.711  120.310    10.0
    26     1     9    13   22.711  120.310    10.0
    26     1     9    13   22.711  120.310    10.0
    26     1     9    13   22.711  120.310    10.0
    26     1     9    13   22.711  120.310    10.0
    26     1     9    13   22.711  120.310    10.0
    26     1     9    13   22.711  120.310    10.0
    26     1     9    13   22.711  120.310    10.0
    26     1     9    13   22.711  120.310    10.0
    26     1     9    13   22.711  120.310    10.0
    26     1     9    13   22.711  120.310    10.0
    26     1     9    13   22.711  120.310    10.0
    26     1     9    13   22.711  120.310    10.0
    26     1     9    13   22.711  120.310    10.0
    26     1     9    13   22.711  120.310    10.0
    26     1     9    13   22.711  120.310    10.0
     8 PRESSURE THETA    AIR_TEMP RAINFALL MIXDEPTH RELHUMID TERR_MSL SUN_FLUX
     1     1    26     1     9    13     0     1     0.0   22.711  120.310     10.0   1015.5    289.2    290.5      0.0    329.3     49.9     34.8    116.4
     2     1    26     1     9    13     0     1     0.0   22.711  120.310     10.0   1014.0    288.0    289.2      0.0    277.5     52.8     51.7     50.4
     3     1    26     1     9    13     0     1     0.0   22.711  120.310     10.0   1017.1    290.4    291.9      0.0    586.5     54.8     11.2    104.1
     4     1    26     1     9    13     0     1     0.0   22.711  120.310     10.0    984.1    289.9    288.5      0.0    149.0     59.0    288.6    116.2
     5     1    26     1     9    13     0     1     0.0   22.711  120.310     10.0    974.3    288.8    286.6      0.0     37.4     62.7    381.9     61.1
     6     1    26     1     9    13     0     1     0.0   22.711  120.310     10.0    996.8    290.2    289.9      0.0    400.1     64.6    194.3     97.0
     7     1    26     1     9    13     0     1     0.0   22.711  120.310     10.0   1019.5    289.3    290.9      0.0    662.8     56.2      4.7     94.1
     8     1    26     1     9    13     0     1     0.0   22.711  120.310     10.0   1019.6    288.5    290.1      0.0    625.4     58.6      5.6     41.6
     9     1    26     1     9    13     0     1     0.0   22.711  120.310     10.0   1019.1    290.3    291.9      0.0    782.6     55.5      0.0    115.9
    10     1    26     1     9    13     0     1     0.0   22.711  120.310     10.0   1015.5    289.2    290.5      0.0    329.3     49.9     34.8    116.4
    11     1    26     1     9    13     0     1     0.0   22.711  120.310     10.0   1014.0    288.0    289.2      0.0    277.5     52.8     51.7     50.4
    12     1    26     1     9    13     0     1     0.0   22.711  120.310     10.0   1017.1    290.4    291.9      0.0    586.5     54.8     11.2    104.1
    13     1    26     1     9    13     0     1     0.0   22.711  120.310     10.0    984.1    289.9    288.5      0.0    149.0     59.0    288.6    116.2
    14     1    26     1     9    13     0     1     0.0   22.711  120.310     10.0    974.3    288.8    286.6      0.0     37.4     62.7    381.9     61.1
    15     1    26     1     9    13     0     1     0.0   22.711  120.310     10.0    996.8    290.2    289.9      0.0    400.1     64.6    194.3     97.0
    16     1    26     1     9    13     0     1     0.0   22.711  120.310     10.0   1019.5    289.3    290.9      0.0    662.8     56.2      4.7     94.1
    17     1    26     1     9    13     0     1     0.0   22.711  120.310     10.0   1019.6    288.5    290.1      0.0    625.4     58.6      5.6     41.6
    18     1    26     1     9    13     0     1     0.0   22.711  120.310     10.0   1019.1    290.3    291.9      0.0    782.6     55.5      0.0    115.9
    19     1    26     1     9    13     0     1     0.0   22.711  120.310     10.0    986.1    289.6    288.5      0.0    329.3     54.2     34.8    116.4
    20     1    26     1     9    13     0     1     0.0   22.711  120.310     10.0    984.6    288.8    287.6      0.0    277.5     55.6     51.7     50.4
    21     1    26     1     9    13     0     1     0.0   22.711  120.310     10.0    987.8    290.4    289.4      0.0    586.5     61.3     11.2    104.1
    22     1    26     1     9    13     0     1     0.0   22.711  120.310     10.0    955.7    291.0    287.2      0.0    149.0     60.5    288.6    116.2
    23     1    26     1     9    13     0     1     0.0   22.711  120.310     10.0    946.2    291.2    286.5      0.0     37.4     58.5    381.9     61.1
    24     1    26     1     9    13     0     1     0.0   22.711  120.310     10.0    968.1    290.7    288.0      0.0    400.1     69.4    194.3     97.0
    25     1    26     1     9    13     0     1     0.0   22.711  120.310     10.0    990.0    289.2    288.4      0.0    662.8     61.5      4.7     94.1
    26     1    26     1     9    13     0     1     0.0   22.711  120.310     10.0    990.0    288.5    287.7      0.0    625.4     63.9      5.6     41.6
    27     1    26     1     9    13     0     1     0.0   22.711  120.310     10.0    989.7    290.1    289.2      0.0    782.6     61.4      0.0    115.9
     1     1    26     1     9    12     0     0    -1.0   22.794  120.325     25.4   1012.4    289.3    290.3      0.0    289.6     48.8     46.0    155.8
     2     1    26     1     9    12     0     0    -1.0   22.815  120.326     26.6   1009.4    288.4    289.1      0.0    310.0     52.7     75.2     54.4
     3     1    26     1     9    12     0     0    -1.0   22.741  120.341     19.8   1015.6    290.5    291.8      0.0    561.8     53.6     19.4    152.0
     4     1    26     1     9    12     0     0    -1.0   22.729  120.329     99.5    965.6    290.8    287.8      0.0    134.1     59.7    361.5    176.1
     5     1    26     1     9    12     0     0    -1.0   22.743  120.320     87.7    959.8    290.6    287.0      0.0     28.7     59.7    434.5     77.0
     6     1    26     1     9    12     0     0    -1.0   22.705  120.348     81.8    978.3    290.4    288.6      0.0    388.9     68.8    284.2    147.0
     7     1    26     1     9    12     0     0    -1.0   22.905  120.352      8.3   1019.3    288.9    290.5      0.0    596.8     55.3      9.5     84.8
     8     1    26     1     9    12     0     0    -1.0   22.932  120.360     10.0   1019.3    288.2    289.8      0.0    620.1     58.3     10.3     65.6
     9     1    26     1     9    12     0     0    -1.0   22.854  120.351      7.2   1019.4    290.0    291.6      0.0    688.5     53.7      3.9    159.0
    10     1    26     1     9    12     0     0    -1.0   22.792  120.325    265.6   1013.6    289.3    290.4      0.0    289.9     48.6     45.7    156.8
    11     1    26     1     9    12     0     0    -1.0   22.809  120.325    266.1   1010.8    288.3    289.2      0.0    310.1     52.6     73.4     54.6
    12     1    26     1     9    12     0     0    -1.0   22.741  120.341    259.8   1016.8    290.5    291.9      0.0    561.6     53.4     19.4    152.0
    13     1    26     1     9    12     0     0    -1.0   22.729  120.329    339.9    966.1    290.8    287.9      0.0    133.7     59.7    363.3    176.2
    14     1    26     1     9    12     0     0    -1.0   22.742  120.321    329.6    959.6    290.5    287.0      0.0     28.8     59.9    439.9     77.0
    15     1    26     1     9    12     0     0    -1.0   22.705  120.348    320.4    979.4    290.4    288.6      0.0    389.7     68.6    283.3    147.0
    16     1    26     1     9    12     0     0    -1.0   22.905  120.352    249.9   1019.3    288.9    290.5      0.0    596.8     55.3      9.5     84.8
    17     1    26     1     9    12     0     0    -1.0   22.932  120.360    249.9   1019.3    288.2    289.8      0.0    620.1     58.3     10.3     65.6
    18     1    26     1     9    12     0     0    -1.0   22.854  120.351    250.0   1019.4    290.0    291.6      0.0    688.5     53.7      3.9    159.0
    19     1    26     1     9    12     0     0    -1.0   22.801  120.331     14.3    984.1    289.8    288.5      0.0    284.4     52.5     48.3    152.5
    20     1    26     1     9    12     0     0    -1.0   22.866  120.339     19.4    978.8    289.1    287.3      0.0    302.3     56.7     95.3     52.3
    21     1    26     1     9    12     0     0    -1.0   22.730  120.340      0.0    990.5    290.5    289.7      0.0    569.8     59.3     18.3    152.2
    22     1    26     1     9    12     0     0    -1.0   22.718  120.318     17.2    951.6    291.3    287.1      0.0    151.0     60.7    319.8    174.2
    23     1    26     1     9    12     0     0    -1.0   22.743  120.307     12.7    945.9    291.4    286.7      0.0     28.6     57.9    384.2     77.8
    24     1    26     1     9    12     0     0    -1.0   22.701  120.340      1.4    961.7    290.8    287.5      0.0    407.6     71.3    262.1    146.6
    25     1    26     1     9    12     0     0    -1.0   22.914  120.362      0.0    991.3    288.9    288.1      0.0    582.5     59.9     10.5     81.9
    26     1    26     1     9    12     0     0    -1.0   22.964  120.374     15.7    988.9    288.1    287.1      0.0    611.9     64.1     11.6     65.9
    27     1    26     1     9    12     0     0    -1.0   22.845  120.358      0.0    992.6    289.9    289.3      0.0    684.1     58.1      3.9    160.2
     1     1    26     1     9    11     0     1    -2.0   22.881  120.337     39.2   1008.9    289.3    290.0      0.0    329.5     50.2     57.4    153.8
     2     1    26     1     9    11     0     1    -2.0   22.933  120.338     31.7   1004.5    288.9    289.3      0.0    322.6     52.0    110.0     65.7
     3     1    26     1     9    11     0     1    -2.0   22.766  120.356     29.0   1013.7    290.4    291.5      0.0    524.3     55.0     25.3    200.2
     4     1    26     1     9    11     0     1    -2.0   22.748  120.338    137.8    956.4    291.4    287.6      0.0    192.2     59.4    403.4    237.9
     5     1    26     1     9    11     0     1    -2.0   22.778  120.316    108.5    956.8    290.7    287.0      0.0     40.7     59.7    438.1     95.4
     6     1    26     1     9    11     0     1    -2.0   22.706  120.387    119.7    962.5    290.8    287.6      0.0    406.1     71.3    379.2    196.9
     7     1    26     1     9    11     0     1    -2.0   23.099  120.386      7.6   1018.4    288.7    290.3      0.0    591.7     54.7     12.7     74.6
     8     1    26     1     9    11     0     1    -2.0   23.161  120.405      8.6   1018.6    288.2    289.7      0.0    613.8     56.8      5.2    165.1
     9     1    26     1     9    11     0     1    -2.0   23.012  120.378      5.1   1018.5    289.6    291.2      0.0    592.2     52.6     11.9    192.5
    10     1    26     1     9    11     0     1    -2.0   22.876  120.336    280.2   1010.0    289.3    290.1      0.0    332.1     50.0     56.6    156.9
    11     1    26     1     9    11     0     1    -2.0   22.920  120.336    272.3   1006.0    288.9    289.4      0.0    323.6     51.9    105.3     66.6
    12     1    26     1     9    11     0     1    -2.0   22.767  120.356    269.2   1014.9    290.4    291.6      0.0    523.7     54.8     25.5    200.3
    13     1    26     1     9    11     0     1    -2.0   22.748  120.339    380.8    956.4    291.4    287.6      0.0    191.6     59.4    406.7    237.9
    14     1    26     1     9    11     0     1    -2.0   22.778  120.318    351.9    956.4    290.7    286.9      0.0     41.0     59.8    444.4     95.3
    15     1    26     1     9    11     0     1    -2.0   22.705  120.387    359.4    963.3    290.8    287.6      0.0    406.7     71.1    378.3    196.9
    16     1    26     1     9    11     0     1    -2.0   23.099  120.386    249.9   1018.4    288.7    290.3      0.0    591.7     54.7     12.7     74.6
    17     1    26     1     9    11     0     1    -2.0   23.161  120.405    249.9   1018.6    288.2    289.7      0.0    613.8     56.8      5.2    165.1
    18     1    26     1     9    11     0     1    -2.0   23.012  120.378    249.9   1018.5    289.6    291.2      0.0    592.2     52.6     11.9    192.5
    19     1    26     1     9    11     0     1    -2.0   22.902  120.346     14.3    981.9    289.7    288.2      0.0    311.9     53.8     62.9    141.7
    20     1    26     1     9    11     0     1    -2.0   23.021  120.368     20.8    972.0    289.5    287.2      0.0    293.2     56.3    152.8     73.5
    21     1    26     1     9    11     0     1    -2.0   22.747  120.356      0.0    991.2    290.4    289.6      0.0    537.9     60.6     23.3    197.9
    22     1    26     1     9    11     0     1    -2.0   22.730  120.324     19.5    948.5    291.6    287.1      0.0    217.2     60.7    345.6    233.8
    23     1    26     1     9    11     0     1    -2.0   22.783  120.303     17.0    944.7    291.3    286.5      0.0     38.6     58.6    388.9     96.1
    24     1    26     1     9    11     0     1    -2.0   22.700  120.374      0.1    952.4    291.0    286.9      0.0    425.6     73.0    342.0    195.9
    25     1    26     1     9    11     0     1    -2.0   23.141  120.407      0.0    990.2    288.7    287.8      0.0    573.0     59.3     14.7     75.4
    26     1    26     1     9    11     0     1    -2.0   23.243  120.442     24.0    987.2    287.8    286.8      0.0    601.7     63.6      0.5    204.8
    27     1    26     1     9    11     0     1    -2.0   23.001  120.393      0.0    991.6    289.6    288.9      0.0    572.8     56.2     13.4    203.0
     1     1    26     1     9    10     0     2    -3.0   22.964  120.340     48.4   1006.2    289.2    289.7      0.0    328.0     50.7     66.3    127.7
     2     1    26     1     9    10     0     2    -3.0   23.036  120.343     15.5   1004.6    289.5    289.9      0.0    344.5     50.1    121.3    103.2
     3     1    26     1     9    10     0     2    -3.0   22.806  120.340     27.9   1013.5    290.3    291.4      0.0    509.2     55.0     26.0    258.2
     4     1    26     1     9    10     0     2    -3.0   22.779  120.332    126.2    958.9    291.6    288.0      0.0    252.2     58.4    393.6    276.7
     5     1    26     1     9    10     0     2    -3.0   22.812  120.307    106.0    958.9    290.6    287.0      0.0     51.2     59.9    420.1    115.5
     6     1    26     1     9    10     0     2    -3.0   22.713  120.407     85.4    959.6    291.2    287.7      0.0    473.1     69.8    436.2    246.6
     7     1    26     1     9    10     0     2    -3.0   23.285  120.413      1.9   1017.7    289.1    290.5      0.0    586.8     52.5     13.2    125.8
     8     1    26     1     9    10     0     2    -3.0   23.400  120.458      8.1   1018.7    287.9    289.4      0.0    646.3     57.0      0.0    262.0
     9     1    26     1     9    10     0     2    -3.0   23.176  120.391      4.3   1017.8    289.3    290.8      0.0    606.9     52.5     13.2    132.1
    10     1    26     1     9    10     0     2    -3.0   22.957  120.339    289.1   1007.4    289.2    289.9      0.0    333.6     50.5     65.2    133.1
    11     1    26     1     9    10     0     2    -3.0   23.016  120.341    259.6   1004.9    289.5    289.9      0.0    335.9     50.0    124.0     88.8
    12     1    26     1     9    10     0     2    -3.0   22.807  120.341    268.4   1014.5    290.3    291.5      0.0    509.0     54.8     26.2    258.3
    13     1    26     1     9    10     0     2    -3.0   22.779  120.333    370.3    958.7    291.6    288.0      0.0    251.8     58.5    397.2    276.8
    14     1    26     1     9    10     0     2    -3.0   22.811  120.308    349.1    958.5    290.6    287.0      0.0     51.7     60.0    426.0    115.4
    15     1    26     1     9    10     0     2    -3.0   22.712  120.407    325.4    960.4    291.2    287.8      0.0    473.6     69.6    434.7    246.6
    16     1    26     1     9    10     0     2    -3.0   23.285  120.413    249.9   1017.7    289.1    290.5      0.0    586.8     52.5     13.2    125.8
    17     1    26     1     9    10     0     2    -3.0   23.400  120.458    250.0   1018.7    287.9    289.4      0.0    646.3     57.0      0.0    262.0
    18     1    26     1     9    10     0     2    -3.0   23.176  120.391    249.9   1017.8    289.3    290.8      0.0    606.9     52.5     13.2    132.1
    19     1    26     1     9    10     0     2    -3.0   23.001  120.347     22.1    979.3    289.6    287.8      0.0    295.3     54.1     73.3    101.5
    20     1    26     1     9    10     0     2    -3.0   23.171  120.388      0.0    979.4    289.6    287.9      0.0    362.6     53.6    126.4    196.1
    21     1    26     1     9    10     0     2    -3.0   22.780  120.341      0.0    990.0    290.2    289.4      0.0    516.5     61.5     23.4    253.1
    22     1    26     1     9    10     0     2    -3.0   22.752  120.318      1.1    951.9    291.7    287.5      0.0    284.3     59.3    332.2    294.8
    23     1    26     1     9    10     0     2    -3.0   22.823  120.297     26.3    943.8    291.2    286.3      0.0     47.8     59.2    385.9    114.9
    24     1    26     1     9    10     0     2    -3.0   22.708  120.391      0.0    950.1    291.2    286.9      0.0    484.3     72.3    389.9    244.8
    25     1    26     1     9    10     0     2    -3.0   23.370  120.451      0.0    991.5    288.8    288.1      0.0    578.3     56.9      9.7    173.0
    26     1    26     1     9    10     0     2    -3.0   23.549  120.533     61.7    982.3    287.5    286.0      0.0    625.5     65.9      6.4    249.5
    27     1    26     1     9    10     0     2    -3.0   23.169  120.410      0.7    989.3    289.3    288.4      0.0    585.0     56.8     15.0    138.9
     1     1    26     1     9     9     0     3    -4.0   23.032  120.336     51.9   1004.4    289.4    289.8      0.0    331.4     49.9     74.8    116.0
     2     1    26     1     9     9     0     3    -4.0   23.135  120.341      0.0   1007.8    289.9    290.5      0.0    404.9     47.8     95.0    207.8
     3     1    26     1     9     9     0     3    -4.0   22.870  120.302     20.8   1014.4    290.3    291.5      0.0    535.6     53.6     23.7    327.1
     4     1    26     1     9     9     0     3    -4.0   22.822  120.312     83.0    969.9    291.4    288.8      0.0    287.2     56.6    338.4    296.0
     5     1    26     1     9     9     0     3    -4.0   22.841  120.293     87.2    964.7    290.3    287.2      0.0     56.4     59.7    383.1    135.3
     6     1    26     1     9     9     0     3    -4.0   22.714  120.402      0.0    969.3    291.6    289.0      0.0    566.9     64.8    424.6    293.8
     7     1    26     1     9     9     0     3    -4.0   23.487  120.440      0.0   1018.2    288.6    290.1      0.0    640.0     52.8      1.0    306.0
     8     1    26     1     9     9     0     3    -4.0   23.662  120.529      6.6   1017.6    287.5    289.0      0.0    660.9     58.8      4.0    271.6
     9     1    26     1     9     9     0     3    -4.0   23.327  120.402      2.9   1017.1    289.4    290.8      0.0    603.5     50.9     14.3    107.1
    10     1    26     1     9     9     0     3    -4.0   23.023  120.336    291.6   1005.8    289.4    289.9      0.0    332.1     49.8     72.4    116.8
    11     1    26     1     9     9     0     3    -4.0   23.105  120.340    249.0   1007.1    289.9    290.5      0.0    389.1     47.9    101.1    183.1
    12     1    26     1     9     9     0     3    -4.0   22.870  120.303    261.5   1015.4    290.4    291.6      0.0    535.3     53.4     23.8    326.9
    13     1    26     1     9     9     0     3    -4.0   22.821  120.313    327.6    969.7    291.4    288.8      0.0    287.3     56.6    342.1    296.3
    14     1    26     1     9     9     0     3    -4.0   22.840  120.295    328.7    964.7    290.3    287.2      0.0     57.1     59.7    388.6    135.4
    15     1    26     1     9     9     0     3    -4.0   22.714  120.401    245.8    969.6    291.6    289.0      0.0    567.1     64.8    422.2    293.7
    16     1    26     1     9     9     0     3    -4.0   23.487  120.440    250.0   1018.2    288.6    290.1      0.0    640.0     52.8      1.0    306.0
    17     1    26     1     9     9     0     3    -4.0   23.662  120.529    250.0   1017.6    287.5    289.0      0.0    660.9     58.8      4.0    271.6
    18     1    26     1     9     9     0     3    -4.0   23.327  120.402    249.9   1017.1    289.4    290.8      0.0    603.5     50.9     14.3    107.1
    19     1    26     1     9     9     0     3    -4.0   23.089  120.340     23.9    977.1    290.0    288.1      0.0    325.5     52.7     89.8    111.0
    20     1    26     1     9     9     0     3    -4.0   23.346  120.389      0.0    987.6    289.5    288.5      0.0    466.1     51.8     74.8    299.6
    21     1    26     1     9     9     0     3    -4.0   22.837  120.304      0.0    988.9    290.1    289.2      0.0    525.4     61.3     20.7    320.2
    22     1    26     1     9     9     0     3    -4.0   22.790  120.301      0.0    959.6    291.5    288.0      0.0    332.7     57.9    284.5    322.5
    23     1    26     1     9     9     0     3    -4.0   22.862  120.286     34.9    944.8    291.0    286.2      0.0     52.5     59.6    365.3    132.2
    24     1    26     1     9     9     0     3    -4.0   22.717  120.386      0.0    954.1    291.4    287.5      0.0    564.1     69.3    386.9    291.6
    25     1    26     1     9     9     0     3    -4.0   23.638  120.501      9.6    988.7    288.0    287.1      0.0    648.4     60.7      0.5    312.9
    26     1    26     1     9     9     0     3    -4.0   23.869  120.645     99.6    976.4    287.1    285.2      0.0    621.7     66.6     13.6    254.3
    27     1    26     1     9     9     0     3    -4.0   23.333  120.418      6.8    987.9    289.4    288.4      0.0    583.9     55.2     15.8    105.6
     1     1    26     1     9     8     0     2    -5.0   23.090  120.335     44.3   1004.3    289.4    289.8      0.0    392.4     49.2     86.6    141.2
     2     1    26     1     9     8     0     2    -5.0   23.258  120.334      0.0   1011.4    289.7    290.6      0.0    596.5     46.2     60.4    316.7
     3     1    26     1     9     8     0     2    -5.0   22.949  120.256     15.9   1015.9    290.0    291.3      0.0    572.4     50.8     20.2    352.3
     4     1    26     1     9     8     0     2    -5.0   22.869  120.291     32.7    982.2    290.9    289.3      0.0    353.3     54.4    275.6    263.3
     5     1    26     1     9     8     0     2    -5.0   22.867  120.283     61.7    970.5    289.9    287.4      0.0    128.4     58.8    358.5    145.9
     6     1    26     1     9     8     0     2    -5.0   22.717  120.373      0.0    976.9    291.9    289.9      0.0    686.3     60.7    355.0    348.1
     7     1    26     1     9     8     0     2    -5.0   23.726  120.478      0.0   1018.3    288.0    289.5      0.0    746.4     54.7      0.0    372.3
     8     1    26     1     9     8     0     2    -5.0   23.961  120.630      0.7   1017.2    287.1    288.5      0.0    681.8     57.2     12.2    387.6
     9     1    26     1     9     8     0     2    -5.0   23.471  120.418      0.0   1017.0    289.5    290.9      0.0    638.3     48.8     15.7    169.0
    10     1    26     1     9     8     0     2    -5.0   23.078  120.335    285.1   1005.5    289.4    289.8      0.0    391.8     49.2     83.8    141.4
    11     1    26     1     9     8     0     2    -5.0   23.216  120.335    249.3   1010.3    289.7    290.6      0.0    566.7     46.3     70.0    291.1
    12     1    26     1     9     8     0     2    -5.0   22.948  120.257    255.9   1016.5    290.0    291.3      0.0    571.8     50.7     20.2    352.6
    13     1    26     1     9     8     0     2    -5.0   22.868  120.292    277.1    982.1    290.9    289.3      0.0    354.5     54.4    279.0    264.0
    14     1    26     1     9     8     0     2    -5.0   22.866  120.285    298.9    971.0    289.9    287.4      0.0    129.4     58.8    363.2    146.2
    15     1    26     1     9     8     0     2    -5.0   22.717  120.372    246.5    977.2    291.9    289.9      0.0    686.4     60.6    352.5    348.0
    16     1    26     1     9     8     0     2    -5.0   23.726  120.478    250.0   1018.3    288.0    289.5      0.0    746.4     54.7      0.0    372.3
    17     1    26     1     9     8     0     2    -5.0   23.961  120.630    249.9   1017.2    287.1    288.5      0.0    681.8     57.2     12.2    387.6
    18     1    26     1     9     8     0     2    -5.0   23.471  120.418    249.8   1017.0    289.5    290.9      0.0    638.3     48.8     15.7    169.0
    19     1    26     1     9     8     0     2    -5.0   23.171  120.340      0.0    978.4    289.8    288.0      0.0    390.7     52.3    108.5    139.2
    20     1    26     1     9     8     0     2    -5.0   23.547  120.411      0.0    986.6    288.9    287.7      0.0    701.5     54.1     31.9    347.8
    21     1    26     1     9     8     0     2    -5.0   22.913  120.258      3.2    988.2    289.7    288.7      0.0    558.0     59.4     17.1    357.6
    22     1    26     1     9     8     0     2    -5.0   22.835  120.282      0.0    964.4    291.1    288.1      0.0    406.3     56.7    227.9    289.8
    23     1    26     1     9     8     0     2    -5.0   22.900  120.279     55.2    942.9    290.8    285.9      0.0    119.0     60.4    363.3    141.6
    24     1    26     1     9     8     0     2    -5.0   22.731  120.357      0.0    962.2    291.6    288.4      0.0    685.4     64.5    328.2    349.4
    25     1    26     1     9     8     0     2    -5.0   23.933  120.585     37.1    983.9    287.6    286.3      0.0    706.0     61.6     10.9    358.5
    26     1    26     1     9     8     0     2    -5.0   24.200  120.804    193.6    962.7    286.9    283.8      0.0    732.1     66.8     43.0    417.9
    27     1    26     1     9     8     0     2    -5.0   23.493  120.439      0.0    992.4    289.6    288.9      0.0    622.9     51.2     17.7    165.2
     1     1    26     1     9     7     0     1    -6.0   23.145  120.342     36.2   1003.3    289.3    289.6      0.0    447.6     49.0    104.9    174.1
     2     1    26     1     9     7     0     1    -6.0   23.403  120.339      0.0   1013.7    289.2    290.4      0.0    777.4     47.0     37.3    380.1
     3     1    26     1     9     7     0     1    -6.0   23.026  120.210      9.9   1016.8    289.5    290.9      0.0    591.6     50.2     19.7    311.7
     4     1    26     1     9     7     0     1    -6.0   22.911  120.282      0.0    987.2    290.5    289.4      0.0    406.5     53.8    252.1    234.7
     5     1    26     1     9     7     0     1    -6.0   22.895  120.281     42.9    971.8    289.8    287.4      0.0    192.3     58.4    368.1    158.8
     6     1    26     1     9     7     0     1    -6.0   22.733  120.318      0.0    991.1    292.0    291.2      0.0    826.5     55.5    228.5    416.0
     7     1    26     1     9     7     0     1    -6.0   24.005  120.555      0.0   1017.6    287.4    288.9      0.0    749.9     55.7      5.1    481.2
     8     1    26     1     9     7     0     1    -6.0   24.274  120.765      0.0   1017.7    286.5    287.9      0.0    800.7     56.3      8.4    515.1
     9     1    26     1     9     7     0     1    -6.0   23.616  120.441      0.0   1017.2    289.3    290.7      0.0    755.1     47.3      9.5    290.1
    10     1    26     1     9     7     0     1    -6.0   23.130  120.342    278.3   1004.5    289.3    289.7      0.0    446.2     49.0    101.2    173.5
    11     1    26     1     9     7     0     1    -6.0   23.347  120.335    249.5   1012.7    289.4    290.5      0.0    749.5     46.1     45.5    360.7
    12     1    26     1     9     7     0     1    -6.0   23.024  120.211    249.8   1016.8    289.5    290.9      0.0    591.6     50.2     19.7    313.2
    13     1    26     1     9     7     0     1    -6.0   22.909  120.282    247.5    986.9    290.5    289.4      0.0    408.4     53.8    254.8    235.6
    14     1    26     1     9     7     0     1    -6.0   22.892  120.282    274.6    973.3    289.8    287.5      0.0    194.1     58.3    369.9    159.2
    15     1    26     1     9     7     0     1    -6.0   22.733  120.317    247.7    991.4    292.0    291.2      0.0    826.8     55.4    225.5    416.0
    16     1    26     1     9     7     0     1    -6.0   24.005  120.555    249.9   1017.6    287.4    288.9      0.0    749.9     55.7      5.1    481.2
    17     1    26     1     9     7     0     1    -6.0   24.274  120.765    249.9   1017.7    286.5    287.9      0.0    800.7     56.3      8.4    515.1
    18     1    26     1     9     7     0     1    -6.0   23.616  120.441    249.9   1017.2    289.3    290.7      0.0    755.1     47.3      9.5    290.1
    19     1    26     1     9     7     0     1    -6.0   23.247  120.352      0.0    976.4    289.6    287.7      0.0    441.3     53.0    139.8    176.6
    20     1    26     1     9     7     0     1    -6.0   23.777  120.458      0.0    987.6    288.4    287.3      0.0    815.5     53.8     19.5    468.6
    21     1    26     1     9     7     0     1    -6.0   22.990  120.215     13.9    987.0    289.3    288.2      0.0    588.1     58.2     19.3    333.9
    22     1    26     1     9     7     0     1    -6.0   22.880  120.273      3.6    964.1    290.7    287.6      0.0    457.4     57.4    208.5    256.8
    23     1    26     1     9     7     0     1    -6.0   22.933  120.286    100.4    933.1    291.1    285.3      0.0    177.1     61.4    410.6    158.6
    24     1    26     1     9     7     0     1    -6.0   22.758  120.300      0.0    977.0    291.6    289.6      0.0    828.5     59.0    191.3    419.6
    25     1    26     1     9     7     0     1    -6.0   24.255  120.706     80.2    979.0    287.0    285.2      0.0    707.0     61.1     18.9    490.8
    26     1    26     1     9     7     0     1    -6.0   24.469  120.981    312.6    951.8    286.7    282.6      0.0    851.8     67.3     17.2    512.8
    27     1    26     1     9     7     0     1    -6.0   23.658  120.471      0.0    992.0    289.2    288.5      0.0    770.9     50.9      7.6    307.2
     1     1    26     1     9     6     0     0    -7.0   23.196  120.355     35.9   1000.7    289.2    289.2      0.0    496.0     49.3    129.8    210.0
     2     1    26     1     9     6     0     0    -7.0   23.571  120.358      0.0   1015.6    288.9    290.2      0.0    927.3     46.9     20.0    502.7
     3     1    26     1     9     6     0     0    -7.0   23.102  120.174      1.5   1017.2    289.0    290.4      0.0    607.3     50.7     16.3    274.1
     4     1    26     1     9     6     0     0    -7.0   22.950  120.284      0.0    984.7    290.3    288.9      0.0    451.2     54.2    274.9    209.9
     5     1    26     1     9     6     0     0    -7.0   22.924  120.285     28.6    970.3    289.8    287.3      0.0    246.1     58.3    398.9    177.8
     6     1    26     1     9     6     0     0    -7.0   22.770  120.222      0.0   1011.1    291.5    292.4      0.0    929.8     51.3     51.6    493.7
     7     1    26     1     9     6     0     0    -7.0   24.318  120.663      0.0   1017.7    286.9    288.3      0.0    768.4     54.0     11.1    600.4
     8     1    26     1     9     6     0     0    -7.0   24.558  120.918      0.0   1019.6    286.1    287.7      0.0    933.4     53.9      0.0    600.4
     9     1    26     1     9     6     0     0    -7.0   23.777  120.466      0.0   1017.1    289.6    291.0      0.0    913.4     44.8      0.0    402.9
    10     1    26     1     9     6     0     0    -7.0   23.179  120.355    278.2   1002.0    289.1    289.3      0.0    495.1     49.2    124.9    208.4
    11     1    26     1     9     6     0     0    -7.0   23.497  120.348    249.8   1015.4    289.2    290.4      0.0    946.4     46.1     22.4    466.4
    12     1    26     1     9     6     0     0    -7.0   23.100  120.174    249.8   1017.2    289.0    290.4      0.0    607.1     50.8     16.3    275.2
    13     1    26     1     9     6     0     0    -7.0   22.948  120.285    247.2    984.5    290.3    288.9      0.0    453.2     54.2    276.6    210.9
    14     1    26     1     9     6     0     0    -7.0   22.918  120.284    252.9    973.0    289.9    287.5      0.0    249.3     57.9    393.5    177.3
    15     1    26     1     9     6     0     0    -7.0   22.770  120.220    249.5   1011.1    291.5    292.4      0.0    927.0     51.4     51.3    493.8
    16     1    26     1     9     6     0     0    -7.0   24.318  120.663    249.9   1017.7    286.9    288.3      0.0    768.4     54.0     11.1    600.4
    17     1    26     1     9     6     0     0    -7.0   24.558  120.918    250.0   1019.6    286.1    287.7      0.0    933.4     53.9      0.0    600.4
    18     1    26     1     9     6     0     0    -7.0   23.777  120.466    250.0   1017.1    289.6    291.0      0.0    913.4     44.8      0.0    402.9
    19     1    26     1     9     6     0     0    -7.0   23.316  120.369      1.8    974.4    289.4    287.2      0.0    546.1     53.4    140.8    239.5
    20     1    26     1     9     6     0     0    -7.0   24.062  120.553     39.0    977.6    287.8    286.0      0.0    808.5     54.9     71.9    600.4
    21     1    26     1     9     6     0     0    -7.0   23.066  120.180     16.5    986.9    288.8    287.7      0.0    598.0     58.7     16.9    291.3
    22     1    26     1     9     6     0     0    -7.0   22.922  120.279     40.2    955.7    290.5    286.7      0.0    500.4     59.6    246.9    229.4
    23     1    26     1     9     6     0     0    -7.0   22.954  120.301    175.0    917.8    291.9    284.8      0.0    235.7     62.2    478.6    187.2
    24     1    26     1     9     6     0     0    -7.0   22.809  120.215      0.0    987.4    290.9    289.9      0.0    893.0     56.7     55.0    469.6
    25     1    26     1     9     6     0     0    -7.0   24.564  120.870    170.3    964.3    286.9    284.0      0.0    879.4     60.7     53.8    600.4
    26     1    26     1     9     6     0     0    -7.0   24.684  121.174    454.8    934.1    286.5    281.0      0.0   1072.8     70.7     39.6    596.3
    27     1    26     1     9     6     0     0    -7.0   23.836  120.506      0.0    991.2    289.0    288.3      0.0    910.3     50.7      3.4    415.2
     1     1    26     1     9     5     0     1    -8.0   23.246  120.364     34.2    999.6    288.8    288.8      0.0    472.6     49.4    153.3    221.8
     2     1    26     1     9     5     0     1    -8.0   23.785  120.406      0.0   1017.1    288.1    289.5      0.0    839.2     47.4     14.6    561.5
     3     1    26     1     9     5     0     1    -8.0   23.188  120.160      0.0   1018.1    288.4    289.9      0.0    597.9     49.7     15.0    194.6
     4     1    26     1     9     5     0     1    -8.0   22.984  120.287      0.0    983.2    289.6    288.1      0.0    339.5     55.6    297.1    173.1
     5     1    26     1     9     5     0     1    -8.0   22.947  120.280      0.0    973.9    289.7    287.4      0.0    276.5     57.3    394.6    187.9
     6     1    26     1     9     5     0     1    -8.0   22.825  120.125      0.0   1014.5    289.9    291.1      0.0    735.3     54.5     36.1    392.5
     7     1    26     1     9     5     0     1    -8.0   24.637  120.821      0.0   1017.9    286.1    287.6      0.0    899.9     53.2     19.3    565.8
     8     1    26     1     9     5     0     1    -8.0   24.809  121.106      0.0   1020.1    285.6    287.2      0.0   1123.9     52.2      7.6    562.7
     9     1    26     1     9     5     0     1    -8.0   23.978  120.504      0.0   1019.1    288.1    289.6      0.0    834.9     48.5      1.1    452.3
    10     1    26     1     9     5     0     1    -8.0   23.228  120.363    275.7   1000.9    288.8    288.9      0.0    469.3     49.3    147.5    217.9
    11     1    26     1     9     5     0     1    -8.0   23.686  120.385    249.8   1016.7    288.2    289.6      0.0    846.7     47.1     17.1    526.0
    12     1    26     1     9     5     0     1    -8.0   23.186  120.159    249.9   1018.1    288.4    289.9      0.0    598.5     49.7     14.9    195.3
    13     1    26     1     9     5     0     1    -8.0   22.983  120.287    247.0    983.1    289.6    288.1      0.0    341.1     55.5    298.0    173.7
    14     1    26     1     9     5     0     1    -8.0   22.941  120.279    246.1    974.7    289.6    287.5      0.0    277.3     57.2    387.2    186.7
    15     1    26     1     9     5     0     1    -8.0   22.825  120.124    249.6   1014.6    289.9    291.1      0.0    733.3     54.6     35.8    392.5
    16     1    26     1     9     5     0     1    -8.0   24.637  120.821    249.8   1017.9    286.1    287.6      0.0    899.9     53.2     19.3    565.8
    17     1    26     1     9     5     0     1    -8.0   24.809  121.106    249.9   1020.1    285.6    287.2      0.0   1123.9     52.2      7.6    562.7
    18     1    26     1     9     5     0     1    -8.0   23.978  120.504    250.0   1019.1    288.1    289.6      0.0    834.9     48.5      1.1    452.3
    19     1    26     1     9     5     0     1    -8.0   23.379  120.379      7.7    975.6    288.9    286.8      0.0    577.9     52.9    132.5    268.4
    20     1    26     1     9     5     0     1    -8.0   24.341  120.702     72.2    973.5    286.9    284.7      0.0    895.8     55.3     77.9    565.8
    21     1    26     1     9     5     0     1    -8.0   23.148  120.162      8.9    988.6    288.2    287.2      0.0    593.4     57.0     15.2    208.8
    22     1    26     1     9     5     0     1    -8.0   22.952  120.287     82.7    947.5    290.3    285.8      0.0    385.6     61.1    287.3    188.2
    23     1    26     1     9     5     0     1    -8.0   22.953  120.310    269.2    904.6    292.4    284.0      0.0    291.7     64.0    514.0    203.0
    24     1    26     1     9     5     0     1    -8.0   22.863  120.140      0.0    986.6    289.6    288.5      0.0    722.8     59.6     43.7    365.2
    25     1    26     1     9     5     0     1    -8.0   24.829  121.066    275.1    956.1    286.1    282.5      0.0   1006.8     63.0     29.2    565.1
    26     1    26     1     9     5     0     1    -8.0   24.841  121.397    599.8    917.6    286.0    279.1      0.0   1227.9     74.8     50.6    559.7
    27     1    26     1     9     5     0     1    -8.0   24.061  120.568      0.0    989.7    287.6    286.8      0.0    838.3     54.5     13.0    471.7
     1     1    26     1     9     4     0     2    -9.0   23.299  120.360     10.1   1005.3    288.5    289.0      0.0    508.7     47.5    136.6    251.4
     2     1    26     1     9     4     0     2    -9.0   24.067  120.515      0.0   1016.8    286.7    288.1      0.0    775.6     50.5     32.4    531.1
     3     1    26     1     9     4     0     2    -9.0   23.291  120.172      0.0   1018.9    287.8    289.3      0.0    562.2     47.9     16.1    161.0
     4     1    26     1     9     4     0     2    -9.0   23.013  120.277      0.0    987.2    288.9    287.8      0.0    273.2     55.4    269.4    158.1
     5     1    26     1     9     4     0     2    -9.0   22.961  120.260      0.0    982.4    289.1    287.6      0.0    319.6     56.0    325.8    194.0
     6     1    26     1     9     4     0     2    -9.0   22.874  120.046      0.0   1017.6    288.9    290.3      0.0    632.0     55.4     22.6    297.7
     7     1    26     1     9     4     0     2    -9.0   24.918  121.025      0.0   1020.7    285.5    287.2      0.0   1063.5     51.9      6.6    530.6
     8     1    26     1     9     4     0     2    -9.0   25.005  121.322      2.6   1022.1    285.1    286.9      0.0   1282.9     51.1      0.0    528.3
     9     1    26     1     9     4     0     2    -9.0   24.245  120.590      0.0   1018.7    287.1    288.6      0.0    787.6     50.5      8.7    525.5
    10     1    26     1     9     4     0     2    -9.0   23.278  120.359    252.4   1004.9    288.5    288.9      0.0    491.8     47.8    141.6    243.8
    11     1    26     1     9     4     0     2    -9.0   23.932  120.467    249.8   1018.0    287.1    288.6      0.0    773.3     48.4     20.3    529.2
    12     1    26     1     9     4     0     2    -9.0   23.289  120.171    249.8   1018.9    287.8    289.3      0.0    562.6     47.9     16.0    159.9
    13     1    26     1     9     4     0     2    -9.0   23.012  120.277    247.3    987.1    288.9    287.8      0.0    273.0     55.5    269.7    158.0
    14     1    26     1     9     4     0     2    -9.0   22.955  120.260    246.8    982.9    289.1    287.6      0.0    317.8     55.9    320.2    192.5
    15     1    26     1     9     4     0     2    -9.0   22.874  120.044    249.8   1017.6    288.9    290.3      0.0    630.9     55.4     22.2    297.7
    16     1    26     1     9     4     0     2    -9.0   24.918  121.025    249.9   1020.7    285.5    287.2      0.0   1063.5     51.9      6.6    530.6
    17     1    26     1     9     4     0     2    -9.0   25.005  121.322    252.6   1022.1    285.1    286.9      0.0   1282.9     51.1      0.0    528.3
    18     1    26     1     9     4     0     2    -9.0   24.245  120.590    249.9   1018.7    287.1    288.6      0.0    787.6     50.5      8.7    525.5
    19     1    26     1     9     4     0     2    -9.0   23.448  120.380      1.8    979.5    288.3    286.6      0.0    618.0     51.9    111.3    299.0
    20     1    26     1     9     4     0     2    -9.0   24.605  120.916    133.0    969.7    286.1    283.6      0.0   1070.1     56.1     65.0    528.9
    21     1    26     1     9     4     0     2    -9.0   23.248  120.169      0.0    990.7    287.5    286.7      0.0    549.4     54.1     15.8    140.5
    22     1    26     1     9     4     0     2    -9.0   22.963  120.283     96.0    948.0    289.8    285.4      0.0    311.2     61.6    275.9    164.0
    23     1    26     1     9     4     0     2    -9.0   22.924  120.312    339.4    898.5    292.5    283.5      0.0    333.5     66.0    504.0    208.4
    24     1    26     1     9     4     0     2    -9.0   22.902  120.076      0.0    988.7    288.7    287.8      0.0    622.3     60.6     32.6    275.1
    25     1    26     1     9     4     0     2    -9.0   25.033  121.317    412.7    939.8    285.6    280.6      0.0   1179.4     66.5     42.7    525.1
    26     1    26     1     9     4     0     2    -9.0   24.942  121.628    674.7    905.9    285.4    277.4      0.0   1295.0     80.2     82.2    522.2
    27     1    26     1     9     4     0     2    -9.0   24.336  120.676      0.0    989.5    287.0    286.1      0.0    791.5     52.6     16.5    527.4
     1     1    26     1     9     3     0     3   -10.0   23.360  120.351      0.0   1009.3    288.1    288.8      0.0    536.2     45.9    110.3    281.2
     2     1    26     1     9     3     0     3   -10.0   24.359  120.689      0.0   1013.4    286.3    287.4      0.0    895.7     48.8     64.9    496.4
     3     1    26     1     9     3     0     3   -10.0   23.408  120.193      0.0   1020.4    287.3    289.0      0.0    527.2     46.5     18.1    207.2
     4     1    26     1     9     3     0     3   -10.0   23.036  120.250      0.0    998.4    288.0    287.9      0.0    238.2     54.0    176.4    148.1
     5     1    26     1     9     3     0     3   -10.0   22.971  120.227      0.0    989.9    288.7    287.8      0.0    389.8     53.8    268.1    210.7
     6     1    26     1     9     3     0     3   -10.0   22.918  119.978      0.0   1019.7    288.2    289.8      0.0    601.8     54.8     14.3    208.8
     7     1    26     1     9     3     0     3   -10.0   25.135  121.259      9.4   1020.9    285.3    287.0      0.0   1241.5     48.7     12.4    492.9
     8     1    26     1     9     3     0     3   -10.0   25.173  121.547      0.0   1022.0    284.8    286.5      0.0   1385.1     49.9      6.9    491.0
     9     1    26     1     9     3     0     3   -10.0   24.550  120.736      0.5   1019.4    286.1    287.7      0.0    778.4     50.6     17.7    496.4
    10     1    26     1     9     3     0     3   -10.0   23.336  120.349    248.9   1008.9    288.1    288.8      0.0    519.8     46.2    114.9    273.5
    11     1    26     1     9     3     0     3   -10.0   24.228  120.621    249.2   1011.3    286.6    287.5      0.0    823.5     49.2     81.4    496.4
    12     1    26     1     9     3     0     3   -10.0   23.406  120.192    249.8   1020.4    287.3    289.0      0.0    527.7     46.5     18.0    206.2
    13     1    26     1     9     3     0     3   -10.0   23.035  120.251    248.2    998.4    288.0    287.9      0.0    237.6     54.0    176.8    147.9
    14     1    26     1     9     3     0     3   -10.0   22.965  120.227    247.4    990.3    288.6    287.8      0.0    385.9     53.8    264.8    208.9
    15     1    26     1     9     3     0     3   -10.0   22.918  119.976    249.9   1019.7    288.2    289.8      0.0    602.1     54.8     14.2    208.3
    16     1    26     1     9     3     0     3   -10.0   25.135  121.259    259.3   1020.9    285.3    287.0      0.0   1241.5     48.7     12.4    492.9
    17     1    26     1     9     3     0     3   -10.0   25.173  121.547    249.9   1022.0    284.8    286.5      0.0   1385.1     49.9      6.9    491.0
    18     1    26     1     9     3     0     3   -10.0   24.550  120.736    250.4   1019.4    286.1    287.7      0.0    778.4     50.6     17.7    496.4
    19     1    26     1     9     3     0     3   -10.0   23.533  120.377      0.0    984.1    287.5    286.2      0.0    630.2     51.4     84.3    324.8
    20     1    26     1     9     3     0     3   -10.0   24.791  121.189    218.1    959.3    285.4    282.1      0.0   1219.6     58.7     80.2    494.8
    21     1    26     1     9     3     0     3   -10.0   23.371  120.190      8.5    990.6    287.0    286.2      0.0    517.8     53.0     17.8    184.0
    22     1    26     1     9     3     0     3   -10.0   22.962  120.267     72.2    958.4    288.9    285.4      0.0    247.3     60.7    211.4    139.2
    23     1    26     1     9     3     0     3   -10.0   22.872  120.308    358.3    901.4    291.9    283.3      0.0    330.4     67.3    458.7    199.6
    24     1    26     1     9     3     0     3   -10.0   22.932  120.017      0.0    991.5    288.0    287.3      0.0    576.0     60.5     21.1    201.0
    25     1    26     1     9     3     0     3   -10.0   25.163  121.585    487.4    928.6    285.1    279.1      0.0   1304.1     70.7     75.4    492.9
    26     1    26     1     9     3     0     3   -10.0   25.008  121.829    768.6    895.5    285.1    276.2      0.0   1352.3     84.7     86.1    485.9
    27     1    26     1     9     3     0     3   -10.0   24.670  120.867     42.8    975.9    286.5    284.5      0.0    795.1     54.1     98.5    496.4
     1     1    26     1     9     2     0     2   -11.0   23.440  120.350      0.0   1011.5    287.1    288.0      0.0    505.0     47.0     88.6    206.5
     2     1    26     1     9     2     0     2   -11.0   24.608  120.912      0.0   1015.0    285.5    286.7      0.0   1055.9     48.9     62.3    335.6
     3     1    26     1     9     2     0     2   -11.0   23.536  120.215      0.1   1020.6    286.6    288.3      0.0    510.3     46.5     17.3    186.7
     4     1    26     1     9     2     0     2   -11.0   23.059  120.224      0.0    999.6    287.5    287.5      0.0    219.8     53.7    171.8    105.3
     5     1    26     1     9     2     0     2   -11.0   22.987  120.199      0.0    992.5    287.8    287.2      0.0    322.2     54.1    246.2    148.1
     6     1    26     1     9     2     0     2   -11.0   22.968  119.937      0.0   1019.6    287.7    289.3      0.0    544.3     52.9     15.2    115.2
     7     1    26     1     9     2     0     2   -11.0   25.317  121.507      6.0   1022.8    284.7    286.5      0.0   1408.9     50.3      2.3    336.5
     8     1    26     1     9     2     0     2   -11.0   25.327  121.746      0.6   1023.1    284.5    286.3      0.0   1456.4     49.6      0.0    336.3
     9     1    26     1     9     2     0     2   -11.0   24.856  120.940      0.0   1013.5    285.7    286.8      0.0    879.5     50.4     66.4    337.3
    10     1    26     1     9     2     0     2   -11.0   23.413  120.346    249.1   1011.0    287.1    288.0      0.0    489.8     47.2     93.0    201.0
    11     1    26     1     9     2     0     2   -11.0   24.491  120.825    249.4   1014.7    285.7    286.8      0.0    963.3     49.7     58.9    337.2
    12     1    26     1     9     2     0     2   -11.0   23.534  120.215    249.9   1020.6    286.6    288.3      0.0    510.4     46.5     17.3    186.4
    13     1    26     1     9     2     0     2   -11.0   23.058  120.224    248.3    999.6    287.5    287.5      0.0    219.2     53.7    171.5    105.1
    14     1    26     1     9     2     0     2   -11.0   22.982  120.199    247.6    992.8    287.8    287.2      0.0    319.9     54.1    243.6    146.9
    15     1    26     1     9     2     0     2   -11.0   22.968  119.936    249.8   1019.6    287.7    289.3      0.0    544.4     52.9     15.2    114.8
    16     1    26     1     9     2     0     2   -11.0   25.317  121.507    256.0   1022.8    284.7    286.5      0.0   1408.9     50.3      2.3    336.5
    17     1    26     1     9     2     0     2   -11.0   25.327  121.746    250.6   1023.1    284.5    286.3      0.0   1456.4     49.6      0.0    336.3
    18     1    26     1     9     2     0     2   -11.0   24.856  120.940    249.3   1013.5    285.7    286.8      0.0    879.5     50.4     66.4    337.3
    19     1    26     1     9     2     0     2   -11.0   23.658  120.398      0.0    985.5    286.5    285.3      0.0    555.6     53.6     60.9    227.1
    20     1    26     1     9     2     0     2   -11.0   24.905  121.450    259.8    949.2    284.9    280.6      0.0   1218.5     64.7    124.0    332.2
    21     1    26     1     9     2     0     2   -11.0   23.510  120.216     46.9    986.4    286.5    285.4      0.0    495.4     53.7     19.4    181.1
    22     1    26     1     9     2     0     2   -11.0   22.958  120.250     44.5    969.1    288.4    285.8      0.0    199.0     59.1    141.8     90.0
    23     1    26     1     9     2     0     2   -11.0   22.808  120.303    349.6    907.7    291.6    283.6      0.0    221.2     67.4    403.2    120.8
    24     1    26     1     9     2     0     2   -11.0   22.959  119.970      0.0    992.1    287.6    286.9      0.0    531.6     59.0     17.3    123.0
    25     1    26     1     9     2     0     2   -11.0   25.258  121.812    553.3    919.1    284.7    277.9      0.0   1354.9     75.7     92.7    328.5
    26     1    26     1     9     2     0     2   -11.0   25.093  122.004    874.3    892.8    284.6    275.6      0.0   1492.7     85.7     14.5    337.0
    27     1    26     1     9     2     0     2   -11.0   24.972  121.120    122.9    964.2    285.8    282.8      0.0    932.2     55.9    128.3    338.5
     1     1    26     1     9     1     0     1   -12.0   23.536  120.367      0.0   1012.7    285.9    286.9      0.0    452.8     49.2     77.3    112.7
     2     1    26     1     9     1     0     1   -12.0   24.777  121.133     16.7   1014.8    284.5    285.7      0.0   1112.4     50.9     66.4    177.6
     3     1    26     1     9     1     0     1   -12.0   23.676  120.250      1.6   1020.9    285.7    287.4      0.0    494.0     46.7      7.2    113.8
     4     1    26     1     9     1     0     1   -12.0   23.086  120.212      0.0    999.1    287.0    287.0      0.0    182.1     54.2    178.1     58.8
     5     1    26     1     9     1     0     1   -12.0   23.010  120.189      0.0    993.4    287.0    286.4      0.0    249.0     55.2    236.7     78.3
     6     1    26     1     9     1     0     1   -12.0   23.034  119.925      0.0   1019.6    287.1    288.7      0.0    483.5     50.9     16.4     52.5
     7     1    26     1     9     1     0     1   -12.0   25.483  121.717      0.8   1022.5    284.3    286.1      0.0   1461.2     49.9      7.1    179.6
     8     1    26     1     9     1     0     1   -12.0   25.493  121.915      0.7   1023.3    284.3    286.2      0.0   1540.9     48.8      0.0    176.9
     9     1    26     1     9     1     0     1   -12.0   25.101  121.178      0.0   1014.2    284.8    286.0      0.0   1026.6     50.7     71.1    177.4
    10     1    26     1     9     1     0     1   -12.0   23.504  120.362    249.2   1012.5    285.9    286.9      0.0    442.1     49.0     81.1    111.0
    11     1    26     1     9     1     0     1   -12.0   24.685  121.044    257.1   1011.6    284.8    285.8      0.0   1072.2     50.8     94.0    176.6
    12     1    26     1     9     1     0     1   -12.0   23.675  120.250    251.5   1020.9    285.7    287.4      0.0    494.0     46.7      7.1    113.7
    13     1    26     1     9     1     0     1   -12.0   23.085  120.212    248.2    999.2    287.0    287.0      0.0    181.6     54.2    177.7     58.7
    14     1    26     1     9     1     0     1   -12.0   23.005  120.189    247.6    993.1    287.0    286.4      0.0    246.5     55.3    238.7     77.8
    15     1    26     1     9     1     0     1   -12.0   23.035  119.924    249.8   1019.6    287.1    288.7      0.0    484.0     50.9     16.3     52.4
    16     1    26     1     9     1     0     1   -12.0   25.483  121.717    250.7   1022.5    284.3    286.1      0.0   1461.2     49.9      7.1    179.6
    17     1    26     1     9     1     0     1   -12.0   25.493  121.915    250.7   1023.3    284.3    286.2      0.0   1540.9     48.8      0.0    176.9
    18     1    26     1     9     1     0     1   -12.0   25.101  121.178    249.3   1014.2    284.8    286.0      0.0   1026.6     50.7     71.1    177.4
    19     1    26     1     9     1     0     1   -12.0   23.833  120.454      0.0    987.8    285.3    284.3      0.0    502.1     55.0     36.6    135.9
    20     1    26     1     9     1     0     1   -12.0   25.021  121.655    277.0    955.9    284.5    280.8      0.0   1432.8     63.1     54.8    174.5
    21     1    26     1     9     1     0     1   -12.0   23.676  120.256     89.0    981.1    285.8    284.3      0.0    488.9     55.7     12.4    113.2
    22     1    26     1     9     1     0     1   -12.0   22.948  120.245     42.2    970.2    288.4    285.9      0.0    164.9     58.8    135.8     48.4
    23     1    26     1     9     1     0     1   -12.0   22.735  120.305    351.5    910.5    291.4    283.6      0.0    157.2     67.6    372.2     58.2
    24     1    26     1     9     1     0     1   -12.0   22.995  119.945      0.0    992.2    287.2    286.5      0.0    477.7     57.0     18.0     56.1
    25     1    26     1     9     1     0     1   -12.0   25.374  121.996    628.2    920.4    284.3    277.7      0.0   1519.7     74.4     12.6    178.5
    26     1    26     1     9     1     0     1   -12.0   25.216  122.166    942.0    886.4    284.5    274.8      0.0   1603.8     86.9      1.1    179.0
    27     1    26     1     9     1     0     1   -12.0   25.177  121.420    280.7    937.8    285.2    280.0      0.0    920.0     64.6    214.4    180.5