    10     1
    GFSQ    26     1     2     0     0
    GFSQ    26     1     3     0     0
    GFSQ    26     1     4     0     0
    GFSQ    26     1     5     0     0
    GFSQ    26     1     6     0     0
    GFSQ    26     1     7     0     0
    GFSQ    26     1     8     0     0
    GFSQ    26     1     9     0     0
    GFSQ    26     1    10     0     0
    GFSQ    26     1    11     0     0
    27 BACKWARD OMEGA   
    26     1    10     0   22.711  120.310    10.0
    26     1    10     0   22.711  120.310    10.0
    26     1    10     0   22.711  120.310    10.0
    26     1    10     0   22.711  120.310    10.0
    26     1    10     0   22.711  120.310    10.0
    26     1    10     0   22.711  120.310    10.0
    26     1    10     0   22.711  120.310    10.0
    26     1    10     0   22.711  120.310    10.0
    26     1    10     0   22.711  120.310    10.0
    26     1    10     0   22.711  120.310    10.0
    26     1    10     0   22.711  120.310    10.0
    26     1    10     0   22.711  120.310    10.0
    26     1    10     0   22.711  120.310    10.0
    26     1    10     0   22.711  120.310    10.0
    26     1    10     0   22.711  120.310    10.0
    26     1    10     0   22.711  120.310    10.0
    26     1    10     0   22.711  120.310    10.0
    26     1    10     0   22.711  120.310    10.0
    26     1    10     0   22.711  120.310    10.0
    26     1    10     0   22.711  120.310    10.0
    26     1    10     0   22.711  120.310    10.0
    26     1    10     0   22.711  120.310    10.0
    26     1    10     0   22.711  120.310    10.0
    26     1    10     0   22.711  120.310    10.0
    26     1    10     0   22.711  120.310    10.0
    26     1    10     0   22.711  120.310    10.0
    26     1    10     0   22.711  120.310    10.0
     8 PRESSURE THETA    AIR_TEMP RAINFALL MIXDEPTH RELHUMID TERR_MSL SUN_FLUX
     1     1    26     1    10     0     0     0     0.0   22.711  120.310     10.0   1014.9    288.0    289.2      0.0    197.5     56.4     34.8     18.5
     2     1    26     1    10     0     0     0     0.0   22.711  120.310     10.0   1013.5    286.7    287.8      0.0    132.8     57.6     51.7     19.7
     3     1    26     1    10     0     0     0     0.0   22.711  120.310     10.0   1016.4    289.6    290.9      0.0    419.0     60.4     11.2     13.0
     4     1    26     1    10     0     0     0     0.0   22.711  120.310     10.0    983.4    290.0    288.5      0.0    163.1     56.0    288.6     18.8
     5     1    26     1    10     0     0     0     0.0   22.711  120.310     10.0    973.8    289.3    287.0      0.0     95.3     61.0    381.9     19.7
     6     1    26     1    10     0     0     0     0.0   22.711  120.310     10.0    995.4    290.0    289.6      0.0    291.1     61.8    194.3     13.9
     7     1    26     1    10     0     0     0     0.0   22.711  120.310     10.0   1017.6    288.5    289.9      0.0    385.1     57.8      4.7     18.5
     8     1    26     1    10     0     0     0     0.0   22.711  120.310     10.0   1017.6    288.1    289.5      0.0    424.0     57.8      5.6     19.7
     9     1    26     1    10     0     0     0     0.0   22.711  120.310     10.0   1017.6    289.5    290.9      0.0    502.3     62.0      0.0     13.0
    10     1    26     1    10     0     0     0     0.0   22.711  120.310     10.0   1014.9    288.0    289.2      0.0    197.5     56.4     34.8     18.5
    11     1    26     1    10     0     0     0     0.0   22.711  120.310     10.0   1013.5    286.7    287.8      0.0    132.8     57.6     51.7     19.7
    12     1    26     1    10     0     0     0     0.0   22.711  120.310     10.0   1016.4    289.6    290.9      0.0    419.0     60.4     11.2     13.0
    13     1    26     1    10     0     0     0     0.0   22.711  120.310     10.0    983.4    290.0    288.5      0.0    163.1     56.0    288.6     18.8
    14     1    26     1    10     0     0     0     0.0   22.711  120.310     10.0    973.8    289.3    287.0      0.0     95.3     61.0    381.9     19.7
    15     1    26     1    10     0     0     0     0.0   22.711  120.310     10.0    995.4    290.0    289.6      0.0    291.1     61.8    194.3     13.9
    16     1    26     1    10     0     0     0     0.0   22.711  120.310     10.0   1017.6    288.5    289.9      0.0    385.1     57.8      4.7     18.5
    17     1    26     1    10     0     0     0     0.0   22.711  120.310     10.0   1017.6    288.1    289.5      0.0    424.0     57.8      5.6     19.7
    18     1    26     1    10     0     0     0     0.0   22.711  120.310     10.0   1017.6    289.5    290.9      0.0    502.3     62.0      0.0     13.0
    19     1    26     1    10     0     0     0     0.0   22.711  120.310     10.0    985.4    289.0    287.8      0.0    197.5     61.6     34.8     18.5
    20     1    26     1    10     0     0     0     0.0   22.711  120.310     10.0    983.9    288.3    286.9      0.0    132.8     58.1     51.7     19.7
    21     1    26     1    10     0     0     0     0.0   22.711  120.310     10.0    987.0    289.6    288.5      0.0    419.0     68.3     11.2     13.0
    22     1    26     1    10     0     0     0     0.0   22.711  120.310     10.0    955.1    290.8    287.0      0.0    163.1     60.4    288.6     18.8
    23     1    26     1    10     0     0     0     0.0   22.711  120.310     10.0    945.7    291.0    286.3      0.0     95.3     59.9    381.9     19.7
    24     1    26     1    10     0     0     0     0.0   22.711  120.310     10.0    966.7    290.5    287.6      0.0    291.1     67.9    194.3     13.9
    25     1    26     1    10     0     0     0     0.0   22.711  120.310     10.0    988.0    288.7    287.7      0.0    385.1     63.8      4.7     18.5
    26     1    26     1    10     0     0     0     0.0   22.711  120.310     10.0    988.0    288.3    287.3      0.0    424.0     63.0      5.6     19.7
    27     1    26     1    10     0     0     0     0.0   22.711  120.310     10.0    988.1    289.3    288.3      0.0    502.3     69.6      0.0     13.0
     1     1    26     1     9    23     0     1    -1.0   22.756  120.320     15.1   1013.1    287.4    288.5      0.0    159.4     57.2     41.7     13.2
     2     1    26     1     9    23     0     1    -1.0   22.749  120.317      9.6   1012.1    286.4    287.4      0.0    120.4     59.3     57.8     13.2
     3     1    26     1     9    23     0     1    -1.0   22.720  120.350     19.6   1013.9    289.3    290.4      0.0    358.7     60.3     19.5      8.5
     4     1    26     1     9    23     0     1    -1.0   22.727  120.314     77.0    973.2    289.8    287.5      0.0    128.2     58.5    308.3     12.9
     5     1    26     1     9    23     0     1    -1.0   22.711  120.306     34.8    972.2    289.0    286.5      0.0     71.9     62.4    365.0     13.2
     6     1    26     1     9    23     0     1    -1.0   22.714  120.353    101.4    971.9    290.1    287.7      0.0    218.5     66.0    303.7      9.8
     7     1    26     1     9    23     0     1    -1.0   22.804  120.356     10.0   1017.3    287.9    289.3      0.0    344.7     57.7      9.9     13.2
     8     1    26     1     9    23     0     1    -1.0   22.821  120.362      9.8   1017.3    287.4    288.8      0.0    372.5     58.7     10.5     13.2
     9     1    26     1     9    23     0     1    -1.0   22.770  120.370      8.6   1017.3    289.1    290.5      0.0    455.3     60.5      0.9      8.3
    10     1    26     1     9    23     0     1    -1.0   22.756  120.320    254.4   1013.7    287.4    288.5      0.0    159.4     57.0     41.7     13.2
    11     1    26     1     9    23     0     1    -1.0   22.749  120.317    250.3   1012.1    286.4    287.4      0.0    120.4     59.3     57.8     13.2
    12     1    26     1     9    23     0     1    -1.0   22.721  120.350    260.4   1015.0    289.3    290.5      0.0    358.5     60.0     19.5      8.5
    13     1    26     1     9    23     0     1    -1.0   22.727  120.314    310.6    974.7    289.8    287.6      0.0    128.1     58.4    309.0     12.9
    14     1    26     1     9    23     0     1    -1.0   22.711  120.306    271.9    973.3    288.9    286.5      0.0     72.0     62.5    365.0     13.2
    15     1    26     1     9    23     0     1    -1.0   22.714  120.352    337.2    973.4    290.1    287.8      0.0    218.8     65.7    301.4      9.7
    16     1    26     1     9    23     0     1    -1.0   22.804  120.356    249.9   1017.3    287.9    289.3      0.0    344.7     57.7      9.9     13.2
    17     1    26     1     9    23     0     1    -1.0   22.821  120.362    249.9   1017.3    287.4    288.8      0.0    372.5     58.7     10.5     13.2
    18     1    26     1     9    23     0     1    -1.0   22.770  120.370    250.0   1017.3    289.1    290.5      0.0    455.3     60.5      0.9      8.3
    19     1    26     1     9    23     0     1    -1.0   22.720  120.329     15.3    983.5    289.0    287.7      0.0    179.6     61.6     40.5     12.6
    20     1    26     1     9    23     0     1    -1.0   22.760  120.319     14.3    981.8    288.5    287.0      0.0    122.0     57.4     60.4     13.2
    21     1    26     1     9    23     0     1    -1.0   22.697  120.358      0.0    987.4    289.5    288.4      0.0    384.5     67.9     18.8      9.0
    22     1    26     1     9    23     0     1    -1.0   22.709  120.314     52.4    948.7    291.1    286.7      0.0    133.2     61.4    301.7     12.6
    23     1    26     1     9    23     0     1    -1.0   22.706  120.302     14.7    948.1    290.9    286.4      0.0     72.9     60.3    349.2     13.2
    24     1    26     1     9    23     0     1    -1.0   22.702  120.357     75.9    946.8    291.1    286.5      0.0    231.4     70.2    302.7      9.7
    25     1    26     1     9    23     0     1    -1.0   22.787  120.355     39.4    984.3    288.7    287.4      0.0    344.5     63.2      9.9     13.2
    26     1    26     1     9    23     0     1    -1.0   22.837  120.353      8.7    987.9    288.1    287.1      0.0    391.3     62.3      9.6     13.2
    27     1    26     1     9    23     0     1    -1.0   22.754  120.372      0.0    990.4    289.1    288.3      0.0    462.5     67.4      0.2      8.0
     1     1    26     1     9    22     0     2    -2.0   22.816  120.336     27.3   1009.9    287.0    287.8      0.0    139.2     59.2     51.4      6.6
     2     1    26     1     9    22     0     2    -2.0   22.801  120.333     21.0   1007.8    286.3    286.9      0.0    116.0     60.8     77.0      6.6
     3     1    26     1     9    22     0     2    -2.0   22.748  120.386     40.3   1010.2    288.9    289.7      0.0    265.8     60.1     29.9      4.0
     4     1    26     1     9    22     0     2    -2.0   22.754  120.323    142.7    960.5    290.4    286.9      0.0     91.4     58.8    352.2      6.6
     5     1    26     1     9    22     0     2    -2.0   22.731  120.311     90.3    961.9    289.7    286.4      0.0     44.5     62.1    395.5      6.6
     6     1    26     1     9    22     0     2    -2.0   22.727  120.406    195.3    944.0    291.0    286.2      0.0    137.4     68.4    449.9      5.3
     7     1    26     1     9    22     0     2    -2.0   22.907  120.400      9.9   1016.8    287.2    288.6      0.0    295.5     58.5     14.0      6.6
     8     1    26     1     9    22     0     2    -2.0   22.939  120.412      9.3   1016.8    286.7    288.1      0.0    318.2     59.7     15.2      6.6
     9     1    26     1     9    22     0     2    -2.0   22.845  120.419      7.5   1016.7    288.4    289.8      0.0    382.4     59.3      6.0      5.0
    10     1    26     1     9    22     0     2    -2.0   22.814  120.336    266.0   1011.2    287.0    287.9      0.0    139.7     59.0     51.1      6.6
    11     1    26     1     9    22     0     2    -2.0   22.800  120.333    261.7   1008.9    286.2    287.0      0.0    116.0     60.9     76.6      6.6
    12     1    26     1     9    22     0     2    -2.0   22.748  120.386    282.1   1011.1    288.9    289.8      0.0    265.2     59.9     29.9      4.0
    13     1    26     1     9    22     0     2    -2.0   22.755  120.324    379.6    961.4    290.3    286.9      0.0     91.3     58.8    353.7      6.6
    14     1    26     1     9    22     0     2    -2.0   22.730  120.312    330.5    962.3    289.6    286.3      0.0     44.7     62.1    398.4      6.6
    15     1    26     1     9    22     0     2    -2.0   22.727  120.405    432.2    945.3    291.0    286.3      0.0    137.4     68.3    447.4      5.3
    16     1    26     1     9    22     0     2    -2.0   22.907  120.400    249.9   1016.8    287.2    288.6      0.0    295.5     58.5     14.0      6.6
    17     1    26     1     9    22     0     2    -2.0   22.939  120.412    249.8   1016.8    286.7    288.1      0.0    318.2     59.7     15.2      6.6
    18     1    26     1     9    22     0     2    -2.0   22.845  120.419    249.9   1016.7    288.4    289.8      0.0    382.4     59.3      6.0      5.0
    19     1    26     1     9    22     0     2    -2.0   22.756  120.356     22.5    980.8    289.1    287.5      0.0    143.7     61.3     51.2      6.6
    20     1    26     1     9    22     0     2    -2.0   22.842  120.345     27.3    975.8    289.1    287.0      0.0    116.3     57.4     94.2      6.6
    21     1    26     1     9    22     0     2    -2.0   22.708  120.402      0.0    986.0    289.3    288.2      0.0    305.8     67.1     28.1      4.4
    22     1    26     1     9    22     0     2    -2.0   22.726  120.318     63.3    944.9    291.3    286.6      0.0     97.8     61.3    323.5      6.4
    23     1    26     1     9    22     0     2    -2.0   22.726  120.302     33.2    944.9    291.3    286.5      0.0     45.3     60.4    354.7      6.6
    24     1    26     1     9    22     0     2    -2.0   22.714  120.408    148.1    923.1    292.2    285.5      0.0    150.9     70.4    439.2      5.2
    25     1    26     1     9    22     0     2    -2.0   22.883  120.402     53.8    982.1    288.7    287.2      0.0    294.2     61.6     14.2      6.6
    26     1    26     1     9    22     0     2    -2.0   23.001  120.413      7.4    987.4    288.0    286.9      0.0    332.3     60.8     15.2      6.6
    27     1    26     1     9    22     0     2    -2.0   22.816  120.423      0.0    992.4    288.8    288.2      0.0    397.7     64.7      4.3      4.6
     1     1    26     1     9    21     0     3    -3.0   22.891  120.364     51.2   1004.1    286.8    287.1      0.0    107.4     61.0     69.2      0.0
     2     1    26     1     9    21     0     3    -3.0   22.877  120.366     57.6    997.9    286.8    286.6      0.0     94.8     61.3    120.7      0.0
     3     1    26     1     9    21     0     3    -3.0   22.790  120.424     75.6   1004.4    288.4    288.8      0.0    178.8     60.7     43.2      0.0
     4     1    26     1     9    21     0     3    -3.0   22.796  120.333    180.7    950.4    291.0    286.6      0.0     52.5     59.8    402.9      0.0
     5     1    26     1     9    21     0     3    -3.0   22.773  120.319    139.7    950.4    290.8    286.4      0.0     17.6     61.0    445.9      0.0
     6     1    26     1     9    21     0     3    -3.0   22.745  120.452    260.2    920.2    292.1    285.2      0.0     66.7     70.0    590.4      0.0
     7     1    26     1     9    21     0     3    -3.0   23.011  120.441      9.9   1016.1    286.3    287.7      0.0    230.6     59.5     17.9      0.0
     8     1    26     1     9    21     0     3    -3.0   23.052  120.463      9.1   1016.0    286.0    287.3      0.0    247.5     60.1     15.8      0.0
     9     1    26     1     9    21     0     3    -3.0   22.940  120.461      7.1   1016.0    287.4    288.7      0.0    275.1     58.8     15.0      0.0
    10     1    26     1     9    21     0     3    -3.0   22.886  120.363    289.5   1005.6    286.7    287.2      0.0    109.1     61.1     68.0      0.0
    11     1    26     1     9    21     0     3    -3.0   22.871  120.364    297.0    999.4    286.7    286.6      0.0     95.5     61.6    117.3      0.0
    12     1    26     1     9    21     0     3    -3.0   22.791  120.423    317.8   1005.3    288.4    288.8      0.0    179.0     60.6     43.2      0.0
    13     1    26     1     9    21     0     3    -3.0   22.797  120.333    420.3    950.8    290.9    286.6      0.0     52.3     59.8    405.8      0.0
    14     1    26     1     9    21     0     3    -3.0   22.772  120.320    381.2    950.4    290.8    286.4      0.0     17.6     61.1    450.0      0.0
    15     1    26     1     9    21     0     3    -3.0   22.746  120.450    496.0    921.4    292.0    285.2      0.0     66.5     70.0    587.9      0.0
    16     1    26     1     9    21     0     3    -3.0   23.011  120.441    249.8   1016.1    286.3    287.7      0.0    230.6     59.5     17.9      0.0
    17     1    26     1     9    21     0     3    -3.0   23.052  120.463    249.8   1016.0    286.0    287.3      0.0    247.5     60.1     15.8      0.0
    18     1    26     1     9    21     0     3    -3.0   22.940  120.461    249.8   1016.0    287.4    288.7      0.0    275.1     58.8     15.0      0.0
    19     1    26     1     9    21     0     3    -3.0   22.820  120.391     30.4    977.1    289.3    287.4      0.0    109.6     61.1     69.5      0.0
    20     1    26     1     9    21     0     3    -3.0   22.948  120.388     67.4    963.2    290.1    287.0      0.0     86.2     57.4    164.2      0.0
    21     1    26     1     9    21     0     3    -3.0   22.739  120.446     22.7    981.9    289.2    287.6      0.0    185.1     66.7     41.5      0.0
    22     1    26     1     9    21     0     3    -3.0   22.766  120.319     51.0    943.9    291.4    286.5      0.0     60.9     60.8    342.3      0.0
    23     1    26     1     9    21     0     3    -3.0   22.771  120.308     69.6    935.6    291.9    286.3      0.0     17.6     60.1    400.2      0.0
    24     1    26     1     9    21     0     3    -3.0   22.742  120.440    190.9    905.1    293.2    284.9      0.0     72.6     68.2    555.6      0.0
    25     1    26     1     9    21     0     3    -3.0   23.009  120.455     56.7    981.0    288.8    287.3      0.0    209.8     57.2     19.2      0.0
    26     1    26     1     9    21     0     3    -3.0   23.194  120.492     33.8    983.2    288.0    286.6      0.0    238.7     59.6      5.1      0.0
    27     1    26     1     9    21     0     3    -3.0   22.901  120.470      0.0    989.5    288.5    287.7      0.0    291.1     62.5     12.4      0.0
     1     1    26     1     9    20     0     2    -4.0   22.978  120.394     87.2    996.6    287.3    287.0      0.0     81.0     60.8     93.8      0.0
     2     1    26     1     9    20     0     2    -4.0   22.973  120.412    126.4    981.3    288.3    286.7      0.0     76.3     60.2    199.2      0.0
     3     1    26     1     9    20     0     2    -4.0   22.842  120.455    110.7    998.8    288.6    288.5      0.0    146.0     60.3     56.7      0.0
     4     1    26     1     9    20     0     2    -4.0   22.843  120.337    202.3    944.3    291.3    286.4      0.0     43.9     60.1    438.2      0.0
     5     1    26     1     9    20     0     2    -4.0   22.824  120.326    185.7    939.3    291.4    286.1      0.0     17.7     60.1    506.1      0.0
     6     1    26     1     9    20     0     2    -4.0   22.765  120.479    302.0    905.4    292.8    284.6      0.0     44.7     70.7    685.3      0.0
     7     1    26     1     9    20     0     2    -4.0   23.109  120.477      9.9   1016.1    286.0    287.3      0.0    205.6     59.0     21.3      0.0
     8     1    26     1     9    20     0     2    -4.0   23.148  120.513     10.6   1015.0    285.8    287.0      0.0    216.5     59.2     21.2      0.0
     9     1    26     1     9    20     0     2    -4.0   23.043  120.492      7.1   1016.3    286.7    288.1      0.0    194.7     57.9     22.7      0.0
    10     1    26     1     9    20     0     2    -4.0   22.969  120.392    324.9    998.2    287.1    287.0      0.0     83.5     61.0     91.9      0.0
    11     1    26     1     9    20     0     2    -4.0   22.965  120.410    364.2    983.2    288.1    286.7      0.0     77.7     60.4    193.0      0.0
    12     1    26     1     9    20     0     2    -4.0   22.844  120.454    353.9    999.5    288.5    288.5      0.0    146.0     60.2     56.7      0.0
    13     1    26     1     9    20     0     2    -4.0   22.843  120.338    442.9    944.4    291.3    286.4      0.0     43.7     60.1    442.2      0.0
    14     1    26     1     9    20     0     2    -4.0   22.822  120.328    427.1    939.3    291.4    286.1      0.0     17.7     60.1    510.2      0.0
    15     1    26     1     9    20     0     2    -4.0   22.765  120.479    536.3    906.5    292.8    284.6      0.0     44.9     70.7    683.9      0.0
    16     1    26     1     9    20     0     2    -4.0   23.109  120.477    249.8   1016.1    286.0    287.3      0.0    205.6     59.0     21.3      0.0
    17     1    26     1     9    20     0     2    -4.0   23.148  120.513    251.3   1015.1    285.8    287.0      0.0    216.5     59.2     21.2      0.0
    18     1    26     1     9    20     0     2    -4.0   23.043  120.492    249.8   1016.3    286.7    288.1      0.0    194.7     57.9     22.7      0.0
    19     1    26     1     9    20     0     2    -4.0   22.893  120.421     44.1    972.6    289.5    287.2      0.0     84.4     60.7     92.4      0.0
    20     1    26     1     9    20     0     2    -4.0   23.040  120.429    146.3    949.0    290.8    286.4      0.0     72.5     57.8    214.2      0.0
    21     1    26     1     9    20     0     2    -4.0   22.774  120.482     58.5    976.6    289.5    287.6      0.0    138.7     67.1     54.3      0.0
    22     1    26     1     9    20     0     2    -4.0   22.813  120.318     41.4    943.5    291.4    286.4      0.0     52.4     61.2    357.7      0.0
    23     1    26     1     9    20     0     2    -4.0   22.820  120.313    115.1    925.8    292.3    285.8      0.0     17.7     60.3    450.2      0.0
    24     1    26     1     9    20     0     2    -4.0   22.776  120.449    208.0    897.5    293.7    284.7      0.0     53.7     68.0    612.7      0.0
    25     1    26     1     9    20     0     2    -4.0   23.152  120.511     71.2    978.1    288.8    286.9      0.0    168.5     55.9     33.7      0.0
    26     1    26     1     9    20     0     2    -4.0   23.375  120.574     84.7    974.5    288.2    286.1      0.0    243.3     61.6     35.2      0.0
    27     1    26     1     9    20     0     2    -4.0   22.995  120.513      0.0    987.6    288.5    287.4      0.0    187.2     59.7     26.1      0.0
     1     1    26     1     9    19     0     1    -5.0   23.064  120.418    125.9    987.3    288.0    286.9      0.0     69.5     60.2    136.7      0.0
     2     1    26     1     9    19     0     1    -5.0   23.053  120.446    197.3    970.1    288.9    286.4      0.0     64.9     60.3    227.3      0.0
     3     1    26     1     9    19     0     1    -5.0   22.900  120.471    127.3    995.3    288.7    288.3      0.0    124.3     59.5     67.5      0.0
     4     1    26     1     9    19     0     1    -5.0   22.885  120.332    214.3    942.9    291.3    286.3      0.0     37.5     60.3    440.2      0.0
     5     1    26     1     9    19     0     1    -5.0   22.864  120.327    217.7    933.5    291.6    285.8      0.0     17.7     60.6    531.0      0.0
     6     1    26     1     9    19     0     1    -5.0   22.789  120.486    342.1    896.9    293.3    284.3      0.0     32.2     71.3    728.6      0.0
     7     1    26     1     9    19     0     1    -5.0   23.197  120.508     11.0   1015.6    285.8    287.1      0.0    186.8     58.4     31.4      0.0
     8     1    26     1     9    19     0     1    -5.0   23.232  120.565     25.1   1009.9    286.2    287.0      0.0    203.8     58.9     51.2      0.0
     9     1    26     1     9    19     0     1    -5.0   23.136  120.511      8.5   1015.6    286.4    287.7      0.0    175.5     58.0     27.9      0.0
    10     1    26     1     9    19     0     1    -5.0   23.055  120.416    365.0    988.9    287.9    286.9      0.0     70.0     60.3    131.9      0.0
    11     1    26     1     9    19     0     1    -5.0   23.045  120.445    434.2    971.2    288.8    286.4      0.0     65.0     60.4    228.7      0.0
    12     1    26     1     9    19     0     1    -5.0   22.902  120.470    371.2    995.9    288.6    288.3      0.0    124.0     59.4     67.7      0.0
    13     1    26     1     9    19     0     1    -5.0   22.885  120.334    455.6    942.9    291.3    286.3      0.0     37.3     60.3    444.8      0.0
    14     1    26     1     9    19     0     1    -5.0   22.863  120.328    458.6    933.5    291.6    285.8      0.0     17.7     60.6    535.4      0.0
    15     1    26     1     9    19     0     1    -5.0   22.788  120.487    575.6    897.8    293.2    284.3      0.0     32.0     71.4    729.5      0.0
    16     1    26     1     9    19     0     1    -5.0   23.197  120.508    250.7   1015.8    285.8    287.1      0.0    186.8     58.4     31.4      0.0
    17     1    26     1     9    19     0     1    -5.0   23.229  120.563    266.0   1011.0    286.1    287.0      0.0    204.2     58.9     50.7      0.0
    18     1    26     1     9    19     0     1    -5.0   23.136  120.511    251.2   1015.6    286.4    287.7      0.0    175.5     58.0     27.9      0.0
    19     1    26     1     9    19     0     1    -5.0   22.951  120.440     63.5    968.0    289.7    287.0      0.0     64.6     60.8    111.2      0.0
    20     1    26     1     9    19     0     1    -5.0   23.097  120.455    207.0    942.0    290.8    285.9      0.0     65.2     58.5    217.1      0.0
    21     1    26     1     9    19     0     1    -5.0   22.806  120.495     81.0    973.0    289.8    287.6      0.0    127.6     67.5     61.5      0.0
    22     1    26     1     9    19     0     1    -5.0   22.850  120.314     39.2    944.0    291.2    286.4      0.0     46.3     61.5    356.8      0.0
    23     1    26     1     9    19     0     1    -5.0   22.850  120.310    144.8    922.3    292.3    285.5      0.0     17.7     61.4    456.4      0.0
    24     1    26     1     9    19     0     1    -5.0   22.809  120.441    211.2    897.4    293.6    284.6      0.0     48.8     68.9    616.2      0.0
    25     1    26     1     9    19     0     1    -5.0   23.279  120.555    116.6    967.9    289.1    286.4      0.0    165.5     57.4     81.7      0.0
    26     1    26     1     9    19     0     1    -5.0   23.526  120.640    128.1    970.5    288.4    286.0      0.0    237.3     60.9     29.3      0.0
    27     1    26     1     9    19     0     1    -5.0   23.087  120.540      1.1    985.9    288.5    287.3      0.0    167.4     58.5     37.3      0.0
     1     1    26     1     9    18     0     0    -6.0   23.133  120.436    157.3    979.0    288.5    286.7      0.0     63.1     60.5    181.9      0.0
     2     1    26     1     9    18     0     0    -6.0   23.105  120.466    259.5    963.4    289.0    285.9      0.0     58.8     60.7    224.9      0.0
     3     1    26     1     9    18     0     0    -6.0   22.957  120.478    131.3    993.4    288.7    288.2      0.0    106.7     58.8     76.3      0.0
     4     1    26     1     9    18     0     0    -6.0   22.920  120.322    212.3    946.0    291.0    286.3      0.0     32.4     60.3    415.2      0.0
     5     1    26     1     9    18     0     0    -6.0   22.890  120.320    230.2    933.8    291.4    285.6      0.0     17.8     61.6    517.8      0.0
     6     1    26     1     9    18     0     0    -6.0   22.816  120.475    366.2    895.7    293.3    284.2      0.0     28.7     72.1    723.2      0.0
     7     1    26     1     9    18     0     0    -6.0   23.279  120.540     22.2   1010.8    286.1    287.0      0.0    186.1     58.9     64.5      0.0
     8     1    26     1     9    18     0     0    -6.0   23.314  120.619     48.5   1005.3    286.5    286.9      0.0    187.7     58.8     71.9      0.0
     9     1    26     1     9    18     0     0    -6.0   23.225  120.528     15.1   1013.3    286.2    287.3      0.0    163.1     58.6     37.3      0.0
    10     1    26     1     9    18     0     0    -6.0   23.125  120.435    396.3    980.5    288.4    286.7      0.0     63.6     60.5    177.4      0.0
    11     1    26     1     9    18     0     0    -6.0   23.098  120.465    496.2    964.4    289.0    286.0      0.0     59.1     60.8    226.5      0.0
    12     1    26     1     9    18     0     0    -6.0   22.959  120.478    375.4    994.0    288.7    288.2      0.0    106.0     58.8     76.6      0.0
    13     1    26     1     9    18     0     0    -6.0   22.921  120.323    454.2    946.0    291.0    286.3      0.0     32.2     60.2    419.7      0.0
    14     1    26     1     9    18     0     0    -6.0   22.889  120.321    470.9    933.8    291.4    285.6      0.0     17.8     61.6    522.1      0.0
    15     1    26     1     9    18     0     0    -6.0   22.815  120.477    602.3    896.0    293.2    284.1      0.0     28.0     72.3    726.8      0.0
    16     1    26     1     9    18     0     0    -6.0   23.276  120.539    261.6   1012.1    286.0    287.0      0.0    186.2     58.8     63.9      0.0
    17     1    26     1     9    18     0     0    -6.0   23.305  120.616    290.4   1006.1    286.4    286.9      0.0    187.7     58.8     72.0      0.0
    18     1    26     1     9    18     0     0    -6.0   23.225  120.528    257.7   1013.9    286.2    287.3      0.0    163.2     58.7     37.2      0.0
    19     1    26     1     9    18     0     0    -6.0   22.987  120.450     89.7    963.4    289.8    286.7      0.0     53.0     61.5    123.0      0.0
    20     1    26     1     9    18     0     0    -6.0   23.126  120.463    240.0    938.9    290.7    285.5      0.0     64.4     59.5    212.6      0.0
    21     1    26     1     9    18     0     0    -6.0   22.834  120.489     87.5    971.9    289.9    287.6      0.0    134.5     67.4     63.6      0.0
    22     1    26     1     9    18     0     0    -6.0   22.876  120.306     34.7    946.8    291.0    286.4      0.0     42.5     61.6    336.5      0.0
    23     1    26     1     9    18     0     0    -6.0   22.863  120.299    153.8    925.4    291.8    285.3      0.0     17.8     63.1    418.3      0.0
    24     1    26     1     9    18     0     0    -6.0   22.837  120.419    191.2    904.9    293.0    284.7      0.0     52.3     70.9    572.0      0.0
    25     1    26     1     9    18     0     0    -6.0   23.378  120.586    165.8    960.8    289.1    285.8      0.0    171.0     58.9     92.0      0.0
    26     1    26     1     9    18     0     0    -6.0   23.660  120.693    154.1    967.7    288.8    286.1      0.0    226.8     58.0     27.0      0.0
    27     1    26     1     9    18     0     0    -6.0   23.177  120.557      2.2    984.0    288.5    287.1      0.0    152.9     58.0     48.2      0.0
     1     1    26     1     9    17     0     1    -7.0   23.188  120.454    197.4    970.2    289.0    286.5      0.0     58.5     60.2    226.7      0.0
     2     1    26     1     9    17     0     1    -7.0   23.142  120.486    314.8    957.3    289.5    285.9      0.0     61.2     59.2    226.2      0.0
     3     1    26     1     9    17     0     1    -7.0   23.007  120.480    132.0    992.2    288.7    288.1      0.0    102.6     57.8     84.0      0.0
     4     1    26     1     9    17     0     1    -7.0   22.949  120.312    204.5    950.7    290.7    286.4      0.0     29.6     59.8    383.8      0.0
     5     1    26     1     9    17     0     1    -7.0   22.907  120.316    247.5    933.1    291.4    285.6      0.0     18.1     61.2    512.7      0.0
     6     1    26     1     9    17     0     1    -7.0   22.841  120.455    371.8    899.3    293.0    284.2      0.0     50.3     72.2    686.2      0.0
     7     1    26     1     9    17     0     1    -7.0   23.368  120.582     47.3   1004.2    286.7    287.0      0.0    201.3     58.9     90.3      0.0
     8     1    26     1     9    17     0     1    -7.0   23.399  120.673     70.5   1002.5    286.7    286.9      0.0    194.3     58.5     73.9      0.0
     9     1    26     1     9    17     0     1    -7.0   23.315  120.549     27.8   1010.2    286.5    287.3      0.0    175.0     58.6     56.8      0.0
    10     1    26     1     9    17     0     1    -7.0   23.182  120.454    433.9    971.9    288.9    286.5      0.0     58.3     60.2    223.4      0.0
    11     1    26     1     9    17     0     1    -7.0   23.137  120.485    553.2    958.2    289.5    286.0      0.0     61.3     59.3    227.6      0.0
    12     1    26     1     9    17     0     1    -7.0   23.010  120.480    376.3    992.6    288.7    288.1      0.0    101.5     57.8     84.8      0.0
    13     1    26     1     9    17     0     1    -7.0   22.950  120.313    446.7    950.5    290.7    286.4      0.0     29.3     59.8    389.0      0.0
    14     1    26     1     9    17     0     1    -7.0   22.906  120.317    487.8    933.2    291.4    285.6      0.0     18.1     61.2    517.0      0.0
    15     1    26     1     9    17     0     1    -7.0   22.840  120.458    611.3    899.0    293.0    284.1      0.0     49.1     72.4    692.2      0.0
    16     1    26     1     9    17     0     1    -7.0   23.359  120.579    286.6   1005.5    286.6    287.0      0.0    202.4     58.9     89.2      0.0
    17     1    26     1     9    17     0     1    -7.0   23.389  120.670    314.1   1002.9    286.6    286.9      0.0    194.0     58.5     76.3      0.0
    18     1    26     1     9    17     0     1    -7.0   23.311  120.549    270.6   1011.1    286.4    287.3      0.0    174.7     58.6     55.8      0.0
    19     1    26     1     9    17     0     1    -7.0   23.009  120.458    121.8    959.1    289.9    286.5      0.0     48.8     61.0    134.5      0.0
    20     1    26     1     9    17     0     1    -7.0   23.146  120.471    262.3    937.0    291.0    285.6      0.0     76.8     58.1    210.1      0.0
    21     1    26     1     9    17     0     1    -7.0   22.855  120.473     74.0    973.6    289.9    287.7      0.0    185.5     65.3     62.3      0.0
    22     1    26     1     9    17     0     1    -7.0   22.893  120.298     29.8    950.2    290.8    286.5      0.0     43.9     60.5    312.0      0.0
    23     1    26     1     9    17     0     1    -7.0   22.865  120.291    163.7    928.0    291.7    285.4      0.0     18.1     62.1    388.1      0.0
    24     1    26     1     9    17     0     1    -7.0   22.855  120.393    163.3    915.0    292.4    285.0      0.0     82.8     71.2    506.7      0.0
    25     1    26     1     9    17     0     1    -7.0   23.465  120.617    210.4    955.0    289.5    285.7      0.0    188.9     58.0     95.9      0.0
    26     1    26     1     9    17     0     1    -7.0   23.804  120.752    162.9    967.1    288.6    285.9      0.0    282.4     57.4     25.0      0.0
    27     1    26     1     9    17     0     1    -7.0   23.275  120.575     10.7    981.1    288.5    286.9      0.0    148.4     58.0     66.8      0.0
     1     1    26     1     9    16     0     2    -8.0   23.227  120.483    268.3    957.1    290.0    286.3      0.0     36.6     59.7    278.0      0.0
     2     1    26     1     9    16     0     2    -8.0   23.172  120.513    364.7    946.1    290.4    285.8      0.0     67.1     57.6    280.3      0.0
     3     1    26     1     9    16     0     2    -8.0   23.049  120.477    135.0    991.0    288.7    288.0      0.0    102.9     57.2     93.0      0.0
     4     1    26     1     9    16     0     2    -8.0   22.971  120.303    199.3    954.4    290.4    286.4      0.0     26.1     59.4    359.5      0.0
     5     1    26     1     9    16     0     2    -8.0   22.916  120.324    288.6    925.5    291.9    285.4      0.0     18.4     60.8    546.8      0.0
     6     1    26     1     9    16     0     2    -8.0   22.858  120.436    369.7    904.5    292.6    284.3      0.0     73.9     72.5    641.6      0.0
     7     1    26     1     9    16     0     2    -8.0   23.469  120.634     82.9    997.5    287.1    286.9      0.0    199.1     58.4    108.4      0.0
     8     1    26     1     9    16     0     2    -8.0   23.495  120.726     80.8   1003.7    286.6    286.9      0.0    203.6     56.9     52.2      0.0
     9     1    26     1     9    16     0     2    -8.0   23.411  120.579     51.3   1003.6    286.9    287.2      0.0    189.6     58.6     96.5      0.0
    10     1    26     1     9    16     0     2    -8.0   23.222  120.483    502.4    958.9    289.8    286.4      0.0     36.8     59.6    274.9      0.0
    11     1    26     1     9    16     0     2    -8.0   23.167  120.512    605.0    947.0    290.4    285.9      0.0     65.9     57.7    279.6      0.0
    12     1    26     1     9    16     0     2    -8.0   23.052  120.478    379.4    991.4    288.7    288.0      0.0    101.5     57.3     94.0      0.0
    13     1    26     1     9    16     0     2    -8.0   22.973  120.305    441.5    954.1    290.4    286.4      0.0     25.6     59.5    366.2      0.0
    14     1    26     1     9    16     0     2    -8.0   22.916  120.325    528.5    925.6    291.9    285.4      0.0     18.4     60.8    551.1      0.0
    15     1    26     1     9    16     0     2    -8.0   22.857  120.439    611.6    903.8    292.6    284.2      0.0     72.2     72.6    649.5      0.0
    16     1    26     1     9    16     0     2    -8.0   23.457  120.630    322.6    998.5    287.1    286.9      0.0    200.2     58.4    109.0      0.0
    17     1    26     1     9    16     0     2    -8.0   23.483  120.722    326.7   1003.6    286.6    286.9      0.0    203.0     57.0     57.0      0.0
    18     1    26     1     9    16     0     2    -8.0   23.402  120.577    293.4   1004.8    286.9    287.3      0.0    190.1     58.6     92.9      0.0
    19     1    26     1     9    16     0     2    -8.0   23.018  120.472    149.8    955.2    290.2    286.4      0.0     41.4     60.3    147.3      0.0
    20     1    26     1     9    16     0     2    -8.0   23.161  120.488    287.9    933.6    291.4    285.8      0.0     78.7     56.5    218.5      0.0
    21     1    26     1     9    16     0     2    -8.0   22.871  120.454     42.8    977.6    289.9    288.0      0.0    232.7     62.5     59.9      0.0
    22     1    26     1     9    16     0     2    -8.0   22.903  120.293     29.1    952.7    290.6    286.5      0.0     45.7     59.5    292.8      0.0
    23     1    26     1     9    16     0     2    -8.0   22.860  120.293    183.0    926.0    291.9    285.5      0.0     18.4     60.9    392.1      0.0
    24     1    26     1     9    16     0     2    -8.0   22.862  120.370    138.2    925.1    291.9    285.4      0.0    117.4     70.7    439.7      0.0
    25     1    26     1     9    16     0     2    -8.0   23.547  120.656    249.7    950.2    289.9    285.7      0.0    203.8     56.8     99.3      0.0
    26     1    26     1     9    16     0     2    -8.0   23.967  120.836    183.8    955.0    288.9    285.1      0.0    346.1     60.4    120.6      0.0
    27     1    26     1     9    16     0     2    -8.0   23.374  120.609     38.2    973.5    288.8    286.6      0.0    153.6     58.6    113.7      0.0
     1     1    26     1     9    15     0     3    -9.0   23.238  120.523    341.2    937.3    291.4    286.0      0.0     18.6     59.1    392.0      0.0
     2     1    26     1     9    15     0     3    -9.0   23.194  120.539    404.6    930.2    291.6    285.5      0.0     81.4     56.3    390.1      0.0
     3     1    26     1     9    15     0     3    -9.0   23.086  120.471    140.5    990.1    288.7    287.9      0.0    105.6     56.8     99.3      0.0
     4     1    26     1     9    15     0     3    -9.0   22.986  120.298    197.6    957.1    290.1    286.4      0.0     23.1     59.1    341.8      0.0
     5     1    26     1     9    15     0     3    -9.0   22.915  120.338    339.4    914.5    292.6    285.1      0.0     18.6     60.6    602.5      0.0
     6     1    26     1     9    15     0     3    -9.0   22.866  120.419    365.7    910.1    292.3    284.4      0.0    100.3     72.6    594.7      0.0
     7     1    26     1     9    15     0     3    -9.0   23.581  120.691    119.4    993.1    287.3    286.8      0.0    208.0     57.5    108.8      0.0
     8     1    26     1     9    15     0     3    -9.0   23.605  120.780     87.2    998.5    286.9    286.7      0.0    246.8     56.9     92.3      0.0
     9     1    26     1     9    15     0     3    -9.0   23.513  120.628     98.3    990.4    287.8    287.0      0.0    178.0     58.5    167.1      0.0
    10     1    26     1     9    15     0     3    -9.0   23.235  120.523    578.3    938.5    291.3    286.0      0.0     18.6     59.1    389.5      0.0
    11     1    26     1     9    15     0     3    -9.0   23.190  120.539    646.0    930.6    291.6    285.5      0.0     80.0     56.5    391.6      0.0
    12     1    26     1     9    15     0     3    -9.0   23.088  120.472    384.7    990.6    288.7    287.9      0.0    103.9     56.8    100.2      0.0
    13     1    26     1     9    15     0     3    -9.0   22.988  120.300    440.0    956.7    290.1    286.4      0.0     22.4     59.2    349.8      0.0
    14     1    26     1     9    15     0     3    -9.0   22.915  120.339    580.1    914.3    292.6    285.1      0.0     18.6     60.6    607.2      0.0
    15     1    26     1     9    15     0     3    -9.0   22.866  120.422    609.4    909.1    292.3    284.4      0.0     97.9     72.8    604.2      0.0
    16     1    26     1     9    15     0     3    -9.0   23.567  120.687    360.4    993.7    287.3    286.8      0.0    206.7     57.5    111.6      0.0
    17     1    26     1     9    15     0     3    -9.0   23.591  120.776    334.0    999.1    286.9    286.8      0.0    243.1     56.7     89.3      0.0
    18     1    26     1     9    15     0     3    -9.0   23.503  120.624    339.5    991.5    287.7    287.0      0.0    180.2     58.6    165.9      0.0
    19     1    26     1     9    15     0     3    -9.0   23.013  120.491    164.4    953.1    290.4    286.4      0.0     26.9     58.9    154.9      0.0
    20     1    26     1     9    15     0     3    -9.0   23.166  120.513    324.7    922.8    292.4    285.7      0.0     79.1     54.8    285.8      0.0
    21     1    26     1     9    15     0     3    -9.0   22.890  120.435      8.6    981.9    289.8    288.3      0.0    270.7     60.0     57.6      0.0
    22     1    26     1     9    15     0     3    -9.0   22.906  120.289     32.9    954.3    290.5    286.5      0.0     49.0     58.6    278.5      0.0
    23     1    26     1     9    15     0     3    -9.0   22.848  120.300    207.7    921.4    292.3    285.4      0.0     18.6     59.8    414.9      0.0
    24     1    26     1     9    15     0     3    -9.0   22.858  120.348    112.2    935.6    291.4    285.8      0.0    161.6     69.8    370.3      0.0
    25     1    26     1     9    15     0     3    -9.0   23.620  120.699    280.9    947.0    290.3    285.8      0.0    216.1     55.4     97.0      0.0
    26     1    26     1     9    15     0     3    -9.0   24.115  120.941    249.4    940.9    289.2    284.2      0.0    314.4     61.1    185.0      0.0
    27     1    26     1     9    15     0     3    -9.0   23.455  120.658     81.0    961.1    289.6    286.4      0.0    130.0     58.5    187.4      0.0
     1     1    26     1     9    14     0     2   -10.0   23.241  120.556    397.2    917.6    292.5    285.3      0.0     21.1     59.2    519.7     16.5
     2     1    26     1     9    14     0     2   -10.0   23.216  120.562    428.8    917.5    292.1    284.8      0.0    138.9     57.3    488.2     37.6
     3     1    26     1     9    14     0     2   -10.0   23.125  120.467    147.1    988.8    289.0    288.0      0.0    105.0     56.2    106.9     42.1
     4     1    26     1     9    14     0     2   -10.0   23.002  120.293    197.9    958.5    290.3    286.7      0.0     21.1     58.5    330.0     25.4
     5     1    26     1     9    14     0     2   -10.0   22.913  120.349    384.4    905.4    293.2    284.8      0.0     21.1     60.3    642.8     18.8
     6     1    26     1     9    14     0     2   -10.0   22.868  120.407    364.3    914.5    292.2    284.7      0.0    125.4     71.9    557.9     55.3
     7     1    26     1     9    14     0     2   -10.0   23.710  120.743    134.0    995.4    287.4    287.0      0.0    271.7     55.9     74.0     48.3
     8     1    26     1     9    14     0     2   -10.0   23.737  120.837     94.2    994.7    287.1    286.6      0.0    273.4     57.9    120.0     36.2
     9     1    26     1     9    14     0     2   -10.0   23.617  120.682    150.6    981.8    288.4    286.9      0.0    188.6     57.6    186.4     31.1
    10     1    26     1     9    14     0     2   -10.0   23.238  120.556    635.7    918.4    292.5    285.4      0.0     21.1     59.2    518.5     16.6
    11     1    26     1     9    14     0     2   -10.0   23.212  120.562    671.1    917.6    292.1    284.9      0.0    136.3     57.4    490.4     37.1
    12     1    26     1     9    14     0     2   -10.0   23.127  120.468    391.3    989.3    288.9    288.0      0.0    103.4     56.2    107.7     41.9
    13     1    26     1     9    14     0     2   -10.0   23.004  120.295    440.4    958.0    290.3    286.7      0.0     21.1     58.6    339.3     25.3
    14     1    26     1     9    14     0     2   -10.0   22.913  120.350    625.4    905.2    293.2    284.8      0.0     21.1     60.4    647.4     18.8
    15     1    26     1     9    14     0     2   -10.0   22.868  120.410    609.3    913.3    292.2    284.7      0.0    122.4     72.1    568.6     55.3
    16     1    26     1     9    14     0     2   -10.0   23.695  120.739    376.8    995.5    287.4    287.0      0.0    271.1     55.9     79.8     48.4
    17     1    26     1     9    14     0     2   -10.0   23.722  120.833    341.1    994.6    287.1    286.7      0.0    274.7     57.8    122.4     36.7
    18     1    26     1     9    14     0     2   -10.0   23.607  120.678    392.5    982.5    288.4    286.9      0.0    187.8     57.6    186.6     29.7
    19     1    26     1     9    14     0     2   -10.0   23.008  120.508    168.2    949.0    290.8    286.4      0.0     21.1     58.5    189.4     26.3
    20     1    26     1     9    14     0     2   -10.0   23.165  120.540    373.1    905.9    293.1    284.8      0.0    121.6     56.0    402.4     34.2
    21     1    26     1     9    14     0     2   -10.0   22.919  120.424      0.0    984.7    289.7    288.5      0.0    270.8     57.6     58.5     55.3
    22     1    26     1     9    14     0     2   -10.0   22.911  120.287     38.2    954.2    290.7    286.7      0.0     53.6     58.2    274.7     37.7
    23     1    26     1     9    14     0     2   -10.0   22.838  120.308    229.8    916.4    292.6    285.3      0.0     21.1     59.6    440.0     21.9
    24     1    26     1     9    14     0     2   -10.0   22.849  120.331     83.2    945.3    291.2    286.5      0.0    206.0     68.2    315.3     52.7
    25     1    26     1     9    14     0     2   -10.0   23.689  120.743    307.3    945.5    290.3    285.7      0.0    265.3     55.4     84.4     48.3
    26     1    26     1     9    14     0     2   -10.0   24.225  121.044    323.9    918.3    289.9    282.8      0.0    301.0     61.0    324.6     55.5
    27     1    26     1     9    14     0     2   -10.0   23.512  120.711    128.2    947.9    290.6    286.2      0.0     87.4     58.2    260.7     17.4
     1     1    26     1     9    13     0     1   -11.0   23.249  120.579    439.8    903.2    293.3    284.8      0.0     23.5     59.1    614.2     32.5
     2     1    26     1     9    13     0     1   -11.0   23.250  120.583    440.2    907.5    292.4    284.2      0.0    201.9     58.7    575.1     77.0
     3     1    26     1     9    13     0     1   -11.0   23.171  120.471    151.1    987.3    289.2    288.2      0.0     93.7     55.6    118.8     72.3
     4     1    26     1     9    13     0     1   -11.0   23.030  120.291    199.6    957.9    290.5    286.9      0.0     23.5     57.9    336.6     48.9
     5     1    26     1     9    13     0     1   -11.0   22.918  120.355    418.6    898.8    293.5    284.6      0.0     23.5     60.1    671.2     37.2
     6     1    26     1     9    13     0     1   -11.0   22.871  120.401    368.1    916.1    292.2    284.9      0.0    145.8     71.4    541.6    110.5
     7     1    26     1     9    13     0     1   -11.0   23.870  120.791    128.2    992.1    287.6    287.0      0.0    332.3     56.9    107.3     81.7
     8     1    26     1     9    13     0     1   -11.0   23.892  120.906    122.2    983.5    287.5    286.1      0.0    303.5     59.1    194.4     82.1
     9     1    26     1     9    13     0     1   -11.0   23.740  120.723    161.8    983.0    288.4    287.0      0.0    300.9     56.1    168.5     94.3
    10     1    26     1     9    13     0     1   -11.0   23.247  120.579    677.7    903.8    293.3    284.8      0.0     23.5     59.2    614.4     32.6
    11     1    26     1     9    13     0     1   -11.0   23.245  120.583    682.5    907.5    292.4    284.2      0.0    198.5     58.8    577.4     76.1
    12     1    26     1     9    13     0     1   -11.0   23.173  120.472    395.5    987.7    289.2    288.2      0.0     92.1     55.6    119.5     71.9
    13     1    26     1     9    13     0     1   -11.0   23.032  120.293    442.4    957.3    290.6    286.9      0.0     23.5     58.0    346.7     48.6
    14     1    26     1     9    13     0     1   -11.0   22.919  120.356    659.4    898.6    293.6    284.6      0.0     23.5     60.1    675.5     37.1
    15     1    26     1     9    13     0     1   -11.0   22.871  120.404    614.0    914.8    292.2    284.8      0.0    142.3     71.6    552.3    110.7
    16     1    26     1     9    13     0     1   -11.0   23.854  120.787    370.6    993.2    287.6    287.1      0.0    333.2     56.5    104.3     83.4
    17     1    26     1     9    13     0     1   -11.0   23.876  120.900    365.7    984.9    287.5    286.2      0.0    302.4     58.9    186.3     81.0
    18     1    26     1     9    13     0     1   -11.0   23.729  120.719    405.4    983.3    288.4    287.0      0.0    294.2     56.1    170.3     91.6
    19     1    26     1     9    13     0     1   -11.0   23.018  120.522    172.9    941.9    291.3    286.3      0.0     23.5     58.4    253.2     50.9
    20     1    26     1     9    13     0     1   -11.0   23.160  120.563    430.7    889.3    293.8    284.0      0.0    151.2     57.1    506.3     63.9
    21     1    26     1     9    13     0     1   -11.0   22.954  120.428      0.0    983.9    289.9    288.6      0.0    247.7     55.7     63.6    113.7
    22     1    26     1     9    13     0     1   -11.0   22.926  120.290     42.7    952.4    290.9    286.8      0.0     52.9     57.9    288.2     71.2
    23     1    26     1     9    13     0     1   -11.0   22.840  120.316    248.3    911.2    292.9    285.1      0.0     23.5     59.5    471.9     43.3
    24     1    26     1     9    13     0     1   -11.0   22.842  120.326     58.5    950.5    291.1    286.9      0.0    242.1     67.1    296.7    104.6
    25     1    26     1     9    13     0     1   -11.0   23.757  120.786    338.9    936.4    290.6    285.2      0.0    299.2     56.3    132.8     91.9
    26     1    26     1     9    13     0     1   -11.0   24.310  121.134    359.2    897.6    290.8    281.9      0.0    322.7     61.6    487.1    114.6
    27     1    26     1     9    13     0     1   -11.0   23.560  120.758    168.6    937.9    291.1    285.8      0.0     85.5     57.8    313.5     47.3
     1     1    26     1     9    12     0     0   -12.0   23.262  120.598    474.9    891.8    293.8    284.2      0.0     36.6     59.1    687.4     51.6
     2     1    26     1     9    12     0     0   -12.0   23.294  120.604    454.6    902.7    292.4    283.7      0.0    235.4     60.3    604.6    111.6
     3     1    26     1     9    12     0     0   -12.0   23.227  120.477    152.2    985.7    289.5    288.3      0.0     72.3     55.1    134.0     86.9
     4     1    26     1     9    12     0     0   -12.0   23.071  120.291    199.7    955.8    290.8    287.0      0.0     26.0     57.3    360.2     68.7
     5     1    26     1     9    12     0     0   -12.0   22.931  120.362    447.7    892.4    293.9    284.3      0.0     26.0     60.0    704.5     54.5
     6     1    26     1     9    12     0     0   -12.0   22.875  120.402    377.8    914.7    292.3    284.9      0.0    158.7     71.2    547.2    166.3
     7     1    26     1     9    12     0     0   -12.0   24.064  120.854    138.7    988.6    287.6    286.6      0.0    359.3     58.6    133.0    114.1
     8     1    26     1     9    12     0     0   -12.0   24.071  121.003    215.4    963.8    287.7    284.6      0.0    341.5     62.3    280.3    145.7
     9     1    26     1     9    12     0     0   -12.0   23.897  120.754    121.3    992.6    288.4    287.7      0.0    390.7     54.1    121.3    143.6
    10     1    26     1     9    12     0     0   -12.0   23.261  120.599    712.1    892.3    293.8    284.3      0.0     35.4     59.2    689.3     51.3
    11     1    26     1     9    12     0     0   -12.0   23.289  120.604    696.3    902.1    292.4    283.7      0.0    235.1     60.3    612.8    111.2
    12     1    26     1     9    12     0     0   -12.0   23.228  120.477    396.8    986.1    289.4    288.3      0.0     70.8     55.1    134.6     86.4
    13     1    26     1     9    12     0     0   -12.0   23.073  120.293    442.3    955.2    290.9    287.0      0.0     26.0     57.3    369.4     68.3
    14     1    26     1     9    12     0     0   -12.0   22.931  120.363    688.2    892.2    293.9    284.3      0.0     26.0     60.0    708.4     54.4
    15     1    26     1     9    12     0     0   -12.0   22.876  120.405    624.1    913.4    292.4    284.8      0.0    155.0     71.4    557.0    166.6
    16     1    26     1     9    12     0     0   -12.0   24.046  120.846    375.7    990.9    287.6    286.8      0.0    358.3     58.2    123.8    112.1
    17     1    26     1     9    12     0     0   -12.0   24.055  120.993    455.5    965.8    287.6    284.7      0.0    340.0     62.3    269.6    143.5
    18     1    26     1     9    12     0     0   -12.0   23.887  120.750    365.2    994.2    288.3    287.8      0.0    395.6     54.0    113.3    144.6
    19     1    26     1     9    12     0     0   -12.0   23.045  120.536    182.7    933.6    291.8    286.0      0.0     26.0     58.4    324.9     72.1
    20     1    26     1     9    12     0     0   -12.0   23.145  120.583    514.3    871.1    294.8    283.2      0.0    161.7     58.8    600.3     87.1
    21     1    26     1     9    12     0     0   -12.0   22.992  120.444      0.0    981.7    290.2    288.7      0.0    206.6     54.1     72.1    175.5
    22     1    26     1     9    12     0     0   -12.0   22.954  120.293     45.9    949.7    291.2    286.9      0.0     45.4     57.6    312.3     95.1
    23     1    26     1     9    12     0     0   -12.0   22.852  120.325    266.7    904.8    293.3    284.9      0.0     26.0     59.4    516.0     63.3
    24     1    26     1     9    12     0     0   -12.0   22.836  120.334     43.6    950.2    291.2    286.9      0.0    264.0     67.2    318.8    156.6
    25     1    26     1     9    12     0     0   -12.0   23.812  120.830    378.9    924.9    291.2    284.7      0.0    303.2     57.3    198.4    125.7
    26     1    26     1     9    12     0     0   -12.0   24.382  121.221    366.3    896.2    290.6    281.5      0.0    328.0     63.4    501.7    171.9
    27     1    26     1     9    12     0     0   -12.0   23.610  120.799    192.2    920.1    291.8    284.8      0.0    150.9     59.0    461.7     83.3