    10     1
    GFSQ    26     1     2     0     0
    GFSQ    26     1     3     0     0
    GFSQ    26     1     4     0     0
    GFSQ    26     1     5     0     0
    GFSQ    26     1     6     0     0
    GFSQ    26     1     7     0     0
    GFSQ    26     1     8     0     0
    GFSQ    26     1     9     0     0
    GFSQ    26     1    10     0     0
    GFSQ    26     1    11     0     0
    27 BACKWARD OMEGA   
    26     1    10    15   22.711  120.310    10.0
    26     1    10    15   22.711  120.310    10.0
    26     1    10    15   22.711  120.310    10.0
    26     1    10    15   22.711  120.310    10.0
    26     1    10    15   22.711  120.310    10.0
    26     1    10    15   22.711  120.310    10.0
    26     1    10    15   22.711  120.310    10.0
    26     1    10    15   22.711  120.310    10.0
    26     1    10    15   22.711  120.310    10.0
    26     1    10    15   22.711  120.310    10.0
    26     1    10    15   22.711  120.310    10.0
    26     1    10    15   22.711  120.310    10.0
    26     1    10    15   22.711  120.310    10.0
    26     1    10    15   22.711  120.310    10.0
    26     1    10    15   22.711  120.310    10.0
    26     1    10    15   22.711  120.310    10.0
    26     1    10    15   22.711  120.310    10.0
    26     1    10    15   22.711  120.310    10.0
    26     1    10    15   22.711  120.310    10.0
    26     1    10    15   22.711  120.310    10.0
    26     1    10    15   22.711  120.310    10.0
    26     1    10    15   22.711  120.310    10.0
    26     1    10    15   22.711  120.310    10.0
    26     1    10    15   22.711  120.310    10.0
    26     1    10    15   22.711  120.310    10.0
    26     1    10    15   22.711  120.310    10.0
    26     1    10    15   22.711  120.310    10.0
     8 PRESSURE THETA    AIR_TEMP RAINFALL MIXDEPTH RELHUMID TERR_MSL SUN_FLUX
     1     1    26     1    10    15     0     3     0.0   22.711  120.310     10.0   1016.2    290.0    291.4      0.0    409.2     58.7     34.8      0.2
     2     1    26     1    10    15     0     3     0.0   22.711  120.310     10.0   1014.1    289.2    290.4      0.0    364.3     62.8     51.7      0.3
     3     1    26     1    10    15     0     3     0.0   22.711  120.310     10.0   1018.9    291.0    292.5      0.0    515.9     55.3     11.2      0.2
     4     1    26     1    10    15     0     3     0.0   22.711  120.310     10.0    986.0    290.9    289.7      0.0    146.6     60.1    288.6      0.3
     5     1    26     1    10    15     0     3     0.0   22.711  120.310     10.0    975.1    290.2    288.0      0.0     36.5     64.5    381.9      0.3
     6     1    26     1    10    15     0     3     0.0   22.711  120.310     10.0    997.7    291.3    291.1      0.0    242.0     60.3    194.3      0.2
     7     1    26     1    10    15     0     3     0.0   22.711  120.310     10.0   1019.7    290.5    292.1      0.0    716.0     62.7      4.7      0.3
     8     1    26     1    10    15     0     3     0.0   22.711  120.310     10.0   1019.7    289.8    291.4      0.0    708.3     65.2      5.6      0.4
     9     1    26     1    10    15     0     3     0.0   22.711  120.310     10.0   1020.1    291.2    292.8      0.0    771.1     58.8      0.0      0.2
    10     1    26     1    10    15     0     3     0.0   22.711  120.310     10.0   1016.2    290.0    291.4      0.0    409.2     58.7     34.8      0.2
    11     1    26     1    10    15     0     3     0.0   22.711  120.310     10.0   1014.1    289.2    290.4      0.0    364.3     62.8     51.7      0.3
    12     1    26     1    10    15     0     3     0.0   22.711  120.310     10.0   1018.9    291.0    292.5      0.0    515.9     55.3     11.2      0.2
    13     1    26     1    10    15     0     3     0.0   22.711  120.310     10.0    986.0    290.9    289.7      0.0    146.6     60.1    288.6      0.3
    14     1    26     1    10    15     0     3     0.0   22.711  120.310     10.0    975.1    290.2    288.0      0.0     36.5     64.5    381.9      0.3
    15     1    26     1    10    15     0     3     0.0   22.711  120.310     10.0    997.8    291.3    291.1      0.0    242.0     60.3    194.3      0.2
    16     1    26     1    10    15     0     3     0.0   22.711  120.310     10.0   1019.7    290.5    292.1      0.0    716.0     62.7      4.7      0.3
    17     1    26     1    10    15     0     3     0.0   22.711  120.310     10.0   1019.7    289.8    291.4      0.0    708.3     65.2      5.6      0.4
    18     1    26     1    10    15     0     3     0.0   22.711  120.310     10.0   1020.1    291.2    292.8      0.0    771.1     58.8      0.0      0.2
    19     1    26     1    10    15     0     3     0.0   22.711  120.310     10.0    986.9    290.2    289.1      0.0    409.2     64.4     34.8      0.2
    20     1    26     1    10    15     0     3     0.0   22.711  120.310     10.0    984.8    289.6    288.3      0.0    364.3     68.4     51.7      0.3
    21     1    26     1    10    15     0     3     0.0   22.711  120.310     10.0    989.6    291.0    290.1      0.0    515.9     60.5     11.2      0.2
    22     1    26     1    10    15     0     3     0.0   22.711  120.310     10.0    957.7    291.8    288.2      0.0    146.6     62.9    288.6      0.3
    23     1    26     1    10    15     0     3     0.0   22.711  120.310     10.0    947.1    292.0    287.4      0.0     36.5     64.0    381.9      0.3
    24     1    26     1    10    15     0     3     0.0   22.711  120.310     10.0    969.1    291.7    289.1      0.0    242.0     65.7    194.3      0.2
    25     1    26     1    10    15     0     3     0.0   22.711  120.310     10.0    990.4    290.3    289.5      0.0    716.0     67.7      4.7      0.3
    26     1    26     1    10    15     0     3     0.0   22.711  120.310     10.0    990.2    289.6    288.8      0.0    708.3     70.7      5.6      0.4
    27     1    26     1    10    15     0     3     0.0   22.711  120.310     10.0    990.8    291.0    290.3      0.0    771.1     64.3      0.0      0.2
     1     1    26     1    10    14     0     2    -1.0   22.878  120.311     21.9   1013.2    289.8    290.9      0.0    382.4     58.4     47.1     16.8
     2     1    26     1    10    14     0     2    -1.0   22.850  120.322     16.6   1010.7    289.3    290.2      0.0    361.1     61.4     78.9     21.9
     3     1    26     1    10    14     0     2    -1.0   22.897  120.316     12.7   1016.4    290.5    291.9      0.0    436.3     55.5     29.8     13.2
     4     1    26     1    10    14     0     2    -1.0   22.761  120.298     40.0    984.4    291.0    289.7      0.0    143.6     59.3    263.9     15.4
     5     1    26     1    10    14     0     2    -1.0   22.745  120.304     46.5    972.1    290.8    288.3      0.0     28.6     62.6    368.9     21.2
     6     1    26     1    10    14     0     2    -1.0   22.778  120.298     10.9    998.0    291.2    291.0      0.0    205.5     57.9    191.8     12.4
     7     1    26     1    10    14     0     2    -1.0   22.983  120.359     12.1   1019.0    289.8    291.4      0.0    619.7     61.6     10.2     21.2
     8     1    26     1    10    14     0     2    -1.0   22.985  120.374     10.1   1019.8    289.4    291.1      0.0    627.8     63.5     11.7     27.6
     9     1    26     1    10    14     0     2    -1.0   22.974  120.350     11.4   1019.3    290.5    292.1      0.0    655.7     59.8      8.4     15.9
    10     1    26     1    10    14     0     2    -1.0   22.872  120.311    258.4   1014.7    289.8    291.0      0.0    383.9     58.0     46.6     16.7
    11     1    26     1    10    14     0     2    -1.0   22.846  120.322    256.2   1011.6    289.3    290.2      0.0    361.0     61.3     78.0     21.8
    12     1    26     1    10    14     0     2    -1.0   22.897  120.316    252.1   1016.7    290.5    291.9      0.0    436.5     55.4     29.8     13.2
    13     1    26     1    10    14     0     2    -1.0   22.759  120.299    278.3    985.2    291.0    289.7      0.0    144.2     59.2    265.5     15.4
    14     1    26     1    10    14     0     2    -1.0   22.744  120.304    289.2    972.2    290.7    288.3      0.0     29.1     62.7    371.6     21.3
    15     1    26     1    10    14     0     2    -1.0   22.778  120.298    249.0    998.1    291.2    291.0      0.0    205.6     57.9    191.8     12.4
    16     1    26     1    10    14     0     2    -1.0   22.982  120.359    251.8   1019.3    289.8    291.4      0.0    619.9     61.6     10.2     21.2
    17     1    26     1    10    14     0     2    -1.0   22.985  120.374    249.9   1019.8    289.4    291.1      0.0    627.9     63.5     11.7     27.6
    18     1    26     1    10    14     0     2    -1.0   22.974  120.350    251.3   1019.4    290.5    292.1      0.0    655.8     59.8      8.4     15.8
    19     1    26     1    10    14     0     2    -1.0   22.935  120.332     84.6    975.0    290.4    288.3      0.0    339.4     64.7     60.1     17.8
    20     1    26     1    10    14     0     2    -1.0   22.936  120.356     79.6    969.0    290.2    287.6      0.0    318.4     67.9    128.0     25.1
    21     1    26     1    10    14     0     2    -1.0   22.915  120.322     35.7    984.0    290.7    289.3      0.0    422.2     61.1     33.0     13.3
    22     1    26     1    10    14     0     2    -1.0   22.774  120.305     21.3    955.1    292.1    288.2      0.0    133.9     61.6    293.2     16.1
    23     1    26     1    10    14     0     2    -1.0   22.774  120.307      0.0    947.1    292.2    287.6      0.0     30.7     62.9    400.2     22.7
    24     1    26     1    10    14     0     2    -1.0   22.771  120.301     14.2    968.3    291.7    289.0      0.0    206.1     63.3    198.6     12.3
    25     1    26     1    10    14     0     2    -1.0   23.029  120.371     59.0    984.1    289.7    288.4      0.0    609.3     69.0     11.3     22.2
    26     1    26     1    10    14     0     2    -1.0   23.055  120.395     18.2    989.3    289.1    288.2      0.0    614.5     70.5     10.6     31.1
    27     1    26     1    10    14     0     2    -1.0   23.001  120.355     13.8    989.5    290.3    289.4      0.0    641.7     65.3      9.8     16.3
     1     1    26     1    10    13     0     1    -2.0   23.032  120.319     28.7   1010.5    289.8    290.6      0.0    363.0     57.0     64.3     40.2
     2     1    26     1    10    13     0     1    -2.0   22.995  120.334     23.1   1005.7    289.6    290.0      0.0    363.8     61.6    119.4     52.3
     3     1    26     1    10    13     0     1    -2.0   23.056  120.319     24.6   1012.9    290.3    291.4      0.0    388.8     54.4     45.1     30.3
     4     1    26     1    10    13     0     1    -2.0   22.814  120.287     80.2    981.6    291.1    289.5      0.0    124.9     58.9    242.4     31.8
     5     1    26     1    10    13     0     1    -2.0   22.789  120.297     61.6    970.7    291.1    288.6      0.0     46.5     61.4    367.2     45.4
     6     1    26     1    10    13     0     1    -2.0   22.846  120.284     19.3    998.6    291.2    291.0      0.0    207.4     56.6    170.2     25.7
     7     1    26     1    10    13     0     1    -2.0   23.227  120.403     12.2   1019.1    289.7    291.2      0.0    572.6     60.7     14.3     52.6
     8     1    26     1    10    13     0     1    -2.0   23.245  120.431     10.1   1019.2    289.2    290.7      0.0    594.3     64.3      0.3     83.2
     9     1    26     1    10    13     0     1    -2.0   23.217  120.387     13.6   1018.7    290.1    291.6      0.0    573.7     57.6     12.8     41.1
    10     1    26     1    10    13     0     1    -2.0   23.013  120.317    265.5   1012.4    289.7    290.8      0.0    363.8     56.4     60.1     39.3
    11     1    26     1    10    13     0     1    -2.0   22.980  120.333    262.4   1007.3    289.6    290.2      0.0    364.0     61.1    114.5     51.3
    12     1    26     1    10    13     0     1    -2.0   23.050  120.319    260.7   1014.6    290.4    291.6      0.0    390.3     54.0     44.5     30.0
    13     1    26     1    10    13     0     1    -2.0   22.811  120.288    320.3    982.2    291.1    289.6      0.0    126.3     58.9    244.5     31.7
    14     1    26     1    10    13     0     1    -2.0   22.787  120.298    306.5    970.6    291.1    288.5      0.0     45.9     61.4    369.6     45.3
    15     1    26     1    10    13     0     1    -2.0   22.844  120.284    257.3    999.7    291.2    291.1      0.0    207.8     56.4    170.4     25.7
    16     1    26     1    10    13     0     1    -2.0   23.223  120.402    251.8   1019.3    289.7    291.3      0.0    572.9     60.6     14.3     52.5
    17     1    26     1    10    13     0     1    -2.0   23.245  120.431    250.1   1019.2    289.2    290.7      0.0    594.3     64.3      0.3     83.2
    18     1    26     1    10    13     0     1    -2.0   23.214  120.386    253.0   1019.1    290.1    291.7      0.0    574.3     57.5     12.8     41.0
    19     1    26     1    10    13     0     1    -2.0   23.138  120.385    145.6    959.5    291.2    287.8      0.0    269.7     63.1    140.2     48.1
    20     1    26     1    10    13     0     1    -2.0   23.163  120.414    113.6    962.2    290.7    287.5      0.0    323.2     66.9    152.4     65.4
    21     1    26     1    10    13     0     1    -2.0   23.117  120.347     89.5    974.2    290.9    288.7      0.0    338.0     60.5     59.8     32.3
    22     1    26     1    10    13     0     1    -2.0   22.838  120.310     46.5    947.4    292.6    288.0      0.0    106.8     61.3    334.2     35.9
    23     1    26     1    10    13     0     1    -2.0   22.853  120.315      2.0    938.4    292.7    287.4      0.0     61.7     62.7    477.6     52.5
    24     1    26     1    10    13     0     1    -2.0   22.836  120.296     37.5    964.4    291.9    288.9      0.0    206.4     62.2    202.8     26.1
    25     1    26     1    10    13     0     1    -2.0   23.356  120.444     78.4    981.7    289.4    287.9      0.0    556.1     69.6     10.5     63.5
    26     1    26     1    10    13     0     1    -2.0   23.429  120.492     47.0    986.0    288.9    287.7      0.0    601.8     73.5      0.0    102.8
    27     1    26     1    10    13     0     1    -2.0   23.299  120.407     54.4    984.4    289.9    288.6      0.0    557.8     64.8     14.7     44.3
     1     1    26     1    10    12     0     0    -3.0   23.190  120.325     31.3   1006.6    290.0    290.5      0.0    369.2     57.8     98.3     72.9
     2     1    26     1    10    12     0     0    -3.0   23.159  120.346     21.6   1007.7    289.7    290.3      0.0    397.7     61.4     93.5     96.0
     3     1    26     1    10    12     0     0    -3.0   23.207  120.324     34.8   1010.2    290.3    291.1      0.0    365.1     52.5     58.2     55.0
     4     1    26     1    10    12     0     0    -3.0   22.875  120.280    116.9    977.8    291.4    289.5      0.0    101.7     58.1    236.3     50.4
     5     1    26     1    10    12     0     0    -3.0   22.850  120.294     70.7    967.5    291.5    288.6      0.0     83.3     60.4    391.3     76.0
     6     1    26     1    10    12     0     0    -3.0   22.914  120.271     48.0    996.8    291.2    290.9      0.0    197.7     55.6    145.3     38.7
     7     1    26     1    10    12     0     0    -3.0   23.464  120.441     12.2   1018.4    289.5    291.0      0.0    566.9     63.2      2.6    116.2
     8     1    26     1    10    12     0     0    -3.0   23.509  120.497     10.1   1020.2    289.0    290.6      0.0    623.3     65.6      0.0    172.0
     9     1    26     1    10    12     0     0    -3.0   23.442  120.416     13.7   1018.4    290.0    291.5      0.0    535.2     57.5     15.5     75.2
    10     1    26     1    10    12     0     0    -3.0   23.155  120.323    269.5   1008.9    290.0    290.7      0.0    370.7     56.6     89.4     69.9
    11     1    26     1    10    12     0     0    -3.0   23.129  120.342    263.0   1008.3    289.7    290.4      0.0    393.2     60.8     97.2     92.9
    12     1    26     1    10    12     0     0    -3.0   23.188  120.323    270.2   1012.1    290.3    291.3      0.0    370.4     52.1     56.1     53.8
    13     1    26     1    10    12     0     0    -3.0   22.870  120.281    359.4    978.2    291.4    289.5      0.0    103.8     58.1    238.0     50.3
    14     1    26     1    10    12     0     0    -3.0   22.847  120.295    316.1    967.4    291.5    288.6      0.0     82.1     60.4    392.7     75.7
    15     1    26     1    10    12     0     0    -3.0   22.909  120.271    283.2    998.5    291.2    291.0      0.0    199.4     55.3    144.6     38.7
    16     1    26     1    10    12     0     0    -3.0   23.457  120.440    251.9   1018.7    289.5    291.0      0.0    566.3     63.0      3.1    115.2
    17     1    26     1    10    12     0     0    -3.0   23.509  120.497    250.1   1020.2    289.0    290.6      0.0    623.3     65.6      0.0    172.0
    18     1    26     1    10    12     0     0    -3.0   23.435  120.415    253.0   1018.9    290.0    291.6      0.0    536.0     57.3     15.4     74.8
    19     1    26     1    10    12     0     0    -3.0   23.325  120.444    215.7    943.7    292.2    287.4      0.0    263.4     61.0    215.0     95.6
    20     1    26     1    10    12     0     0    -3.0   23.398  120.459     50.4    975.5    290.2    288.1      0.0    366.2     66.6     90.2    123.4
    21     1    26     1    10    12     0     0    -3.0   23.305  120.398    129.0    962.9    291.5    288.3      0.0    240.0     59.8    120.2     62.3
    22     1    26     1    10    12     0     0    -3.0   22.903  120.324     81.1    934.9    293.3    287.6      0.0     82.2     61.4    413.7     61.5
    23     1    26     1    10    12     0     0    -3.0   22.953  120.332     37.3    922.5    293.7    286.8      0.0    104.6     62.8    599.1     90.3
    24     1    26     1    10    12     0     0    -3.0   22.898  120.302     84.8    953.9    292.5    288.5      0.0    193.7     62.0    240.4     41.9
    25     1    26     1    10    12     0     0    -3.0   23.705  120.533    123.2    975.9    289.3    287.2      0.0    568.4     75.2     10.4    156.0
    26     1    26     1    10    12     0     0    -3.0   23.797  120.633     83.7    980.2    288.8    287.2      0.0    620.3     73.4     12.4    172.1
    27     1    26     1    10    12     0     0    -3.0   23.608  120.463     73.6    981.7    289.7    288.2      0.0    520.3     67.2     11.3     92.1
     1     1    26     1    10    11     0     1    -4.0   23.364  120.329     23.6   1007.6    290.1    290.7      0.0    485.5     58.2     88.8    121.0
     2     1    26     1    10    11     0     1    -4.0   23.332  120.363      4.2   1011.6    289.8    290.7      0.0    521.8     59.3     64.3    160.7
     3     1    26     1    10    11     0     1    -4.0   23.365  120.325     35.1   1006.8    290.5    291.0      0.0    441.6     55.0     84.2     88.8
     4     1    26     1    10    11     0     1    -4.0   22.958  120.272    133.8    976.6    291.6    289.6      0.0    114.4     57.4    229.1     70.8
     5     1    26     1    10    11     0     1    -4.0   22.928  120.286     56.4    967.4    291.5    288.7      0.0    154.0     60.9    407.7    114.8
     6     1    26     1    10    11     0     1    -4.0   22.993  120.262     93.0    991.6    291.5    290.7      0.0    305.5     54.7    127.8     49.7
     7     1    26     1    10    11     0     1    -4.0   23.712  120.496     12.2   1019.1    289.2    290.8      0.0    634.8     63.0      0.0    215.2
     8     1    26     1    10    11     0     1    -4.0   23.799  120.597      9.2   1018.2    288.9    290.4      0.0    638.8     64.6      9.1    230.5
     9     1    26     1    10    11     0     1    -4.0   23.670  120.444     13.7   1017.7    289.8    291.2      0.0    612.5     59.5      5.8    142.4
    10     1    26     1    10    11     0     1    -4.0   23.313  120.324    264.7   1008.1    290.2    290.8      0.0    477.6     57.6     94.7    113.2
    11     1    26     1    10    11     0     1    -4.0   23.293  120.356    249.3   1011.1    289.8    290.8      0.0    517.1     59.0     68.3    151.1
    12     1    26     1    10    11     0     1    -4.0   23.333  120.323    272.2   1009.0    290.5    291.2      0.0    441.8     54.1     76.3     85.0
    13     1    26     1    10    11     0     1    -4.0   22.952  120.273    378.0    976.7    291.6    289.6      0.0    119.8     57.4    231.2     70.6
    14     1    26     1    10    11     0     1    -4.0   22.925  120.287    302.2    967.4    291.5    288.7      0.0    152.3     60.9    408.3    114.1
    15     1    26     1    10    11     0     1    -4.0   22.986  120.261    326.5    993.8    291.4    290.9      0.0    307.7     54.3    125.2     49.5
    16     1    26     1    10    11     0     1    -4.0   23.701  120.493    252.0   1019.3    289.2    290.8      0.0    633.7     62.8      0.0    211.7
    17     1    26     1    10    11     0     1    -4.0   23.799  120.597    249.9   1018.2    288.9    290.4      0.0    638.7     64.6      9.1    230.5
    18     1    26     1    10    11     0     1    -4.0   23.657  120.442    253.1   1018.1    289.8    291.3      0.0    612.9     59.3      6.7    140.0
    19     1    26     1    10    11     0     1    -4.0   23.511  120.488    173.4    953.6    291.4    287.5      0.0    418.3     62.8    169.6    137.1
    20     1    26     1    10    11     0     1    -4.0   23.626  120.504     45.0    979.6    289.8    288.1      0.0    502.3     66.6     46.0    204.8
    21     1    26     1    10    11     0     1    -4.0   23.481  120.446    189.3    943.3    292.0    287.2      0.0    276.6     62.9    239.0    119.4
    22     1    26     1    10    11     0     1    -4.0   22.978  120.333    100.1    925.3    293.6    287.0      0.0     95.4     62.8    482.8     90.1
    23     1    26     1    10    11     0     1    -4.0   23.064  120.343     64.6    913.3    293.7    286.1      0.0    186.5     65.6    658.5    135.8
    24     1    26     1    10    11     0     1    -4.0   22.964  120.316    135.8    938.9    293.1    287.8      0.0    275.9     62.8    311.9     61.8
    25     1    26     1    10    11     0     1    -4.0   24.032  120.658    167.1    969.6    289.1    286.5      0.0    604.9     74.8     14.8    230.7
    26     1    26     1    10    11     0     1    -4.0   24.157  120.822    114.0    970.6    288.7    286.3      0.0    686.2     72.8     67.0    230.0
    27     1    26     1    10    11     0     1    -4.0   23.933  120.538    128.6    974.3    289.4    287.3      0.0    598.8     71.9     13.8    199.1
     1     1    26     1    10    10     0     2    -5.0   23.543  120.341      0.0   1011.5    290.2    291.1      0.0    607.4     55.8     58.7    189.6
     2     1    26     1    10    10     0     2    -5.0   23.522  120.394      0.0   1014.7    289.8    291.0      0.0    615.5     58.1     30.2    252.5
     3     1    26     1    10    10     0     2    -5.0   23.541  120.323     21.4   1006.6    290.6    291.1      0.0    557.9     55.5     98.6    137.5
     4     1    26     1    10    10     0     2    -5.0   23.070  120.250    128.3    980.9    291.4    289.8      0.0    146.0     57.2    196.8    106.6
     5     1    26     1    10    10     0     2    -5.0   23.009  120.267      4.4    976.5    291.2    289.2      0.0    240.0     60.6    373.6    163.2
     6     1    26     1    10    10     0     2    -5.0   23.104  120.253    120.5    988.5    291.7    290.7      0.0    308.1     54.0    125.3     69.6
     7     1    26     1    10    10     0     2    -5.0   23.992  120.583      9.9   1017.7    289.0    290.5      0.0    633.2     64.2      8.1    288.7
     8     1    26     1    10    10     0     2    -5.0   24.114  120.733      8.2   1018.1    288.6    290.0      0.0    689.8     64.3     11.9    289.3
     9     1    26     1    10    10     0     2    -5.0   23.911  120.492     13.7   1018.0    289.5    291.0      0.0    657.2     59.7      0.0    247.1
    10     1    26     1    10    10     0     2    -5.0   23.483  120.331    249.4   1010.9    290.3    291.2      0.0    600.4     55.1     63.5    172.0
    11     1    26     1    10    10     0     2    -5.0   23.481  120.383    249.7   1014.3    289.8    291.0      0.0    617.2     57.8     34.7    245.5
    12     1    26     1    10    10     0     2    -5.0   23.493  120.319    261.7   1007.6    290.7    291.3      0.0    554.4     55.1    101.2    128.4
    13     1    26     1    10    10     0     2    -5.0   23.062  120.251    373.2    981.4    291.4    289.8      0.0    142.0     57.0    195.3    104.3
    14     1    26     1    10    10     0     2    -5.0   23.005  120.268    251.1    976.0    291.2    289.2      0.0    235.2     60.7    377.8    162.9
    15     1    26     1    10    10     0     2    -5.0   23.096  120.252    354.4    990.7    291.6    290.9      0.0    319.1     53.6    121.1     68.6
    16     1    26     1    10    10     0     2    -5.0   23.977  120.578    249.9   1017.7    289.0    290.5      0.0    635.4     64.1      8.2    287.3
    17     1    26     1    10    10     0     2    -5.0   24.114  120.733    249.9   1018.1    288.6    290.0      0.0    689.7     64.3     11.9    289.3
    18     1    26     1    10    10     0     2    -5.0   23.892  120.487    253.2   1018.3    289.6    291.1      0.0    657.2     59.3      0.0    240.1
    19     1    26     1    10    10     0     2    -5.0   23.717  120.511     78.2    969.4    290.6    288.0      0.0    557.1     62.4    101.2    219.1
    20     1    26     1    10    10     0     2    -5.0   23.889  120.576     65.8    970.9    289.7    287.3      0.0    525.7     69.8    107.2    287.9
    21     1    26     1    10    10     0     2    -5.0   23.661  120.479    195.9    945.8    291.6    287.0      0.0    454.6     63.7    210.9    166.6
    22     1    26     1    10    10     0     2    -5.0   23.071  120.322     88.3    926.6    293.2    286.8      0.0    141.5     64.3    485.8    123.3
    23     1    26     1    10    10     0     2    -5.0   23.181  120.335      0.0    929.3    293.0    286.8      0.0    343.0     64.5    601.5    192.4
    24     1    26     1    10    10     0     2    -5.0   23.052  120.327    158.7    928.1    293.4    287.1      0.0    317.2     63.6    383.6     89.4
    25     1    26     1    10    10     0     2    -5.0   24.364  120.831    231.2    954.8    289.3    285.5      0.0    642.6     75.6     85.8    287.8
    26     1    26     1    10    10     0     2    -5.0   24.470  121.061    162.6    963.7    288.7    285.7      0.0    804.3     72.3     76.3    268.9
    27     1    26     1    10    10     0     2    -5.0   24.251  120.647    178.6    967.8    289.2    286.5      0.0    608.8     74.5     13.8    289.5
     1     1    26     1    10     9     0     3    -6.0   23.743  120.368      0.0   1014.6    290.1    291.3      0.0    687.6     55.8     28.0    303.4
     2     1    26     1    10     9     0     3    -6.0   23.746  120.437      0.0   1015.5    289.5    290.8      0.0    609.0     60.6     17.9    347.2
     3     1    26     1    10     9     0     3    -6.0   23.717  120.326      0.0   1010.4    290.7    291.6      0.0    679.5     51.8     63.4    202.8
     4     1    26     1    10     9     0     3    -6.0   23.203  120.219     88.5    980.3    291.4    289.7      0.0    313.5     58.0    249.3    173.0
     5     1    26     1    10     9     0     3    -6.0   23.097  120.239      0.0    990.0    291.3    290.5      0.0    445.8     55.9    251.4    198.0
     6     1    26     1    10     9     0     3    -6.0   23.245  120.227    124.9    986.8    291.7    290.6      0.0    208.3     54.7    138.3    101.2
     7     1    26     1    10     9     0     3    -6.0   24.299  120.703      7.2   1017.3    288.7    290.1      0.0    642.3     64.5     15.3    347.0
     8     1    26     1    10     9     0     3    -6.0   24.412  120.902      0.0   1014.7    288.5    289.7      0.0    754.2     61.9     32.6    341.4
     9     1    26     1    10     9     0     3    -6.0   24.179  120.569      9.9   1017.1    289.2    290.6      0.0    652.1     62.4      9.0    340.3
    10     1    26     1    10     9     0     3    -6.0   23.677  120.353    249.6   1013.5    290.2    291.3      0.0    687.6     55.0     38.2    280.9
    11     1    26     1    10     9     0     3    -6.0   23.700  120.424    249.8   1015.2    289.6    290.9      0.0    626.2     59.8     20.7    336.7
    12     1    26     1    10     9     0     3    -6.0   23.662  120.319    249.3   1010.1    290.8    291.6      0.0    672.0     52.1     68.7    191.0
    13     1    26     1    10     9     0     3    -6.0   23.195  120.219    333.8    981.0    291.4    289.8      0.0    308.9     57.9    245.0    170.1
    14     1    26     1    10     9     0     3    -6.0   23.092  120.240    247.5    989.6    291.3    290.5      0.0    437.3     56.0    254.4    197.9
    15     1    26     1    10     9     0     3    -6.0   23.236  120.227    359.1    988.7    291.7    290.8      0.0    223.9     54.3    136.1     99.9
    16     1    26     1    10     9     0     3    -6.0   24.283  120.696    249.8   1017.2    288.7    290.1      0.0    639.1     64.5     15.9    346.8
    17     1    26     1    10     9     0     3    -6.0   24.411  120.902    249.7   1014.7    288.5    289.7      0.0    754.0     61.9     32.6    341.4
    18     1    26     1    10     9     0     3    -6.0   24.152  120.561    249.9   1017.2    289.2    290.7      0.0    658.8     61.9      8.7    338.2
    19     1    26     1    10     9     0     3    -6.0   23.956  120.536     69.3    972.7    290.0    287.8      0.0    559.3     66.8     73.7    335.3
    20     1    26     1    10     9     0     3    -6.0   24.171  120.707    141.5    955.0    289.8    286.0      0.0    642.5     72.4    168.5    341.6
    21     1    26     1    10     9     0     3    -6.0   23.872  120.492     49.5    971.5    290.9    288.5      0.0    687.6     58.9    116.8    236.9
    22     1    26     1    10     9     0     3    -6.0   23.188  120.294     35.2    937.2    292.3    286.9      0.0    228.4     65.8    445.3    173.8
    23     1    26     1    10     9     0     3    -6.0   23.327  120.313      0.0    960.2    292.1    288.6      0.0    560.0     58.7    393.5    252.6
    24     1    26     1    10     9     0     3    -6.0   23.160  120.317    156.3    927.6    293.3    286.9      0.0    276.6     64.1    390.5    116.6
    25     1    26     1    10     9     0     3    -6.0   24.639  121.048    336.8    934.6    289.6    284.0      0.0    735.2     78.8    156.2    328.4
    26     1    26     1    10     9     0     3    -6.0   24.708  121.314    227.8    955.0    288.6    284.8      0.0    880.0     74.0     89.2    294.5
    27     1    26     1    10     9     0     3    -6.0   24.577  120.802    279.9    950.9    289.5    285.4      0.0    629.3     75.8     67.7    346.6
     1     1    26     1    10     8     0     2    -7.0   23.969  120.406      0.0   1015.2    289.8    291.0      0.0    720.2     58.5     17.0    428.5
     2     1    26     1    10     8     0     2    -7.0   24.018  120.508      0.0   1015.0    289.1    290.3      0.0    643.0     62.7     31.0    431.0
     3     1    26     1    10     8     0     2    -7.0   23.907  120.337      0.0   1013.3    290.5    291.6      0.0    818.5     53.8     35.7    385.1
     4     1    26     1    10     8     0     2    -7.0   23.323  120.184      0.0    994.6    291.7    291.2      0.0    673.9     52.8    205.7    302.4
     5     1    26     1    10     8     0     2    -7.0   23.209  120.204      0.0    999.3    291.9    291.8      0.0    806.8     50.0    167.5    329.0
     6     1    26     1    10     8     0     2    -7.0   23.388  120.184     90.3    986.8    291.7    290.6      0.0    587.2     54.4    183.0    257.8
     7     1    26     1    10     8     0     2    -7.0   24.605  120.849      0.0   1014.0    288.7    289.8      0.0    757.8     61.9     34.8    427.6
     8     1    26     1    10     8     0     2    -7.0   24.687  121.085      0.0   1017.1    288.4    289.8      0.0    902.9     58.4     18.8    417.8
     9     1    26     1    10     8     0     2    -7.0   24.475  120.662      3.3   1016.7    288.9    290.2      0.0    655.6     63.2     15.2    429.6
    10     1    26     1    10     8     0     2    -7.0   23.894  120.385    249.8   1014.9    289.9    291.1      0.0    753.9     57.4     20.1    419.7
    11     1    26     1    10     8     0     2    -7.0   23.962  120.486    249.8   1015.8    289.2    290.5      0.0    649.7     62.0     22.1    431.2
    12     1    26     1    10     8     0     2    -7.0   23.848  120.324    249.6   1012.9    290.7    291.7      0.0    822.9     52.8     39.3    369.5
    13     1    26     1    10     8     0     2    -7.0   23.313  120.184    247.9    994.1    291.7    291.2      0.0    663.6     53.0    209.9    300.4
    14     1    26     1    10     8     0     2    -7.0   23.203  120.205    248.3    998.9    291.9    291.8      0.0    799.5     50.1    170.6    327.8
    15     1    26     1    10     8     0     2    -7.0   23.376  120.184    324.2    989.1    291.7    290.8      0.0    586.7     54.0    176.9    254.4
    16     1    26     1    10     8     0     2    -7.0   24.591  120.841    249.7   1014.0    288.7    289.8      0.0    753.1     62.0     34.9    427.9
    17     1    26     1    10     8     0     2    -7.0   24.687  121.084    249.8   1017.1    288.4    289.8      0.0    902.7     58.4     18.8    417.8
    18     1    26     1    10     8     0     2    -7.0   24.444  120.650    249.9   1016.7    288.9    290.3      0.0    663.5     62.8     14.1    429.8
    19     1    26     1    10     8     0     2    -7.0   24.233  120.599    103.0    962.9    290.1    287.0      0.0    670.1     68.5    136.8    430.1
    20     1    26     1    10     8     0     2    -7.0   24.424  120.867    146.6    949.2    290.1    285.7      0.0    846.7     70.9    218.1    405.7
    21     1    26     1    10     8     0     2    -7.0   24.098  120.491      0.0    984.8    290.5    289.2      0.0    808.5     58.8     41.4    402.3
    22     1    26     1    10     8     0     2    -7.0   23.303  120.255      0.0    962.8    292.0    288.8      0.0    570.6     58.1    306.3    304.2
    23     1    26     1    10     8     0     2    -7.0   23.502  120.289      0.0    981.2    291.3    289.7      0.0    820.1     55.0    140.0    389.6
    24     1    26     1    10     8     0     2    -7.0   23.271  120.277    148.9    940.6    292.6    287.5      0.0    459.3     62.0    276.1    242.7
    25     1    26     1    10     8     0     2    -7.0   24.843  121.257    388.9    933.8    289.7    284.1      0.0    989.2     76.6    114.9    384.3
    26     1    26     1    10     8     0     2    -7.0   24.877  121.546    227.9    956.2    288.6    285.0      0.0   1026.2     71.1     75.9    378.7
    27     1    26     1    10     8     0     2    -7.0   24.828  120.990    407.6    931.8    289.9    284.1      0.0    771.6     76.8     99.9    425.9
     1     1    26     1    10     7     0     1    -8.0   24.234  120.456      0.0   1015.8    289.1    290.4      0.0    666.4     61.5     19.3    513.8
     2     1    26     1    10     7     0     1    -8.0   24.304  120.605      0.0   1011.6    289.1    290.1      0.0    784.0     60.8     49.9    512.5
     3     1    26     1    10     7     0     1    -8.0   24.112  120.353      0.0   1014.8    290.0    291.3      0.0    859.0     56.4     16.9    510.9
     4     1    26     1    10     7     0     1    -8.0   23.436  120.143      0.0   1003.2    292.0    292.3      0.0    960.9     49.0    126.7    450.2
     5     1    26     1    10     7     0     1    -8.0   23.339  120.165      0.0   1006.8    291.8    292.3      0.0   1000.6     49.0     90.8    480.1
     6     1    26     1    10     7     0     1    -8.0   23.500  120.138     12.0    997.0    292.0    291.7      0.0    845.8     50.7    181.9    395.1
     7     1    26     1    10     7     0     1    -8.0   24.905  121.002      0.0   1018.5    288.2    289.7      0.0    868.5     60.2      0.7    511.1
     8     1    26     1    10     7     0     1    -8.0   24.934  121.266      0.0   1018.1    288.1    289.6      0.0   1029.8     56.7      7.9    502.1
     9     1    26     1    10     7     0     1    -8.0   24.791  120.776      0.0   1015.9    288.5    289.9      0.0    757.4     62.9     13.3    513.2
    10     1    26     1    10     7     0     1    -8.0   24.142  120.424    249.8   1015.6    289.4    290.7      0.0    723.8     59.6     16.3    515.1
    11     1    26     1    10     7     0     1    -8.0   24.253  120.577    249.5   1011.8    289.1    290.1      0.0    765.4     61.6     46.4    513.1
    12     1    26     1    10     7     0     1    -8.0   24.048  120.335    249.8   1014.9    290.2    291.4      0.0    891.3     55.7     16.7    509.8
    13     1    26     1    10     7     0     1    -8.0   23.423  120.143    248.7   1002.8    292.0    292.2      0.0    952.9     49.1    130.8    446.6
    14     1    26     1    10     7     0     1    -8.0   23.332  120.164    249.1   1006.6    291.8    292.4      0.0   1001.1     48.9     93.2    479.1
    15     1    26     1    10     7     0     1    -8.0   23.485  120.137    250.3    997.9    292.0    291.8      0.0    848.7     50.5    175.5    390.9
    16     1    26     1    10     7     0     1    -8.0   24.890  120.991    250.0   1018.5    288.2    289.7      0.0    859.8     60.3      0.0    511.2
    17     1    26     1    10     7     0     1    -8.0   24.933  121.266    249.9   1018.1    288.1    289.6      0.0   1029.7     56.8      7.9    502.1
    18     1    26     1    10     7     0     1    -8.0   24.761  120.760    249.9   1016.7    288.5    289.9      0.0    740.4     63.6      6.1    513.7
    19     1    26     1    10     7     0     1    -8.0   24.499  120.699    104.2    963.2    289.9    286.8      0.0    816.8     67.2    121.1    511.8
    20     1    26     1    10     7     0     1    -8.0   24.663  121.024     51.7    973.9    289.5    287.3      0.0   1051.7     64.3     91.9    491.3
    21     1    26     1    10     7     0     1    -8.0   24.355  120.511      0.0    985.3    289.9    288.6      0.0    772.9     62.3     35.2    517.0
    22     1    26     1    10     7     0     1    -8.0   23.420  120.209      0.0    979.1    292.1    290.4      0.0    938.9     52.7    189.1    444.0
    23     1    26     1    10     7     0     1    -8.0   23.695  120.271      0.0    985.1    290.8    289.5      0.0    899.5     57.2     57.8    513.8
    24     1    26     1    10     7     0     1    -8.0   23.369  120.229    137.3    949.1    292.1    287.8      0.0    774.2     60.4    210.8    369.2
    25     1    26     1    10     7     0     1    -8.0   25.007  121.444    338.4    941.3    289.6    284.7      0.0   1119.1     74.0     95.0    488.5
    26     1    26     1    10     7     0     1    -8.0   25.023  121.752    189.6    955.0    288.2    284.4      0.0    970.8     72.5    107.8    430.0
    27     1    26     1    10     7     0     1    -8.0   25.017  121.151    431.1    931.4    290.1    284.3      0.0   1032.9     74.0     86.5    495.7
     1     1    26     1    10     6     0     0    -9.0   24.544  120.537      0.0   1014.9    288.7    290.0      0.0    792.4     62.1     18.2    596.7
     2     1    26     1    10     6     0     0    -9.0   24.604  120.715      0.0   1017.7    288.3    289.7      0.0    848.1     60.9      0.0    596.7
     3     1    26     1    10     6     0     0    -9.0   24.353  120.377      0.0   1015.5    289.4    290.7      0.0    784.7     58.7     11.9    599.1
     4     1    26     1    10     6     0     0    -9.0   23.574  120.098      0.0   1010.3    291.7    292.5      0.0   1118.2     49.5     57.0    602.5
     5     1    26     1    10     6     0     0    -9.0   23.487  120.133      0.0   1012.1    291.2    292.2      0.0   1101.8     50.6     33.1    604.5
     6     1    26     1    10     6     0     0    -9.0   23.604  120.081      0.0   1007.2    292.0    292.6      0.0   1088.3     48.2     93.3    550.9
     7     1    26     1    10     6     0     0    -9.0   25.183  121.171      0.0   1018.0    288.0    289.4      0.0   1037.8     57.7      4.3    591.3
     8     1    26     1    10     6     0     0    -9.0   25.168  121.455      0.0   1018.7    287.6    289.1      0.0   1078.8     55.6      0.0    588.7
     9     1    26     1    10     6     0     0    -9.0   25.105  120.900      0.0   1018.0    288.1    289.6      0.0    874.9     60.8      0.0    596.7
    10     1    26     1    10     6     0     0    -9.0   24.445  120.490    250.0   1016.4    288.7    290.0      0.0    736.0     62.9      5.0    597.0
    11     1    26     1    10     6     0     0    -9.0   24.551  120.680    250.0   1017.6    288.3    289.8      0.0    824.9     61.1      0.0    596.7
    12     1    26     1    10     6     0     0    -9.0   24.279  120.355    249.9   1015.3    289.6    290.8      0.0    813.8     58.3      9.8    599.7
    13     1    26     1    10     6     0     0    -9.0   23.560  120.097    249.4   1010.1    291.8    292.6      0.0   1122.7     49.3     59.4    602.4
    14     1    26     1    10     6     0     0    -9.0   23.479  120.132    249.6   1012.0    291.2    292.2      0.0   1102.4     50.5     35.0    604.4
    15     1    26     1    10     6     0     0    -9.0   23.587  120.080    249.0   1007.0    292.0    292.6      0.0   1083.1     48.1     95.4    545.0
    16     1    26     1    10     6     0     0    -9.0   25.171  121.159    250.0   1017.9    288.0    289.5      0.0   1031.7     57.7      4.7    591.6
    17     1    26     1    10     6     0     0    -9.0   25.167  121.455    250.0   1018.7    287.6    289.1      0.0   1078.7     55.6      0.0    588.7
    18     1    26     1    10     6     0     0    -9.0   25.077  120.882    250.0   1018.0    288.1    289.6      0.0    864.0     60.9      0.0    596.7
    19     1    26     1    10     6     0     0    -9.0   24.786  120.808     32.0    981.8    289.2    287.6      0.0    909.2     64.2     30.7    596.5
    20     1    26     1    10     6     0     0    -9.0   24.904  121.209      0.0    986.1    288.8    287.7      0.0   1122.9     62.8     39.7    588.7
    21     1    26     1    10     6     0     0    -9.0   24.659  120.571      4.1    980.8    289.5    287.9      0.0    793.6     64.8     65.4    597.6
    22     1    26     1    10     6     0     0    -9.0   23.552  120.154      0.0    988.1    291.8    290.8      0.0   1156.0     52.5     96.4    600.8
    23     1    26     1    10     6     0     0    -9.0   23.940  120.278      0.0    984.3    289.9    288.6      0.0    783.4     61.3     55.2    599.3
    24     1    26     1    10     6     0     0    -9.0   23.446  120.179     74.7    957.6    292.2    288.6      0.0   1016.2     57.2    204.4    490.4
    25     1    26     1    10     6     0     0    -9.0   25.158  121.635    236.0    951.1    289.1    285.0      0.0   1168.0     73.3     97.4    561.1
    26     1    26     1    10     6     0     0    -9.0   25.150  121.922    172.6    967.7    288.0    285.3      0.0   1248.0     67.0     21.3    564.4
    27     1    26     1    10     6     0     0    -9.0   25.208  121.299    376.5    937.8    289.6    284.4      0.0   1098.4     74.8     78.3    589.3
     1     1    26     1    10     5     0     1   -10.0   24.852  120.652      0.0   1018.6    287.9    289.4      0.0    862.5     60.8      0.0    562.1
     2     1    26     1    10     5     0     1   -10.0   24.892  120.875      0.0   1018.6    287.9    289.4      0.0   1000.2     58.0      5.0    558.8
     3     1    26     1    10     5     0     1   -10.0   24.652  120.438      0.0   1017.2    288.4    289.8      0.0    730.7     62.2      6.9    562.9
     4     1    26     1    10     5     0     1   -10.0   23.736  120.073      0.0   1014.9    290.2    291.4      0.0    959.3     53.7     18.2    568.2
     5     1    26     1    10     5     0     1   -10.0   23.665  120.121      0.0   1014.9    289.9    291.1      0.0    878.9     54.8     16.6    566.0
     6     1    26     1    10     5     0     1   -10.0   23.734  120.033      0.0   1014.6    291.0    292.2      0.0   1000.6     49.4     26.8    565.8
     7     1    26     1    10     5     0     1   -10.0   25.415  121.355      0.0   1019.4    287.4    289.0      0.0   1053.7     55.5      0.0    556.4
     8     1    26     1    10     5     0     1   -10.0   25.346  121.629      0.0   1019.4    287.2    288.8      0.0   1123.1     52.9      0.0    556.7
     9     1    26     1    10     5     0     1   -10.0   25.397  121.063      0.0   1019.0    287.6    289.2      0.0    994.1     58.3      2.4    560.5
    10     1    26     1    10     5     0     1   -10.0   24.758  120.597    250.0   1018.3    288.0    289.5      0.0    828.3     61.4      0.0    562.1
    11     1    26     1    10     5     0     1   -10.0   24.848  120.833    250.0   1018.6    287.8    289.4      0.0    979.9     58.7      4.7    559.8
    12     1    26     1    10     5     0     1   -10.0   24.562  120.405    249.9   1017.0    288.5    289.9      0.0    706.8     61.8     10.9    562.6
    13     1    26     1    10     5     0     1   -10.0   23.720  120.070    249.8   1014.8    290.2    291.4      0.0    961.1     53.4     19.9    568.2
    14     1    26     1    10     5     0     1   -10.0   23.656  120.119    249.8   1014.8    289.9    291.1      0.0    884.0     54.7     16.9    566.2
    15     1    26     1    10     5     0     1   -10.0   23.714  120.030    249.7   1014.7    291.0    292.2      0.0    996.3     49.3     26.8    561.5
    16     1    26     1    10     5     0     1   -10.0   25.405  121.343    250.0   1019.4    287.4    289.0      0.0   1051.6     55.6      0.0    556.4
    17     1    26     1    10     5     0     1   -10.0   25.346  121.628    250.0   1019.4    287.2    288.8      0.0   1123.1     52.9      0.0    556.7
    18     1    26     1    10     5     0     1   -10.0   25.373  121.040    250.0   1019.1    287.6    289.2      0.0    982.8     58.7      1.9    561.0
    19     1    26     1    10     5     0     1   -10.0   25.076  120.975     23.0    985.9    288.2    287.0      0.0    990.3     64.5     14.7    555.6
    20     1    26     1    10     5     0     1   -10.0   25.094  121.425      9.3    983.1    287.9    286.5      0.0   1078.2     63.9     52.2    521.3
    21     1    26     1    10     5     0     1   -10.0   24.971  120.676      0.0    989.9    288.4    287.5      0.0    797.2     65.1     12.4    562.1
    22     1    26     1    10     5     0     1   -10.0   23.702  120.120      0.0    987.7    290.2    289.1      0.0    995.5     57.8     38.4    568.5
    23     1    26     1    10     5     0     1   -10.0   24.238  120.345      0.0    983.8    289.0    287.6      0.0    787.6     64.5     61.2    562.2
    24     1    26     1    10     5     0     1   -10.0   23.512  120.127      0.0    972.9    291.5    289.2      0.0    913.6     55.1    165.5    510.3
    25     1    26     1    10     5     0     1   -10.0   25.260  121.825    224.0    954.2    288.3    284.5      0.0   1109.0     74.0     87.2    486.8
    26     1    26     1    10     5     0     1   -10.0   25.262  122.069    161.3    972.1    287.6    285.3      0.0   1267.0     63.9      0.0    556.7
    27     1    26     1    10     5     0     1   -10.0   25.387  121.492    326.4    947.6    288.9    284.4      0.0   1105.8     73.8     52.6    555.3
     1     1    26     1    10     4     0     2   -11.0   25.128  120.821      0.0   1019.6    287.6    289.2      0.0    973.2     58.6      3.2    525.9
     2     1    26     1    10     4     0     2   -11.0   25.115  121.069      0.0   1020.2    287.4    289.1      0.0   1034.1     56.1      0.0    524.0
     3     1    26     1    10     4     0     2   -11.0   24.958  120.557      0.0   1017.9    287.9    289.4      0.0    813.2     61.6      5.8    527.4
     4     1    26     1    10     4     0     2   -11.0   23.935  120.080      0.0   1016.6    289.1    290.5      0.0    806.4     57.3     10.2    529.2
     5     1    26     1    10     4     0     2   -11.0   23.899  120.147      0.0   1016.7    288.8    290.2      0.0    734.5     58.6     13.8    528.1
     6     1    26     1    10     4     0     2   -11.0   23.877  120.013      0.0   1017.5    289.8    291.3      0.0    878.6     53.2      6.1    532.8
     7     1    26     1    10     4     0     2   -11.0   25.577  121.546      0.0   1020.2    287.1    288.8      0.0   1088.8     53.6      0.0    524.8
     8     1    26     1    10     4     0     2   -11.0   25.471  121.793      0.0   1020.2    287.0    288.7      0.0   1135.4     51.4      0.0    524.8
     9     1    26     1    10     4     0     2   -11.0   25.623  121.253      0.0   1020.2    287.3    289.0      0.0   1027.4     56.0      0.0    524.7
    10     1    26     1    10     4     0     2   -11.0   25.046  120.753    250.0   1020.1    287.5    289.1      0.0    939.7     60.4      0.2    527.3
    11     1    26     1    10     4     0     2   -11.0   25.079  121.024    250.0   1020.2    287.5    289.1      0.0   1030.2     56.6      0.0    524.4
    12     1    26     1    10     4     0     2   -11.0   24.870  120.513    250.0   1018.0    287.9    289.4      0.0    785.3     62.3      4.2    527.4
    13     1    26     1    10     4     0     2   -11.0   23.915  120.075    249.9   1016.6    289.1    290.5      0.0    813.3     57.1     10.4    529.4
    14     1    26     1    10     4     0     2   -11.0   23.887  120.144    249.9   1016.7    288.8    290.2      0.0    740.1     58.4     13.4    528.1
    15     1    26     1    10     4     0     2   -11.0   23.853  120.007    250.0   1017.8    289.9    291.3      0.0    880.8     52.6      3.9    533.2
    16     1    26     1    10     4     0     2   -11.0   25.570  121.534    250.0   1020.2    287.1    288.8      0.0   1086.6     53.7      0.0    524.8
    17     1    26     1    10     4     0     2   -11.0   25.471  121.793    250.0   1020.2    287.0    288.7      0.0   1135.4     51.4      0.0    524.8
    18     1    26     1    10     4     0     2   -11.0   25.604  121.230    250.0   1020.2    287.3    289.0      0.0   1025.7     56.2      0.0    525.0
    19     1    26     1    10     4     0     2   -11.0   25.290  121.205     33.5    987.7    287.7    286.7      0.0   1031.8     63.7      0.0    521.1
    20     1    26     1    10     4     0     2   -11.0   25.195  121.619     44.3    984.5    287.6    286.3      0.0   1182.2     62.1     16.2    508.8
    21     1    26     1    10     4     0     2   -11.0   25.266  120.857      9.2    989.1    287.8    286.9      0.0    944.3     65.2      9.4    524.1
    22     1    26     1    10     4     0     2   -11.0   23.889  120.118      0.0    989.4    289.1    288.2      0.0    840.3     61.0     17.8    530.4
    23     1    26     1    10     4     0     2   -11.0   24.536  120.479      0.0    991.0    288.1    287.3      0.0    802.4     65.2      0.0    527.4
    24     1    26     1    10     4     0     2   -11.0   23.580  120.083      0.0    982.6    290.6    289.1      0.0    829.8     54.5    100.5    515.8
    25     1    26     1    10     4     0     2   -11.0   25.320  121.996    200.9    966.8    287.9    285.1      0.0   1247.3     68.4     18.1    483.9
    26     1    26     1    10     4     0     2   -11.0   25.347  122.209    178.2    970.8    287.3    284.9      0.0   1239.7     63.5      0.0    524.8
    27     1    26     1    10     4     0     2   -11.0   25.493  121.706    332.5    940.6    288.2    283.2      0.0   1027.4     78.5    100.5    453.3
     1     1    26     1    10     3     0     3   -12.0   25.341  121.024      0.0   1020.9    287.4    289.1      0.0   1013.9     56.5      0.0    492.3
     2     1    26     1    10     3     0     3   -12.0   25.265  121.279      0.0   1020.9    287.1    288.9      0.0   1081.1     54.5      0.0    492.8
     3     1    26     1    10     3     0     3   -12.0   25.233  120.717      0.0   1020.8    287.4    289.1      0.0    903.1     61.1      0.0    492.8
     4     1    26     1    10     3     0     3   -12.0   24.188  120.129      0.0   1017.6    288.3    289.8      0.0    710.8     59.8     12.1    492.8
     5     1    26     1    10     3     0     3   -12.0   24.182  120.235      0.0   1018.4    288.0    289.5      0.0    711.7     61.7      6.0    492.8
     6     1    26     1    10     3     0     3   -12.0   24.055  120.018      0.0   1018.4    288.9    290.4      0.0    804.4     57.4      3.5    493.2
     7     1    26     1    10     3     0     3   -12.0   25.684  121.731      0.0   1020.9    287.0    288.7      0.0   1111.3     52.6      0.0    492.8
     8     1    26     1    10     3     0     3   -12.0   25.559  121.950      0.0   1020.9    286.8    288.5      0.0   1131.7     50.6      0.0    492.8
     9     1    26     1    10     3     0     3   -12.0   25.779  121.458      0.0   1020.9    287.0    288.7      0.0   1061.9     54.4      0.0    492.8
    10     1    26     1    10     3     0     3   -12.0   25.273  120.948    250.0   1020.9    287.4    289.1      0.0   1005.0     57.3      0.0    492.8
    11     1    26     1    10     3     0     3   -12.0   25.240  121.234    250.0   1020.9    287.2    288.9      0.0   1069.1     54.7      0.0    492.5
    12     1    26     1    10     3     0     3   -12.0   25.152  120.665    250.0   1020.1    287.5    289.1      0.0    863.0     60.7      0.0    492.8
    13     1    26     1    10     3     0     3   -12.0   24.164  120.121    249.9   1017.6    288.4    289.8      0.0    719.6     59.5     11.3    492.8
    14     1    26     1    10     3     0     3   -12.0   24.170  120.229    249.9   1018.3    288.0    289.5      0.0    710.4     61.6      6.9    492.8
    15     1    26     1    10     3     0     3   -12.0   24.023  120.010    250.0   1018.6    289.0    290.5      0.0    812.8     57.1      2.0    493.0
    16     1    26     1    10     3     0     3   -12.0   25.678  121.721    250.0   1020.9    287.0    288.7      0.0   1109.5     52.7      0.0    492.8
    17     1    26     1    10     3     0     3   -12.0   25.559  121.950    250.0   1020.9    286.8    288.5      0.0   1131.7     50.6      0.0    492.8
    18     1    26     1    10     3     0     3   -12.0   25.765  121.435    250.0   1020.9    287.1    288.8      0.0   1057.7     54.5      0.0    492.8
    19     1    26     1    10     3     0     3   -12.0   25.405  121.435     54.4    981.6    287.5    286.0      0.0   1080.5     63.6     33.7    464.9
    20     1    26     1    10     3     0     3   -12.0   25.255  121.796     54.0    986.0    287.4    286.2      0.0   1209.0     61.7      0.0    492.8
    21     1    26     1    10     3     0     3   -12.0   25.483  121.095     16.0    990.0    287.6    286.8      0.0   1009.0     63.3      4.0    489.6
    22     1    26     1    10     3     0     3   -12.0   24.146  120.161      0.0    990.0    288.3    287.5      0.0    721.3     63.8     15.1    492.8
    23     1    26     1    10     3     0     3   -12.0   24.792  120.680      0.0    990.2    287.9    287.1      0.0    949.6     63.7     14.0    488.0
    24     1    26     1    10     3     0     3   -12.0   23.635  120.053      0.0    986.2    289.8    288.6      0.0    729.4     54.8     60.0    501.5
    25     1    26     1    10     3     0     3   -12.0   25.350  122.154    177.3    971.3    287.7    285.4      0.0   1230.8     66.8      5.4    444.3
    26     1    26     1    10     3     0     3   -12.0   25.401  122.342    206.9    968.2    287.1    284.5      0.0   1221.0     64.1      0.0    494.5
    27     1    26     1    10     3     0     3   -12.0   25.518  121.898    401.0    939.4    288.0    282.9      0.0   1146.4     78.4     58.2    425.6