    10     1
    GFSQ    26     1    29     0     0
    GFSQ    26     1    30     0     0
    GFSQ    26     1    31     0     0
    GFSQ    26     2     1     0     0
    GFSQ    26     2     2     0     0
    GFSQ    26     2     3     0     0
    GFSQ    26     2     4     0     0
    GFSQ    26     2     5     0     0
    GFSQ    26     2     6     0     0
    GFSQ    26     2     7     0     0
    27 BACKWARD OMEGA   
    26     2     6     2   24.218  120.618    10.0
    26     2     6     2   24.218  120.618    10.0
    26     2     6     2   24.218  120.618    10.0
    26     2     6     2   24.218  120.618    10.0
    26     2     6     2   24.218  120.618    10.0
    26     2     6     2   24.218  120.618    10.0
    26     2     6     2   24.218  120.618    10.0
    26     2     6     2   24.218  120.618    10.0
    26     2     6     2   24.218  120.618    10.0
    26     2     6     2   24.218  120.618    10.0
    26     2     6     2   24.218  120.618    10.0
    26     2     6     2   24.218  120.618    10.0
    26     2     6     2   24.218  120.618    10.0
    26     2     6     2   24.218  120.618    10.0
    26     2     6     2   24.218  120.618    10.0
    26     2     6     2   24.218  120.618    10.0
    26     2     6     2   24.218  120.618    10.0
    26     2     6     2   24.218  120.618    10.0
    26     2     6     2   24.218  120.618    10.0
    26     2     6     2   24.218  120.618    10.0
    26     2     6     2   24.218  120.618    10.0
    26     2     6     2   24.218  120.618    10.0
    26     2     6     2   24.218  120.618    10.0
    26     2     6     2   24.218  120.618    10.0
    26     2     6     2   24.218  120.618    10.0
    26     2     6     2   24.218  120.618    10.0
    26     2     6     2   24.218  120.618    10.0
     8 PRESSURE THETA    AIR_TEMP RAINFALL MIXDEPTH RELHUMID TERR_MSL SUN_FLUX
     1     1    26     2     6     2     0     2     0.0   24.218  120.618     10.0    997.8    291.8    291.6      0.0    195.6     80.0    157.4     53.1
     2     1    26     2     6     2     0     2     0.0   24.218  120.618     10.0   1006.1    290.5    291.0      0.0    123.2     87.2     82.7     58.7
     3     1    26     2     6     2     0     2     0.0   24.218  120.618     10.0    995.7    293.0    292.6      0.0    307.3     71.6    165.7    100.3
     4     1    26     2     6     2     0     2     0.0   24.218  120.618     10.0    926.2    297.2    290.6      0.0    403.0     66.1    810.8    213.8
     5     1    26     2     6     2     0     2     0.0   24.218  120.618     10.0    948.8    294.9    290.4      0.0    339.3     72.8    595.2    173.9
     6     1    26     2     6     2     0     2     0.0   24.218  120.618     10.0    940.9    297.6    292.3      0.0    581.9     58.8    664.3    272.4
     7     1    26     2     6     2     0     2     0.0   24.218  120.618     10.0   1014.7    290.2    291.4      0.0    161.8     90.9     11.1     52.3
     8     1    26     2     6     2     0     2     0.0   24.218  120.618     10.0   1015.7    289.6    290.9      0.0    153.2     93.0      1.4    110.7
     9     1    26     2     6     2     0     2     0.0   24.218  120.618     10.0   1013.6    291.1    292.2      0.0    209.0     84.8     13.0     28.8
    10     1    26     2     6     2     0     2     0.0   24.218  120.618     10.0    997.8    291.8    291.6      0.0    195.6     80.0    157.4     53.1
    11     1    26     2     6     2     0     2     0.0   24.218  120.618     10.0   1006.1    290.5    291.0      0.0    123.2     87.2     82.7     58.7
    12     1    26     2     6     2     0     2     0.0   24.218  120.618     10.0    995.8    293.0    292.6      0.0    307.3     71.6    165.7    100.3
    13     1    26     2     6     2     0     2     0.0   24.218  120.618     10.0    926.3    297.2    290.6      0.0    403.0     66.1    810.8    213.8
    14     1    26     2     6     2     0     2     0.0   24.218  120.618     10.0    948.8    294.9    290.4      0.0    339.3     72.8    595.2    173.9
    15     1    26     2     6     2     0     2     0.0   24.218  120.618     10.0    940.9    297.6    292.3      0.0    581.9     58.8    664.3    272.4
    16     1    26     2     6     2     0     2     0.0   24.218  120.618     10.0   1014.7    290.2    291.4      0.0    161.8     90.9     11.1     52.3
    17     1    26     2     6     2     0     2     0.0   24.218  120.618     10.0   1015.7    289.6    290.9      0.0    153.2     93.0      1.4    110.7
    18     1    26     2     6     2     0     2     0.0   24.218  120.618     10.0   1013.6    291.1    292.2      0.0    209.0     84.8     13.0     28.8
    19     1    26     2     6     2     0     2     0.0   24.218  120.618     10.0    969.3    292.8    290.2      0.0    195.6     83.5    157.4     53.1
    20     1    26     2     6     2     0     2     0.0   24.218  120.618     10.0    977.2    292.0    290.1      0.0    123.2     88.5     82.7     58.7
    21     1    26     2     6     2     0     2     0.0   24.218  120.618     10.0    967.3    293.3    290.6      0.0    307.3     78.3    165.7    100.3
    22     1    26     2     6     2     0     2     0.0   24.218  120.618     10.0    900.3    297.4    288.5      0.0    403.0     71.9    810.8    213.8
    23     1    26     2     6     2     0     2     0.0   24.218  120.618     10.0    922.0    295.5    288.6      0.0    339.3     78.4    595.2    173.9
    24     1    26     2     6     2     0     2     0.0   24.218  120.618     10.0    914.5    297.5    289.9      0.0    581.9     65.8    664.3    272.4
    25     1    26     2     6     2     0     2     0.0   24.218  120.618     10.0    985.6    291.9    290.7      0.0    161.8     90.0     11.1     52.3
    26     1    26     2     6     2     0     2     0.0   24.218  120.618     10.0    986.4    291.5    290.4      0.0    153.2     91.7      1.4    110.7
    27     1    26     2     6     2     0     2     0.0   24.218  120.618     10.0    984.5    292.0    290.7      0.0    209.0     88.9     13.0     28.8
     1     1    26     2     6     1     0     1    -1.0   24.289  120.627      0.6    998.3    291.6    291.4      0.0    163.1     80.0    155.3     26.1
     2     1    26     2     6     1     0     1    -1.0   24.271  120.651      3.1   1006.0    290.3    290.8      0.0    103.6     86.9     83.9     32.9
     3     1    26     2     6     1     0     1    -1.0   24.270  120.598      0.0   1000.5    292.5    292.6      0.0    233.4     69.8    124.6     41.6
     4     1    26     2     6     1     0     1    -1.0   24.240  120.604      0.0    931.2    296.3    290.1      0.0    284.7     68.4    767.2    103.2
     5     1    26     2     6     1     0     1    -1.0   24.238  120.611      0.0    953.8    294.1    290.0      0.0    246.3     74.8    549.9     87.0
     6     1    26     2     6     1     0     1    -1.0   24.237  120.600      0.0    950.0    296.3    291.9      0.0    370.7     59.3    580.0    137.2
     7     1    26     2     6     1     0     1    -1.0   24.323  120.643     12.3   1014.9    290.0    291.2      0.0    151.9     90.9      9.4     36.3
     8     1    26     2     6     1     0     1    -1.0   24.317  120.676     15.4   1015.3    289.5    290.7      0.0    138.5     93.0      0.0     64.7
     9     1    26     2     6     1     0     1    -1.0   24.297  120.614     11.3   1014.1    291.0    292.2      0.0    173.1     82.7     10.7     16.8
    10     1    26     2     6     1     0     1    -1.0   24.289  120.627    248.4    998.3    291.6    291.4      0.0    163.1     80.0    155.3     26.1
    11     1    26     2     6     1     0     1    -1.0   24.271  120.651    249.2   1006.0    290.3    290.8      0.0    103.6     86.9     83.9     32.9
    12     1    26     2     6     1     0     1    -1.0   24.270  120.598    248.8   1000.5    292.5    292.6      0.0    233.4     69.8    124.6     41.6
    13     1    26     2     6     1     0     1    -1.0   24.240  120.604    242.3    931.2    296.3    290.1      0.0    284.7     68.4    767.2    103.2
    14     1    26     2     6     1     0     1    -1.0   24.238  120.611    244.5    953.8    294.1    290.0      0.0    246.3     74.8    549.9     87.0
    15     1    26     2     6     1     0     1    -1.0   24.237  120.600    244.2    949.9    296.3    291.9      0.0    370.7     59.3    580.0    137.2
    16     1    26     2     6     1     0     1    -1.0   24.323  120.643    252.0   1015.1    290.0    291.3      0.0    151.9     90.8      9.5     36.2
    17     1    26     2     6     1     0     1    -1.0   24.316  120.676    255.1   1015.9    289.5    290.8      0.0    138.7     92.9      0.0     64.7
    18     1    26     2     6     1     0     1    -1.0   24.297  120.614    251.1   1014.3    291.0    292.2      0.0    173.2     82.7     10.7     16.8
    19     1    26     2     6     1     0     1    -1.0   24.298  120.612     30.9    969.5    292.7    290.1      0.0    159.8     83.7    135.7     25.7
    20     1    26     2     6     1     0     1    -1.0   24.268  120.621     46.5    974.7    292.0    289.9      0.0    110.0     88.5     67.9     35.9
    21     1    26     2     6     1     0     1    -1.0   24.293  120.594      0.0    974.5    293.0    290.8      0.0    226.8     76.4    122.0     38.8
    22     1    26     2     6     1     0     1    -1.0   24.243  120.601      0.0    907.4    296.6    288.3      0.0    280.6     73.2    757.0    100.8
    23     1    26     2     6     1     0     1    -1.0   24.234  120.605      0.0    930.9    294.6    288.5      0.0    238.6     78.8    531.9     83.6
    24     1    26     2     6     1     0     1    -1.0   24.253  120.599      0.0    928.3    296.4    290.1      0.0    364.8     65.2    559.4    133.6
    25     1    26     2     6     1     0     1    -1.0   24.299  120.606      8.8    986.2    291.7    290.6      0.0    151.8     89.8      7.9     37.0
    26     1    26     2     6     1     0     1    -1.0   24.275  120.620     35.8    983.7    291.6    290.2      0.0    154.3     91.8      0.0     66.7
    27     1    26     2     6     1     0     1    -1.0   24.299  120.594     20.5    984.3    292.1    290.8      0.0    166.7     86.7      8.8     17.4
     1     1    26     2     6     0     0     0    -2.0   24.362  120.636      0.0   1000.4    291.2    291.2      0.0    138.8     81.2    136.3      2.5
     2     1    26     2     6     0     0     0    -2.0   24.323  120.679      0.0   1007.0    290.2    290.8      0.0     80.4     86.6     76.8      6.6
     3     1    26     2     6     0     0     0    -2.0   24.333  120.583      0.0   1002.3    292.2    292.4      0.0    184.0     69.6    112.3      4.4
     4     1    26     2     6     0     0     0    -2.0   24.261  120.601      0.0    933.0    295.7    289.7      0.0    200.7     70.3    751.9     11.2
     5     1    26     2     6     0     0     0    -2.0   24.256  120.607      0.0    958.5    293.3    289.7      0.0    160.4     76.4    508.4      8.6
     6     1    26     2     6     0     0     0    -2.0   24.255  120.604     16.6    949.3    295.8    291.3      0.0    203.6     59.3    577.2     23.1
     7     1    26     2     6     0     0     0    -2.0   24.435  120.675     14.2   1015.2    289.6    290.9      0.0    151.9     92.2      4.3      8.9
     8     1    26     2     6     0     0     0    -2.0   24.409  120.739     19.4   1015.0    289.4    290.7      0.0    106.4     92.3      0.0     17.1
     9     1    26     2     6     0     0     0    -2.0   24.390  120.607      9.1   1014.9    290.8    292.1      0.0    148.8     83.3     10.0      0.0
    10     1    26     2     6     0     0     0    -2.0   24.362  120.636    248.6   1000.4    291.2    291.2      0.0    138.8     81.2    136.3      2.5
    11     1    26     2     6     0     0     0    -2.0   24.323  120.679    249.2   1007.0    290.2    290.8      0.0     80.4     86.6     76.8      6.6
    12     1    26     2     6     0     0     0    -2.0   24.333  120.583    248.9   1002.3    292.2    292.4      0.0    184.0     69.6    112.3      4.4
    13     1    26     2     6     0     0     0    -2.0   24.261  120.601    242.5    933.0    295.7    289.7      0.0    200.7     70.3    751.9     11.2
    14     1    26     2     6     0     0     0    -2.0   24.256  120.607    244.9    958.5    293.3    289.7      0.0    160.4     76.4    508.4      8.6
    15     1    26     2     6     0     0     0    -2.0   24.255  120.604    260.9    949.3    295.8    291.3      0.0    203.6     59.3    577.3     23.1
    16     1    26     2     6     0     0     0    -2.0   24.434  120.675    253.1   1015.7    289.6    290.9      0.0    151.9     92.0      4.3      8.8
    17     1    26     2     6     0     0     0    -2.0   24.407  120.738    257.9   1016.1    289.4    290.7      0.0    107.2     92.0      0.0     17.0
    18     1    26     2     6     0     0     0    -2.0   24.389  120.607    249.9   1014.9    290.8    292.1      0.0    148.8     83.3     10.0      0.0
    19     1    26     2     6     0     0     0    -2.0   24.359  120.606     68.8    968.0    292.6    289.9      0.0    140.7     84.0    110.6      3.0
    20     1    26     2     6     0     0     0    -2.0   24.294  120.614     84.7    971.8    292.0    289.6      0.0    104.5     88.3     56.6      8.3
    21     1    26     2     6     0     0     0    -2.0   24.376  120.579      0.0    978.5    292.7    290.8      0.0    176.6     76.3    108.9      3.1
    22     1    26     2     6     0     0     0    -2.0   24.261  120.603     50.2    901.3    296.6    287.8      0.0    201.4     73.5    762.4     11.4
    23     1    26     2     6     0     0     0    -2.0   24.240  120.603     13.1    929.8    294.3    288.1      0.0    162.0     78.9    519.3      8.4
    24     1    26     2     6     0     0     0    -2.0   24.284  120.614      2.7    918.9    296.6    289.4      0.0    206.0     65.5    629.1     22.2
    25     1    26     2     6     0     0     0    -2.0   24.370  120.593     11.2    986.3    291.6    290.4      0.0    154.5     90.3      4.5      5.7
    26     1    26     2     6     0     0     0    -2.0   24.313  120.603     50.3    982.2    291.6    290.1      0.0    152.3     91.7      0.0     14.0
    27     1    26     2     6     0     0     0    -2.0   24.374  120.565     16.2    985.5    292.1    290.9      0.0    141.3     86.0      6.1      0.0
     1     1    26     2     5    23     0     1    -3.0   24.417  120.644      0.0   1001.3    291.4    291.5      0.0     91.1     77.0    121.4      2.3
     2     1    26     2     5    23     0     1    -3.0   24.362  120.694      0.0   1007.7    290.6    291.3      0.0     52.3     81.6     64.9      5.1
     3     1    26     2     5    23     0     1    -3.0   24.391  120.580      2.0   1002.4    292.2    292.4      0.0    124.4     69.1    111.0      1.9
     4     1    26     2     5    23     0     1    -3.0   24.274  120.612     77.1    921.5    296.1    289.1      0.0    141.4     70.0    786.9      8.1
     5     1    26     2     5    23     0     1    -3.0   24.267  120.606      0.0    960.4    293.3    289.8      0.0    110.8     72.9    486.2      5.8
     6     1    26     2     5    23     0     1    -3.0   24.269  120.638    143.2    923.4    296.5    289.7      0.0    158.1     64.2    687.3     15.8
     7     1    26     2     5    23     0     1    -3.0   24.520  120.698     15.7   1014.8    290.2    291.5      0.0    105.8     87.6      0.0      8.4
     8     1    26     2     5    23     0     1    -3.0   24.480  120.776     20.9   1014.0    289.9    291.1      0.0     68.6     89.2      1.3     12.3
     9     1    26     2     5    23     0     1    -3.0   24.477  120.600      6.8   1014.6    291.2    292.4      0.0    103.8     81.1      9.4      0.0
    10     1    26     2     5    23     0     1    -3.0   24.417  120.644    248.8   1001.3    291.4    291.5      0.0     91.1     77.0    121.4      2.3
    11     1    26     2     5    23     0     1    -3.0   24.362  120.694    249.4   1007.7    290.6    291.3      0.0     52.3     81.6     64.9      5.1
    12     1    26     2     5    23     0     1    -3.0   24.391  120.580    250.9   1002.4    292.2    292.4      0.0    124.4     69.1    111.0      1.9
    13     1    26     2     5    23     0     1    -3.0   24.274  120.612    319.3    921.5    296.1    289.1      0.0    141.4     70.0    787.0      8.1
    14     1    26     2     5    23     0     1    -3.0   24.267  120.606    245.1    960.4    293.3    289.8      0.0    110.8     72.9    486.2      5.8
    15     1    26     2     5    23     0     1    -3.0   24.269  120.638    386.3    923.4    296.5    289.7      0.0    158.1     64.2    687.3     15.8
    16     1    26     2     5    23     0     1    -3.0   24.519  120.697    253.8   1015.4    290.2    291.5      0.0    106.0     87.5      0.0      8.4
    17     1    26     2     5    23     0     1    -3.0   24.477  120.774    258.6   1015.3    289.8    291.1      0.0     69.3     89.3      1.3     12.3
    18     1    26     2     5    23     0     1    -3.0   24.477  120.600    249.9   1014.6    291.2    292.4      0.0    103.8     81.1      9.4      0.0
    19     1    26     2     5    23     0     1    -3.0   24.378  120.588     94.9    967.0    293.5    290.7      0.0     99.4     79.1     88.2      2.7
    20     1    26     2     5    23     0     1    -3.0   24.287  120.582     97.5    971.5    293.0    290.5      0.0     84.2     83.0     42.1      6.3
    21     1    26     2     5    23     0     1    -3.0   24.439  120.568      0.0    976.7    293.4    291.4      0.0    117.5     73.9    100.0      0.9
    22     1    26     2     5    23     0     1    -3.0   24.241  120.606    152.8    888.6    297.8    287.7      0.0    143.1     72.5    777.1      8.1
    23     1    26     2     5    23     0     1    -3.0   24.215  120.591     45.1    928.0    295.2    288.8      0.0    111.7     75.2    499.6      5.1
    24     1    26     2     5    23     0     1    -3.0   24.296  120.645     74.3    899.6    297.5    288.6      0.0    158.2     69.1    738.1     15.4
    25     1    26     2     5    23     0     1    -3.0   24.407  120.565      5.4    986.6    292.3    291.1      0.0    113.4     85.7      2.3      5.0
    26     1    26     2     5    23     0     1    -3.0   24.326  120.558     40.8    982.7    292.2    290.8      0.0    117.6     87.6      0.0      9.6
    27     1    26     2     5    23     0     1    -3.0   24.423  120.533      0.0    987.6    292.7    291.6      0.0     99.5     82.3      3.1      0.0
     1     1    26     2     5    22     0     2    -4.0   24.436  120.647     16.4   1000.6    292.0    292.0      0.0     54.3     71.4    115.5      1.2
     2     1    26     2     5    22     0     2    -4.0   24.383  120.685      3.7   1008.6    291.0    291.7      0.0     37.8     77.5     52.2      3.0
     3     1    26     2     5    22     0     2    -4.0   24.416  120.592     27.2    998.4    292.7    292.6      0.0     73.0     65.2    125.0      0.8
     4     1    26     2     5    22     0     2    -4.0   24.255  120.623    181.9    902.9    297.4    288.7      0.0     82.9     70.4    854.6      4.5
     5     1    26     2     5    22     0     2    -4.0   24.258  120.610     88.2    947.6    294.7    290.1      0.0     67.8     67.9    516.7      3.0
     6     1    26     2     5    22     0     2    -4.0   24.274  120.676    279.0    895.7    297.8    288.5      0.0    107.0     70.3    807.4      8.4
     7     1    26     2     5    22     0     2    -4.0   24.562  120.679     14.1   1014.3    290.8    292.0      0.0     67.3     83.5      0.0      4.7
     8     1    26     2     5    22     0     2    -4.0   24.538  120.752     20.7   1013.5    290.1    291.2      0.0     60.0     89.2      0.0      6.6
     9     1    26     2     5    22     0     2    -4.0   24.519  120.587      7.8   1014.2    291.8    293.0      0.0     62.5     76.0      7.6      0.3
    10     1    26     2     5    22     0     2    -4.0   24.436  120.647    265.3   1000.6    292.0    292.0      0.0     54.3     71.4    115.5      1.2
    11     1    26     2     5    22     0     2    -4.0   24.383  120.685    253.2   1008.6    291.0    291.7      0.0     37.8     77.5     52.2      3.0
    12     1    26     2     5    22     0     2    -4.0   24.416  120.592    275.9    998.4    292.7    292.6      0.0     73.0     65.2    125.0      0.8
    13     1    26     2     5    22     0     2    -4.0   24.255  120.623    423.3    902.9    297.4    288.7      0.0     82.9     70.4    854.7      4.5
    14     1    26     2     5    22     0     2    -4.0   24.258  120.610    333.1    947.6    294.7    290.1      0.0     67.8     67.9    516.7      3.0
    15     1    26     2     5    22     0     2    -4.0   24.274  120.676    520.9    895.7    297.8    288.5      0.0    107.0     70.3    807.4      8.4
    16     1    26     2     5    22     0     2    -4.0   24.561  120.679    252.9   1014.8    290.8    292.0      0.0     67.3     83.5      0.0      4.6
    17     1    26     2     5    22     0     2    -4.0   24.537  120.752    258.5   1014.8    289.9    291.2      0.0     60.1     89.6      0.0      6.6
    18     1    26     2     5    22     0     2    -4.0   24.518  120.588    251.0   1014.1    291.8    293.0      0.0     62.5     76.0      7.6      0.3
    19     1    26     2     5    22     0     2    -4.0   24.357  120.552     88.3    970.3    294.3    291.8      0.0     61.4     73.3     61.5      1.4
    20     1    26     2     5    22     0     2    -4.0   24.248  120.522     67.5    977.6    293.6    291.7      0.0     60.1     76.9     13.6      3.6
    21     1    26     2     5    22     0     2    -4.0   24.453  120.560      6.2    976.3    294.2    292.2      0.0     68.6     68.3     91.1      0.3
    22     1    26     2     5    22     0     2    -4.0   24.196  120.598    239.7    886.1    298.3    288.0      0.0     85.7     73.1    706.7      4.5
    23     1    26     2     5    22     0     2    -4.0   24.171  120.563     40.1    934.7    295.9    290.1      0.0     63.4     70.3    438.3      1.9
    24     1    26     2     5    22     0     2    -4.0   24.296  120.667    162.6    882.9    298.2    287.7      0.0    104.3     73.9    806.4      8.0
    25     1    26     2     5    22     0     2    -4.0   24.406  120.511      0.0    989.7    292.8    291.9      0.0     68.4     82.0      0.4      2.5
    26     1    26     2     5    22     0     2    -4.0   24.312  120.483     12.4    985.4    292.6    291.4      0.0     82.1     85.1      0.0      4.5
    27     1    26     2     5    22     0     2    -4.0   24.425  120.495      0.0    990.8    293.2    292.4      0.0     59.0     77.8      0.0      0.0
     1     1    26     2     5    21     0     3    -5.0   24.418  120.640     46.1    996.3    293.1    292.8      0.0     20.6     63.9    117.7      0.0
     2     1    26     2     5    21     0     3    -5.0   24.393  120.641     14.6   1009.3    291.5    292.2      0.0     28.5     74.8     36.6      0.0
     3     1    26     2     5    21     0     3    -5.0   24.404  120.619     81.7    988.1    294.0    293.0      0.0     26.4     59.0    154.6      0.0
     4     1    26     2     5    21     0     3    -5.0   24.210  120.623    266.4    896.7    298.2    288.9      0.0     25.7     70.6    822.5      0.0
     5     1    26     2     5    21     0     3    -5.0   24.209  120.589    127.6    944.8    295.8    290.9      0.0     20.6     63.0    499.3      0.0
     6     1    26     2     5    21     0     3    -5.0   24.276  120.700    395.1    875.4    298.4    287.2      0.0     49.2     78.0    881.1      0.0
     7     1    26     2     5    21     0     3    -5.0   24.579  120.608     11.0   1014.0    291.2    292.4      0.0     36.4     82.2      0.0      0.0
     8     1    26     2     5    21     0     3    -5.0   24.608  120.675     23.4   1012.6    289.7    290.8      0.0     62.2     90.9      0.0      0.0
     9     1    26     2     5    21     0     3    -5.0   24.503  120.561     11.1   1013.5    292.7    293.8      0.0     20.6     69.6      5.7      0.0
    10     1    26     2     5    21     0     3    -5.0   24.418  120.640    294.9    996.3    293.1    292.8      0.0     20.6     63.9    117.7      0.0
    11     1    26     2     5    21     0     3    -5.0   24.393  120.641    264.2   1009.3    291.5    292.2      0.0     28.5     74.8     36.6      0.0
    12     1    26     2     5    21     0     3    -5.0   24.404  120.619    330.2    988.1    294.0    293.0      0.0     26.4     59.0    154.6      0.0
    13     1    26     2     5    21     0     3    -5.0   24.210  120.623    508.2    896.7    298.2    288.9      0.0     25.8     70.6    822.6      0.0
    14     1    26     2     5    21     0     3    -5.0   24.209  120.589    372.6    944.8    295.8    290.9      0.0     20.6     63.0    499.3      0.0
    15     1    26     2     5    21     0     3    -5.0   24.276  120.700    636.3    875.4    298.4    287.2      0.0     49.2     78.0    881.1      0.0
    16     1    26     2     5    21     0     3    -5.0   24.577  120.608    250.4   1014.1    291.2    292.4      0.0     36.1     82.2      0.0      0.0
    17     1    26     2     5    21     0     3    -5.0   24.609  120.679    260.1   1014.1    289.6    290.8      0.0     61.7     91.2      0.0      0.0
    18     1    26     2     5    21     0     3    -5.0   24.502  120.562    254.4   1013.7    292.7    293.9      0.0     20.6     69.6      5.7      0.0
    19     1    26     2     5    21     0     3    -5.0   24.301  120.510     55.2    977.4    295.0    293.0      0.0     20.6     65.0     29.1      0.0
    20     1    26     2     5    21     0     3    -5.0   24.184  120.443      7.7    985.1    294.1    292.9      0.0     20.6     69.9      4.8      0.0
    21     1    26     2     5    21     0     3    -5.0   24.418  120.555      6.6    976.2    295.2    293.1      0.0     22.9     61.6     84.8      0.0
    22     1    26     2     5    21     0     3    -5.0   24.141  120.586    311.6    886.9    298.4    288.3      0.0     34.6     74.6    618.6      0.0
    23     1    26     2     5    21     0     3    -5.0   24.111  120.531     16.8    944.4    296.6    291.7      0.0     20.6     63.6    366.5      0.0
    24     1    26     2     5    21     0     3    -5.0   24.289  120.674    247.4    872.3    298.6    287.1      0.0     47.5     78.2    820.0      0.0
    25     1    26     2     5    21     0     3    -5.0   24.365  120.427      0.0    992.0    293.4    292.7      0.0     24.9     78.2      0.0      0.0
    26     1    26     2     5    21     0     3    -5.0   24.275  120.380      0.0    989.4    292.8    291.9      0.0     42.5     83.0      0.0      0.0
    27     1    26     2     5    21     0     3    -5.0   24.381  120.449      0.0    991.2    293.8    293.1      0.0     20.6     72.9      0.0      0.0
     1     1    26     2     5    20     0     2    -6.0   24.372  120.631     78.1    991.7    293.8    293.1      0.0     20.8     62.0    128.2      0.0
     2     1    26     2     5    20     0     2    -6.0   24.381  120.564     20.5   1010.8    291.7    292.5      0.0     29.0     75.3     18.6      0.0
     3     1    26     2     5    20     0     2    -6.0   24.368  120.657    149.0    975.8    295.0    292.9      0.0     30.0     58.5    194.0      0.0
     4     1    26     2     5    20     0     2    -6.0   24.161  120.621    338.3    894.1    298.4    288.8      0.0     30.3     69.4    771.6      0.0
     5     1    26     2     5    20     0     2    -6.0   24.150  120.570    159.3    943.4    296.3    291.3      0.0     20.8     62.2    485.6      0.0
     6     1    26     2     5    20     0     2    -6.0   24.278  120.703    492.2    864.3    298.9    286.7      0.0     47.4     77.4    891.5      0.0
     7     1    26     2     5    20     0     2    -6.0   24.576  120.514      9.6   1014.1    291.3    292.4      0.0     33.4     83.1      0.0      0.0
     8     1    26     2     5    20     0     2    -6.0   24.673  120.588     28.0   1012.0    289.8    290.7      0.0     55.9     89.6      0.0      0.0
     9     1    26     2     5    20     0     2    -6.0   24.448  120.537     14.4   1013.3    292.8    293.9      0.0     21.1     69.4      3.4      0.0
    10     1    26     2     5    20     0     2    -6.0   24.372  120.631    326.8    991.7    293.8    293.1      0.0     20.8     62.0    128.2      0.0
    11     1    26     2     5    20     0     2    -6.0   24.381  120.564    270.3   1010.8    291.7    292.5      0.0     29.0     75.3     18.6      0.0
    12     1    26     2     5    20     0     2    -6.0   24.368  120.657    397.1    975.8    295.0    292.9      0.0     30.0     58.5    194.0      0.0
    13     1    26     2     5    20     0     2    -6.0   24.161  120.621    580.6    894.1    298.4    288.8      0.0     30.3     69.4    771.6      0.0
    14     1    26     2     5    20     0     2    -6.0   24.150  120.570    404.4    943.4    296.3    291.3      0.0     20.8     62.2    485.7      0.0
    15     1    26     2     5    20     0     2    -6.0   24.278  120.703    733.3    864.3    298.9    286.7      0.0     47.4     77.4    891.5      0.0
    16     1    26     2     5    20     0     2    -6.0   24.574  120.514    250.0   1014.1    291.3    292.5      0.0     33.0     83.0      0.0      0.0
    17     1    26     2     5    20     0     2    -6.0   24.677  120.596    264.2   1013.6    289.6    290.7      0.0     55.2     89.9      0.0      0.0
    18     1    26     2     5    20     0     2    -6.0   24.448  120.538    257.7   1013.8    292.8    293.9      0.0     21.1     69.2      3.5      0.0
    19     1    26     2     5    20     0     2    -6.0   24.226  120.483     31.6    980.8    294.9    293.3      0.0     21.7     63.6     21.9      0.0
    20     1    26     2     5    20     0     2    -6.0   24.104  120.368      0.0    990.5    294.0    293.2      0.0     20.8     69.6      6.5      0.0
    21     1    26     2     5    20     0     2    -6.0   24.363  120.564     15.2    974.1    295.3    293.1      0.0     28.1     61.4     92.2      0.0
    22     1    26     2     5    20     0     2    -6.0   24.088  120.574    370.5    888.2    298.5    288.4      0.0     36.7     72.8    543.5      0.0
    23     1    26     2     5    20     0     2    -6.0   24.047  120.516     21.6    945.6    296.8    292.1      0.0     20.8     61.8    350.0      0.0
    24     1    26     2     5    20     0     2    -6.0   24.280  120.667    317.0    868.2    298.9    287.0      0.0     45.8     76.3    788.7      0.0
    25     1    26     2     5    20     0     2    -6.0   24.295  120.339      0.0    991.9    293.6    292.9      0.0     23.3     76.6      0.0      0.0
    26     1    26     2     5    20     0     2    -6.0   24.220  120.267      0.0    991.5    293.0    292.3      0.0     38.3     81.2      0.0      0.0
    27     1    26     2     5    20     0     2    -6.0   24.310  120.409      0.0    990.4    294.0    293.2      0.0     20.8     72.3      0.0      0.0
     1     1    26     2     5    19     0     1    -7.0   24.314  120.629    112.3    985.7    294.5    293.3      0.0     21.0     60.5    147.9      0.0
     2     1    26     2     5    19     0     1    -7.0   24.332  120.479     21.6   1012.8    292.0    293.0      0.0     24.8     74.2      0.0      0.0
     3     1    26     2     5    19     0     1    -7.0   24.330  120.698    222.2    963.1    295.8    292.7      0.0     29.7     59.1    234.1      0.0
     4     1    26     2     5    19     0     1    -7.0   24.120  120.621    411.0    890.5    298.6    288.7      0.0     31.9     68.1    730.5      0.0
     5     1    26     2     5    19     0     1    -7.0   24.090  120.557    191.8    939.6    296.8    291.4      0.0     21.0     61.6    489.5      0.0
     6     1    26     2     5    19     0     1    -7.0   24.276  120.690    562.1    861.6    299.2    286.7      0.0     45.1     74.5    848.9      0.0
     7     1    26     2     5    19     0     1    -7.0   24.540  120.428      9.6   1014.1    291.6    292.7      0.0     27.4     81.4      0.0      0.0
     8     1    26     2     5    19     0     1    -7.0   24.707  120.500     24.4   1012.4    289.9    290.9      0.0     42.4     89.2      0.0      0.0
     9     1    26     2     5    19     0     1    -7.0   24.383  120.525     16.4   1013.1    292.9    294.0      0.0     22.0     68.6      2.3      0.0
    10     1    26     2     5    19     0     1    -7.0   24.314  120.629    360.8    985.7    294.5    293.3      0.0     21.0     60.5    147.9      0.0
    11     1    26     2     5    19     0     1    -7.0   24.332  120.479    271.6   1012.8    292.0    293.0      0.0     24.8     74.2      0.0      0.0
    12     1    26     2     5    19     0     1    -7.0   24.330  120.698    469.9    963.1    295.8    292.7      0.0     29.7     59.1    234.1      0.0
    13     1    26     2     5    19     0     1    -7.0   24.120  120.621    653.7    890.5    298.6    288.7      0.0     31.9     68.1    730.5      0.0
    14     1    26     2     5    19     0     1    -7.0   24.090  120.557    436.9    939.6    296.8    291.4      0.0     21.0     61.6    489.5      0.0
    15     1    26     2     5    19     0     1    -7.0   24.276  120.690    803.7    861.6    299.2    286.7      0.0     45.1     74.5    848.9      0.0
    16     1    26     2     5    19     0     1    -7.0   24.537  120.429    250.0   1014.1    291.6    292.7      0.0     27.2     81.3      0.0      0.0
    17     1    26     2     5    19     0     1    -7.0   24.715  120.512    264.3   1013.6    289.7    290.8      0.0     41.8     89.5      0.0      0.0
    18     1    26     2     5    19     0     1    -7.0   24.383  120.526    259.7   1013.8    292.9    294.0      0.0     22.0     68.5      2.5      0.0
    19     1    26     2     5    19     0     1    -7.0   24.149  120.475     32.8    980.2    295.0    293.3      0.0     28.7     63.4     21.1      0.0
    20     1    26     2     5    19     0     1    -7.0   24.007  120.315      0.0    988.4    294.3    293.3      0.0     21.0     69.3      5.9      0.0
    21     1    26     2     5    19     0     1    -7.0   24.308  120.583     41.8    968.8    295.6    292.9      0.0     34.6     61.6    110.6      0.0
    22     1    26     2     5    19     0     1    -7.0   24.043  120.566    405.4    889.9    298.5    288.6      0.0     34.5     71.1    488.8      0.0
    23     1    26     2     5    19     0     1    -7.0   23.984  120.513     53.1    940.2    297.2    292.0      0.0     21.7     61.6    366.8      0.0
    24     1    26     2     5    19     0     1    -7.0   24.269  120.653    363.9    869.1    299.0    287.2      0.0     42.9     73.7    731.3      0.0
    25     1    26     2     5    19     0     1    -7.0   24.204  120.260      0.0    990.7    293.8    293.0      0.0     21.0     75.7      0.0      0.0
    26     1    26     2     5    19     0     1    -7.0   24.140  120.159      0.0    990.5    293.5    292.7      0.0     29.1     78.4      0.0      0.0
    27     1    26     2     5    19     0     1    -7.0   24.227  120.382      0.0    988.8    294.2    293.3      0.0     24.3     71.8      0.0      0.0
     1     1    26     2     5    18     0     0    -8.0   24.246  120.638    151.0    977.4    295.2    293.2      0.0     21.4     60.1    181.6      0.0
     2     1    26     2     5    18     0     0    -8.0   24.245  120.401     24.0   1012.5    292.3    293.4      0.0     21.2     72.0      0.3      0.0
     3     1    26     2     5    18     0     0    -8.0   24.294  120.740    300.1    950.0    296.5    292.2      0.0     22.2     60.9    274.6      0.0
     4     1    26     2     5    18     0     0    -8.0   24.086  120.619    480.2    887.0    298.8    288.6      0.0     31.1     66.8    692.1      0.0
     5     1    26     2     5    18     0     0    -8.0   24.030  120.551    235.8    931.9    297.4    291.3      0.0     21.2     61.0    516.4      0.0
     6     1    26     2     5    18     0     0    -8.0   24.268  120.668    603.1    865.0    299.3    287.1      0.0     41.2     71.3    775.0      0.0
     7     1    26     2     5    18     0     0    -8.0   24.458  120.356      9.6   1014.1    292.0    293.2      0.0     21.2     78.7      0.0      0.0
     8     1    26     2     5    18     0     0    -8.0   24.722  120.402     16.5   1013.3    289.7    290.8      0.0     32.3     90.7      0.0      0.0
     9     1    26     2     5    18     0     0    -8.0   24.314  120.531     18.1   1012.7    293.0    294.1      0.0     24.1     67.6      2.9      0.0
    10     1    26     2     5    18     0     0    -8.0   24.246  120.638    399.2    977.4    295.2    293.2      0.0     21.4     60.1    181.6      0.0
    11     1    26     2     5    18     0     0    -8.0   24.245  120.401    274.0   1012.5    292.3    293.4      0.0     21.2     72.0      0.3      0.0
    12     1    26     2     5    18     0     0    -8.0   24.294  120.740    547.4    950.0    296.5    292.2      0.0     22.2     60.9    274.6      0.0
    13     1    26     2     5    18     0     0    -8.0   24.086  120.619    723.3    887.0    298.8    288.6      0.0     31.1     66.8    692.2      0.0
    14     1    26     2     5    18     0     0    -8.0   24.030  120.551    480.6    931.9    297.4    291.3      0.0     21.2     61.0    516.4      0.0
    15     1    26     2     5    18     0     0    -8.0   24.268  120.668    845.3    865.0    299.3    287.1      0.0     41.2     71.3    775.0      0.0
    16     1    26     2     5    18     0     0    -8.0   24.455  120.356    250.1   1014.1    292.0    293.2      0.0     21.2     78.6      0.0      0.0
    17     1    26     2     5    18     0     0    -8.0   24.733  120.415    259.9   1014.1    289.6    290.8      0.0     31.3     91.0      0.0      0.0
    18     1    26     2     5    18     0     0    -8.0   24.315  120.532    261.5   1013.5    293.0    294.1      0.0     24.2     67.6      3.0      0.0
    19     1    26     2     5    18     0     0    -8.0   24.074  120.481     54.2    977.2    295.2    293.3      0.0     42.0     63.2     21.6      0.0
    20     1    26     2     5    18     0     0    -8.0   23.901  120.285      0.0    986.4    294.5    293.3      0.0     23.0     68.5      3.3      0.0
    21     1    26     2     5    18     0     0    -8.0   24.258  120.610     86.6    960.8    296.0    292.6      0.0     38.5     62.4    136.6      0.0
    22     1    26     2     5    18     0     0    -8.0   24.004  120.560    418.6    892.2    298.5    288.9      0.0     28.7     69.6    451.1      0.0
    23     1    26     2     5    18     0     0    -8.0   23.923  120.520     99.9    933.5    297.4    291.5      0.0     22.0     62.2    382.3      0.0
    24     1    26     2     5    18     0     0    -8.0   24.254  120.635    387.8    873.4    299.0    287.6      0.0     38.2     71.1    664.7      0.0
    25     1    26     2     5    18     0     0    -8.0   24.096  120.193      0.0    989.6    294.1    293.2      0.0     25.7     74.7      0.0      0.0
    26     1    26     2     5    18     0     0    -8.0   24.035  120.055      0.0    989.7    293.9    293.1      0.0     21.2     76.2      0.0      0.0
    27     1    26     2     5    18     0     0    -8.0   24.137  120.369      0.0    988.1    294.4    293.4      0.0     35.7     70.9      0.0      0.0
     1     1    26     2     5    17     0     1    -9.0   24.180  120.658    205.0    969.5    295.5    292.9      0.0     28.5     61.0    199.3      0.0
     2     1    26     2     5    17     0     1    -9.0   24.136  120.351     29.1   1011.7    292.5    293.4      0.0     26.7     70.7      4.3      0.0
     3     1    26     2     5    17     0     1    -9.0   24.262  120.780    380.1    931.4    297.1    291.1      0.0     23.3     64.3    367.8      0.0
     4     1    26     2     5    17     0     1    -9.0   24.054  120.614    540.7    885.3    298.7    288.4      0.0     29.2     68.9    648.0      0.0
     5     1    26     2     5    17     0     1    -9.0   23.969  120.551    287.4    925.6    297.5    290.9      0.0     28.3     62.6    525.9      0.0
     6     1    26     2     5    17     0     1    -9.0   24.252  120.647    631.0    870.5    299.1    287.4      0.0     32.9     72.5    696.5      0.0
     7     1    26     2     5    17     0     1    -9.0   24.349  120.305      9.7   1014.6    292.2    293.4      0.0     31.0     77.5      0.0      0.0
     8     1    26     2     5    17     0     1    -9.0   24.730  120.318     12.0   1013.9    289.5    290.6      0.0     38.2     91.7      0.0      0.0
     9     1    26     2     5    17     0     1    -9.0   24.253  120.550     22.1   1012.6    293.0    294.0      0.0     26.8     66.5      4.7      0.0
    10     1    26     2     5    17     0     1    -9.0   24.180  120.658    453.0    969.5    295.5    292.9      0.0     28.5     61.0    199.3      0.0
    11     1    26     2     5    17     0     1    -9.0   24.136  120.351    279.1   1011.7    292.5    293.4      0.0     26.7     70.7      4.3      0.0
    12     1    26     2     5    17     0     1    -9.0   24.262  120.780    626.5    931.4    297.1    291.1      0.0     23.3     64.3    367.8      0.0
    13     1    26     2     5    17     0     1    -9.0   24.054  120.614    784.2    885.3    298.7    288.4      0.0     29.2     68.9    648.0      0.0
    14     1    26     2     5    17     0     1    -9.0   23.969  120.551    532.1    925.6    297.5    290.9      0.0     28.3     62.6    525.9      0.0
    15     1    26     2     5    17     0     1    -9.0   24.252  120.647    874.0    870.5    299.1    287.4      0.0     32.9     72.5    696.5      0.0
    16     1    26     2     5    17     0     1    -9.0   24.345  120.306    250.1   1014.6    292.2    293.4      0.0     31.0     77.5      0.0      0.0
    17     1    26     2     5    17     0     1    -9.0   24.744  120.331    256.5   1014.2    289.4    290.6      0.0     38.1     91.9      0.0      0.0
    18     1    26     2     5    17     0     1    -9.0   24.255  120.551    265.1   1013.4    292.9    294.0      0.0     27.0     66.5      4.8      0.0
    19     1    26     2     5    17     0     1    -9.0   24.009  120.497     94.7    972.6    295.4    293.0      0.0     50.8     63.1     23.1      0.0
    20     1    26     2     5    17     0     1    -9.0   23.801  120.272      9.2    985.7    294.5    293.3      0.0     24.6     67.7      2.1      0.0
    21     1    26     2     5    17     0     1    -9.0   24.216  120.640    144.1    948.8    296.4    292.0      0.0     33.2     63.8    192.8      0.0
    22     1    26     2     5    17     0     1    -9.0   23.968  120.555    436.4    887.5    298.7    288.6      0.0     24.5     70.3    481.2      0.0
    23     1    26     2     5    17     0     1    -9.0   23.868  120.534    156.9    924.1    297.5    290.8      0.0     26.3     64.5    417.2      0.0
    24     1    26     2     5    17     0     1    -9.0   24.234  120.620    407.2    874.1    299.1    287.7      0.0     29.9     71.5    642.5      0.0
    25     1    26     2     5    17     0     1    -9.0   23.979  120.139      0.0    988.7    294.2    293.3      0.0     43.6     73.8      0.0      0.0
    26     1    26     2     5    17     0     1    -9.0   23.916  119.959      0.0    988.7    294.2    293.2      0.0     39.3     75.4      0.0      0.0
    27     1    26     2     5    17     0     1    -9.0   24.047  120.367      0.0    987.5    294.5    293.4      0.0     52.0     70.0      0.0      0.0
     1     1    26     2     5    16     0     2   -10.0   24.122  120.682    272.1    959.7    295.9    292.4      0.0     31.6     62.6    221.0      0.0
     2     1    26     2     5    16     0     2   -10.0   24.023  120.334     37.5   1011.2    292.6    293.6      0.0     33.7     68.5      7.1      0.0
     3     1    26     2     5    16     0     2   -10.0   24.233  120.809    462.0    912.1    297.7    289.9      0.0     21.9     67.7    469.6      0.0
     4     1    26     2     5    16     0     2   -10.0   24.021  120.607    595.9    884.7    298.7    288.3      0.0     24.8     71.0    599.1      0.0
     5     1    26     2     5    16     0     2   -10.0   23.911  120.558    346.0    919.6    297.5    290.4      0.0     31.0     64.9    525.7      0.0
     6     1    26     2     5    16     0     2   -10.0   24.227  120.628    659.2    869.9    299.2    287.5      0.0     24.5     72.2    678.3      0.0
     7     1    26     2     5    16     0     2   -10.0   24.231  120.277      9.9   1015.6    292.3    293.6      0.0     40.7     76.2      0.0      0.0
     8     1    26     2     5    16     0     2   -10.0   24.710  120.259     11.2   1014.1    289.7    290.9      0.0     32.2     90.9      0.0      0.0
     9     1    26     2     5    16     0     2   -10.0   24.201  120.572     31.5   1011.5    293.0    293.9      0.0     32.6     65.4      8.6      0.0
    10     1    26     2     5    16     0     2   -10.0   24.122  120.682    519.9    959.7    295.9    292.4      0.0     31.6     62.6    221.0      0.0
    11     1    26     2     5    16     0     2   -10.0   24.023  120.334    287.4   1011.2    292.6    293.6      0.0     33.7     68.5      7.1      0.0
    12     1    26     2     5    16     0     2   -10.0   24.233  120.809    707.3    912.1    297.7    289.9      0.0     21.9     67.7    469.6      0.0
    13     1    26     2     5    16     0     2   -10.0   24.021  120.607    840.0    884.7    298.7    288.3      0.0     24.8     71.0    599.1      0.0
    14     1    26     2     5    16     0     2   -10.0   23.911  120.558    590.8    919.6    297.5    290.4      0.0     31.0     64.9    525.7      0.0
    15     1    26     2     5    16     0     2   -10.0   24.227  120.628    902.4    869.9    299.2    287.5      0.0     24.5     72.2    678.3      0.0
    16     1    26     2     5    16     0     2   -10.0   24.228  120.279    250.4   1015.6    292.3    293.6      0.0     40.7     76.2      0.0      0.0
    17     1    26     2     5    16     0     2   -10.0   24.727  120.272    255.6   1014.2    289.6    290.8      0.0     32.1     91.1      0.0      0.0
    18     1    26     2     5    16     0     2   -10.0   24.204  120.574    273.2   1012.4    292.9    294.0      0.0     32.5     65.4      8.6      0.0
    19     1    26     2     5    16     0     2   -10.0   23.959  120.518    150.8    963.8    295.7    292.5      0.0     47.6     63.8     50.9      0.0
    20     1    26     2     5    16     0     2   -10.0   23.712  120.265     27.8    984.2    294.7    293.3      0.0     25.9     67.3      1.7      0.0
    21     1    26     2     5    16     0     2   -10.0   24.178  120.666    213.9    934.4    296.9    291.2      0.0     29.3     65.8    258.0      0.0
    22     1    26     2     5    16     0     2   -10.0   23.928  120.545    478.4    880.6    298.9    288.2      0.0     20.9     70.8    507.1      0.0
    23     1    26     2     5    16     0     2   -10.0   23.820  120.549    228.8    913.4    297.7    290.1      0.0     25.9     66.9    448.2      0.0
    24     1    26     2     5    16     0     2   -10.0   24.205  120.602    436.8    871.7    299.3    287.6      0.0     23.1     71.1    639.8      0.0
    25     1    26     2     5    16     0     2   -10.0   23.864  120.099      1.2    986.9    294.4    293.3      0.0     71.7     73.1      0.0      0.0
    26     1    26     2     5    16     0     2   -10.0   23.788  119.879      0.0    987.1    294.4    293.3      0.0     46.3     74.8      0.0      0.0
    27     1    26     2     5    16     0     2   -10.0   23.969  120.368     12.3    985.8    294.6    293.4      0.0     63.5     69.3      0.0      0.0
     1     1    26     2     5    15     0     3   -11.0   24.069  120.711    356.2    947.7    296.3    291.8      0.0     29.8     64.4    246.5      0.0
     2     1    26     2     5    15     0     3   -11.0   23.918  120.336     50.1   1010.2    292.8    293.6      0.0     36.5     66.5      8.1      0.0
     3     1    26     2     5    15     0     3   -11.0   24.203  120.823    545.6    894.6    298.3    288.9      0.0     18.7     70.3    554.9      0.0
     4     1    26     2     5    15     0     3   -11.0   23.983  120.598    656.4    880.3    298.8    288.1      0.0     18.7     72.2    581.9      0.0
     5     1    26     2     5    15     0     3   -11.0   23.857  120.569    414.4    911.3    297.7    289.8      0.0     28.7     67.2    535.9      0.0
     6     1    26     2     5    15     0     3   -11.0   24.192  120.606    699.2    866.9    299.5    287.4      0.0     18.7     71.1    670.3      0.0
     7     1    26     2     5    15     0     3   -11.0   24.114  120.268     11.3   1016.1    292.3    293.6      0.0     49.5     74.3      0.0      0.0
     8     1    26     2     5    15     0     3   -11.0   24.637  120.216     10.8   1014.2    290.3    291.4      0.0     33.2     88.4      0.0      0.0
     9     1    26     2     5    15     0     3   -11.0   24.159  120.592     45.7   1009.7    293.1    294.0      0.0     37.8     64.2     12.9      0.0
    10     1    26     2     5    15     0     3   -11.0   24.069  120.711    603.7    947.7    296.3    291.8      0.0     29.8     64.4    246.5      0.0
    11     1    26     2     5    15     0     3   -11.0   23.918  120.336    300.0   1010.2    292.8    293.6      0.0     36.5     66.5      8.1      0.0
    12     1    26     2     5    15     0     3   -11.0   24.203  120.823    790.0    894.6    298.3    288.9      0.0     18.7     70.3    554.9      0.0
    13     1    26     2     5    15     0     3   -11.0   23.983  120.598    900.6    880.3    298.8    288.1      0.0     18.7     72.2    581.9      0.0
    14     1    26     2     5    15     0     3   -11.0   23.857  120.569    659.0    911.3    297.7    289.8      0.0     28.7     67.2    535.9      0.0
    15     1    26     2     5    15     0     3   -11.0   24.192  120.606    942.5    866.9    299.5    287.4      0.0     18.7     71.1    670.3      0.0
    16     1    26     2     5    15     0     3   -11.0   24.111  120.269    251.8   1016.3    292.3    293.6      0.0     49.4     74.2      0.0      0.0
    17     1    26     2     5    15     0     3   -11.0   24.658  120.230    255.3   1014.3    290.2    291.4      0.0     30.5     88.7      0.0      0.0
    18     1    26     2     5    15     0     3   -11.0   24.163  120.593    286.6   1010.7    293.1    294.0      0.0     37.7     64.2     12.9      0.0
    19     1    26     2     5    15     0     3   -11.0   23.919  120.543    217.7    952.3    296.1    291.9      0.0     45.3     65.1     93.6      0.0
    20     1    26     2     5    15     0     3   -11.0   23.633  120.258     57.2    980.9    294.8    293.2      0.0     34.3     67.5      1.2      0.0
    21     1    26     2     5    15     0     3   -11.0   24.142  120.687    302.9    918.2    297.5    290.3      0.0     26.9     68.2    321.5      0.0
    22     1    26     2     5    15     0     3   -11.0   23.883  120.525    550.8    872.8    299.3    287.8      0.0     18.7     71.2    509.1      0.0
    23     1    26     2     5    15     0     3   -11.0   23.775  120.560    313.7    903.0    298.0    289.4      0.0     21.2     69.6    461.4      0.0
    24     1    26     2     5    15     0     3   -11.0   24.167  120.581    484.9    867.5    299.5    287.5      0.0     18.7     70.4    633.4      0.0
    25     1    26     2     5    15     0     3   -11.0   23.758  120.072     23.0    984.5    294.6    293.3      0.0    103.7     72.1      0.0      0.0
    26     1    26     2     5    15     0     3   -11.0   23.658  119.817     14.2    984.9    294.6    293.3      0.0     65.7     74.5      0.0      0.0
    27     1    26     2     5    15     0     3   -11.0   23.904  120.370     45.5    982.4    294.7    293.2      0.0     67.4     69.5      0.0      0.0
     1     1    26     2     5    14     0     2   -12.0   24.024  120.738    453.2    934.2    296.8    291.1      0.0     24.1     66.5    269.9     72.6
     2     1    26     2     5    14     0     2   -12.0   23.841  120.341     62.7   1008.2    292.9    293.6      0.0     44.3     66.3      8.6     56.2
     3     1    26     2     5    14     0     2   -12.0   24.171  120.823    623.6    881.5    298.8    288.1      0.0     18.0     72.2    603.2     74.0
     4     1    26     2     5    14     0     2   -12.0   23.945  120.582    717.4    872.6    299.2    287.7      0.0     18.7     72.5    595.7     73.9
     5     1    26     2     5    14     0     2   -12.0   23.813  120.577    480.9    904.1    297.8    289.3      0.0     27.8     69.8    535.0     73.5
     6     1    26     2     5    14     0     2   -12.0   24.156  120.583    753.6    862.7    299.7    287.2      0.0     18.1     71.8    656.4     74.2
     7     1    26     2     5    14     0     2   -12.0   24.016  120.258     14.5   1015.2    292.3    293.6      0.0     57.4     73.4      0.0     48.2
     8     1    26     2     5    14     0     2   -12.0   24.511  120.176      9.3   1014.4    290.7    291.9      0.0     57.7     85.6      0.0     62.1
     9     1    26     2     5    14     0     2   -12.0   24.132  120.604     58.6   1007.4    293.3    293.9      0.0     70.5     64.0     16.0     66.6
    10     1    26     2     5    14     0     2   -12.0   24.024  120.738    700.5    934.2    296.8    291.1      0.0     24.1     66.5    269.9     72.6
    11     1    26     2     5    14     0     2   -12.0   23.841  120.341    312.6   1008.2    292.9    293.6      0.0     44.3     66.3      8.6     56.2
    12     1    26     2     5    14     0     2   -12.0   24.171  120.823    867.5    881.5    298.8    288.1      0.0     18.0     72.2    603.2     74.0
    13     1    26     2     5    14     0     2   -12.0   23.945  120.582    961.4    872.6    299.2    287.7      0.0     18.7     72.5    595.7     73.9
    14     1    26     2     5    14     0     2   -12.0   23.813  120.577    725.6    904.1    297.8    289.3      0.0     27.8     69.8    535.0     73.5
    15     1    26     2     5    14     0     2   -12.0   24.156  120.583    997.0    862.7    299.7    287.2      0.0     18.1     71.8    656.4     74.2
    16     1    26     2     5    14     0     2   -12.0   24.014  120.260    254.2   1015.7    292.3    293.6      0.0     57.2     73.4      0.0     48.3
    17     1    26     2     5    14     0     2   -12.0   24.536  120.192    254.1   1014.4    290.7    291.9      0.0     54.5     85.8      0.0     62.4
    18     1    26     2     5    14     0     2   -12.0   24.136  120.605    299.6   1008.4    293.3    294.0      0.0     70.1     64.0     16.0     66.4
    19     1    26     2     5    14     0     2   -12.0   23.886  120.564    276.3    940.9    296.5    291.3      0.0     75.4     67.2    137.6     73.9
    20     1    26     2     5    14     0     2   -12.0   23.569  120.247     87.3    977.1    294.9    293.0      0.0     66.0     67.7      0.0     66.7
    21     1    26     2     5    14     0     2   -12.0   24.106  120.698    395.7    902.5    297.9    289.3      0.0     32.6     71.3    376.8     74.2
    22     1    26     2     5    14     0     2   -12.0   23.834  120.499    647.4    864.5    299.3    287.1      0.0     16.1     74.7    489.4     74.4
    23     1    26     2     5    14     0     2   -12.0   23.736  120.563    396.2    892.6    298.3    288.7      0.0     18.5     72.2    477.3     73.4
    24     1    26     2     5    14     0     2   -12.0   24.128  120.557    552.9    862.0    299.7    287.2      0.0     17.1     71.6    617.5     74.3
    25     1    26     2     5    14     0     2   -12.0   23.666  120.042     58.6    980.2    294.8    293.1      0.0    109.4     72.6      0.0     73.8
    26     1    26     2     5    14     0     2   -12.0   23.542  119.756     44.5    981.6    294.8    293.2      0.0     77.5     74.6      0.0     73.1
    27     1    26     2     5    14     0     2   -12.0   23.848  120.365     89.0    977.2    294.9    292.9      0.0    101.6     70.2      0.0     72.0