    10     1
    GFSQ    26     1     1     0     0
    GFSQ    26     1     2     0     0
    GFSQ    26     1     3     0     0
    GFSQ    26     1     4     0     0
    GFSQ    26     1     5     0     0
    GFSQ    26     1     6     0     0
    GFSQ    26     1     7     0     0
    GFSQ    26     1     8     0     0
    GFSQ    26     1     9     0     0
    GFSQ    26     1    10     0     0
    27 BACKWARD OMEGA   
    26     1     9    21   22.711  120.310    10.0
    26     1     9    21   22.711  120.310    10.0
    26     1     9    21   22.711  120.310    10.0
    26     1     9    21   22.711  120.310    10.0
    26     1     9    21   22.711  120.310    10.0
    26     1     9    21   22.711  120.310    10.0
    26     1     9    21   22.711  120.310    10.0
    26     1     9    21   22.711  120.310    10.0
    26     1     9    21   22.711  120.310    10.0
    26     1     9    21   22.711  120.310    10.0
    26     1     9    21   22.711  120.310    10.0
    26     1     9    21   22.711  120.310    10.0
    26     1     9    21   22.711  120.310    10.0
    26     1     9    21   22.711  120.310    10.0
    26     1     9    21   22.711  120.310    10.0
    26     1     9    21   22.711  120.310    10.0
    26     1     9    21   22.711  120.310    10.0
    26     1     9    21   22.711  120.310    10.0
    26     1     9    21   22.711  120.310    10.0
    26     1     9    21   22.711  120.310    10.0
    26     1     9    21   22.711  120.310    10.0
    26     1     9    21   22.711  120.310    10.0
    26     1     9    21   22.711  120.310    10.0
    26     1     9    21   22.711  120.310    10.0
    26     1     9    21   22.711  120.310    10.0
    26     1     9    21   22.711  120.310    10.0
    26     1     9    21   22.711  120.310    10.0
     8 PRESSURE THETA    AIR_TEMP RAINFALL MIXDEPTH RELHUMID TERR_MSL SUN_FLUX
     1     1    26     1     9    21     0     3     0.0   22.711  120.310     10.0   1013.5    287.1    288.2      0.0    178.6     59.1     34.8      0.0
     2     1    26     1     9    21     0     3     0.0   22.711  120.310     10.0   1011.7    286.0    287.0      0.0    121.2     61.0     51.7      0.0
     3     1    26     1     9    21     0     3     0.0   22.711  120.310     10.0   1014.9    288.8    290.1      0.0    346.8     60.3     11.2      0.0
     4     1    26     1     9    21     0     3     0.0   22.711  120.310     10.0    983.0    288.4    286.9      0.0     71.2     62.1    288.6      0.0
     5     1    26     1     9    21     0     3     0.0   22.711  120.310     10.0    972.1    288.0    285.6      0.0     25.1     66.6    381.9      0.0
     6     1    26     1     9    21     0     3     0.0   22.711  120.310     10.0    994.8    288.9    288.4      0.0    154.6     63.3    194.3      0.0
     7     1    26     1     9    21     0     3     0.0   22.711  120.310     10.0   1017.2    288.4    289.8      0.0    464.2     59.4      4.7      0.0
     8     1    26     1     9    21     0     3     0.0   22.711  120.310     10.0   1017.2    287.8    289.2      0.0    418.7     59.8      5.6      0.0
     9     1    26     1     9    21     0     3     0.0   22.711  120.310     10.0   1017.0    289.2    290.6      0.0    579.1     61.6      0.0      0.0
    10     1    26     1     9    21     0     3     0.0   22.711  120.310     10.0   1013.5    287.1    288.2      0.0    178.6     59.1     34.8      0.0
    11     1    26     1     9    21     0     3     0.0   22.711  120.310     10.0   1011.7    286.0    287.0      0.0    121.2     61.0     51.7      0.0
    12     1    26     1     9    21     0     3     0.0   22.711  120.310     10.0   1014.9    288.8    290.1      0.0    346.8     60.3     11.2      0.0
    13     1    26     1     9    21     0     3     0.0   22.711  120.310     10.0    983.1    288.4    286.9      0.0     71.2     62.1    288.6      0.0
    14     1    26     1     9    21     0     3     0.0   22.711  120.310     10.0    972.1    288.0    285.6      0.0     25.1     66.7    381.9      0.0
    15     1    26     1     9    21     0     3     0.0   22.711  120.310     10.0    994.8    288.9    288.4      0.0    154.6     63.3    194.3      0.0
    16     1    26     1     9    21     0     3     0.0   22.711  120.310     10.0   1017.2    288.4    289.8      0.0    464.2     59.4      4.7      0.0
    17     1    26     1     9    21     0     3     0.0   22.711  120.310     10.0   1017.2    287.8    289.2      0.0    418.7     59.8      5.6      0.0
    18     1    26     1     9    21     0     3     0.0   22.711  120.310     10.0   1017.0    289.2    290.6      0.0    579.1     61.6      0.0      0.0
    19     1    26     1     9    21     0     3     0.0   22.711  120.310     10.0    984.0    288.8    287.5      0.0    178.6     61.7     34.8      0.0
    20     1    26     1     9    21     0     3     0.0   22.711  120.310     10.0    982.2    288.9    287.4      0.0    121.2     57.0     51.7      0.0
    21     1    26     1     9    21     0     3     0.0   22.711  120.310     10.0    985.5    289.1    287.9      0.0    346.8     67.6     11.2      0.0
    22     1    26     1     9    21     0     3     0.0   22.711  120.310     10.0    954.6    290.7    286.8      0.0     71.2     61.9    288.6      0.0
    23     1    26     1     9    21     0     3     0.0   22.711  120.310     10.0    944.1    291.4    286.5      0.0     25.1     60.4    381.9      0.0
    24     1    26     1     9    21     0     3     0.0   22.711  120.310     10.0    966.1    290.0    287.1      0.0    154.6     68.2    194.3      0.0
    25     1    26     1     9    21     0     3     0.0   22.711  120.310     10.0    987.7    288.6    287.6      0.0    464.2     65.0      4.7      0.0
    26     1    26     1     9    21     0     3     0.0   22.711  120.310     10.0    987.6    288.3    287.3      0.0    418.7     63.3      5.6      0.0
    27     1    26     1     9    21     0     3     0.0   22.711  120.310     10.0    987.5    289.1    288.1      0.0    579.1     69.1      0.0      0.0
     1     1    26     1     9    20     0     2    -1.0   22.795  120.338     30.1   1009.6    286.9    287.7      0.0    143.0     59.1     50.0      0.0
     2     1    26     1     9    20     0     2    -1.0   22.790  120.339     35.1   1005.5    286.3    286.8      0.0    110.5     61.1     77.9      0.0
     3     1    26     1     9    20     0     2    -1.0   22.785  120.339     29.5   1012.1    288.5    289.5      0.0    275.6     59.4     23.4      0.0
     4     1    26     1     9    20     0     2    -1.0   22.753  120.333    111.0    960.4    290.1    286.7      0.0     59.9     59.7    385.7      0.0
     5     1    26     1     9    20     0     2    -1.0   22.759  120.328    112.4    950.4    290.6    286.2      0.0     17.7     61.3    475.0      0.0
     6     1    26     1     9    20     0     2    -1.0   22.745  120.354    103.9    968.5    289.9    287.2      0.0     96.2     65.0    329.7      0.0
     7     1    26     1     9    20     0     2    -1.0   22.852  120.362     10.0   1017.0    287.6    289.0      0.0    382.0     58.8     10.4      0.0
     8     1    26     1     9    20     0     2    -1.0   22.855  120.372     10.0   1016.9    287.1    288.4      0.0    368.0     60.0     11.4      0.0
     9     1    26     1     9    20     0     2    -1.0   22.831  120.351     10.0   1017.2    288.7    290.1      0.0    491.8     59.7      3.1      0.0
    10     1    26     1     9    20     0     2    -1.0   22.792  120.337    269.6   1010.9    286.9    287.8      0.0    144.0     59.1     49.4      0.0
    11     1    26     1     9    20     0     2    -1.0   22.786  120.337    275.3   1006.7    286.2    286.8      0.0    110.8     61.3     76.1      0.0
    12     1    26     1     9    20     0     2    -1.0   22.784  120.340    269.3   1013.3    288.5    289.6      0.0    275.4     59.2     23.5      0.0
    13     1    26     1     9    20     0     2    -1.0   22.753  120.333    353.3    960.6    290.1    286.7      0.0     59.8     59.7    387.5      0.0
    14     1    26     1     9    20     0     2    -1.0   22.758  120.329    354.0    950.2    290.5    286.2      0.0     17.7     61.4    479.7      0.0
    15     1    26     1     9    20     0     2    -1.0   22.745  120.354    342.8    969.4    289.9    287.2      0.0     96.2     64.9    329.4      0.0
    16     1    26     1     9    20     0     2    -1.0   22.852  120.362    249.9   1017.0    287.6    289.0      0.0    382.0     58.8     10.4      0.0
    17     1    26     1     9    20     0     2    -1.0   22.855  120.372    249.9   1016.9    287.1    288.4      0.0    368.0     60.0     11.4      0.0
    18     1    26     1     9    20     0     2    -1.0   22.831  120.351    250.0   1017.2    288.7    290.1      0.0    491.8     59.7      3.1      0.0
    19     1    26     1     9    20     0     2    -1.0   22.792  120.348     10.5    982.1    288.9    287.4      0.0    139.0     60.2     52.8      0.0
    20     1    26     1     9    20     0     2    -1.0   22.823  120.352     32.1    974.7    289.2    287.1      0.0    105.4     57.7     94.6      0.0
    21     1    26     1     9    20     0     2    -1.0   22.774  120.340      0.0    986.4    289.1    287.9      0.0    281.4     65.2     22.4      0.0
    22     1    26     1     9    20     0     2    -1.0   22.757  120.316      8.7    950.7    290.9    286.7      0.0     63.6     61.0    325.4      0.0
    23     1    26     1     9    20     0     2    -1.0   22.763  120.313     42.2    936.8    291.7    286.2      0.0     17.7     60.5    418.7      0.0
    24     1    26     1     9    20     0     2    -1.0   22.740  120.348     61.6    947.5    290.9    286.4      0.0    104.7     69.6    310.1      0.0
    25     1    26     1     9    20     0     2    -1.0   22.852  120.361     23.5    985.8    288.5    287.3      0.0    382.2     62.4     10.4      0.0
    26     1    26     1     9    20     0     2    -1.0   22.886  120.377     15.6    986.6    288.2    287.1      0.0    365.2     61.7     11.9      0.0
    27     1    26     1     9    20     0     2    -1.0   22.826  120.346      1.6    988.7    288.9    287.9      0.0    500.2     66.2      2.7      0.0
     1     1    26     1     9    19     0     1    -2.0   22.880  120.360     55.8   1004.4    287.1    287.4      0.0    123.4     59.4     66.3      0.0
     2     1    26     1     9    19     0     1    -2.0   22.878  120.371     74.3    995.7    287.1    286.7      0.0    102.9     60.6    125.4      0.0
     3     1    26     1     9    19     0     1    -2.0   22.863  120.352     52.8   1008.7    288.3    289.0      0.0    232.3     58.8     34.7      0.0
     4     1    26     1     9    19     0     1    -2.0   22.796  120.339    151.6    951.7    290.7    286.5      0.0     51.5     60.0    424.7      0.0
     5     1    26     1     9    19     0     1    -2.0   22.804  120.331    146.3    943.1    291.0    286.0      0.0     17.7     60.8    512.2      0.0
     6     1    26     1     9    19     0     1    -2.0   22.779  120.377    170.5    951.4    290.7    286.5      0.0     77.0     66.4    415.1      0.0
     7     1    26     1     9    19     0     1    -2.0   22.980  120.403     10.0   1016.5    287.0    288.3      0.0    322.4     58.8     14.4      0.0
     8     1    26     1     9    19     0     1    -2.0   22.982  120.425     10.0   1017.2    286.5    287.9      0.0    324.2     59.5     16.4      0.0
     9     1    26     1     9    19     0     1    -2.0   22.953  120.378     10.0   1017.4    288.1    289.5      0.0    414.7     58.1      9.8      0.0
    10     1    26     1     9    19     0     1    -2.0   22.875  120.358    295.7   1005.7    287.0    287.4      0.0    125.3     59.4     65.0      0.0
    11     1    26     1     9    19     0     1    -2.0   22.870  120.369    313.8    997.2    286.9    286.7      0.0    103.7     60.8    121.3      0.0
    12     1    26     1     9    19     0     1    -2.0   22.863  120.352    293.9   1009.7    288.2    289.0      0.0    232.3     58.7     34.8      0.0
    13     1    26     1     9    19     0     1    -2.0   22.795  120.339    395.4    951.6    290.7    286.5      0.0     51.4     60.0    427.3      0.0
    14     1    26     1     9    19     0     1    -2.0   22.803  120.332    389.1    942.8    291.0    286.0      0.0     17.7     60.8    516.9      0.0
    15     1    26     1     9    19     0     1    -2.0   22.780  120.378    411.2    951.8    290.7    286.6      0.0     76.8     66.4    416.4      0.0
    16     1    26     1     9    19     0     1    -2.0   22.979  120.403    249.9   1016.5    287.0    288.3      0.0    322.4     58.8     14.4      0.0
    17     1    26     1     9    19     0     1    -2.0   22.982  120.425    249.8   1017.2    286.5    287.9      0.0    324.2     59.5     16.4      0.0
    18     1    26     1     9    19     0     1    -2.0   22.953  120.378    249.9   1017.4    288.1    289.5      0.0    414.7     58.1      9.8      0.0
    19     1    26     1     9    19     0     1    -2.0   22.866  120.372     14.9    979.5    289.0    287.3      0.0    119.9     59.4     69.0      0.0
    20     1    26     1     9    19     0     1    -2.0   22.912  120.382     68.3    965.3    289.5    286.6      0.0     97.7     59.1    146.3      0.0
    21     1    26     1     9    19     0     1    -2.0   22.838  120.351      0.0    987.3    289.1    288.0      0.0    248.3     63.1     31.8      0.0
    22     1    26     1     9    19     0     1    -2.0   22.795  120.314      8.8    949.9    290.9    286.6      0.0     56.8     61.2    334.6      0.0
    23     1    26     1     9    19     0     1    -2.0   22.800  120.311     64.8    933.7    291.7    285.9      0.0     17.7     61.1    428.5      0.0
    24     1    26     1     9    19     0     1    -2.0   22.767  120.362    101.5    937.1    291.4    286.0      0.0     85.0     71.0    365.0      0.0
    25     1    26     1     9    19     0     1    -2.0   22.995  120.407     26.9    984.9    288.4    287.1      0.0    314.4     59.9     14.7      0.0
    26     1    26     1     9    19     0     1    -2.0   23.061  120.442     40.5    983.9    287.9    286.5      0.0    312.5     60.8     13.6      0.0
    27     1    26     1     9    19     0     1    -2.0   22.941  120.370      0.0    989.4    288.6    287.8      0.0    432.3     63.2      8.6      0.0
     1     1    26     1     9    18     0     0    -3.0   22.969  120.378     83.0    998.4    287.2    287.1      0.0    101.8     59.6     85.0      0.0
     2     1    26     1     9    18     0     0    -3.0   22.959  120.401    115.5    985.0    287.7    286.4      0.0     91.8     60.9    181.7      0.0
     3     1    26     1     9    18     0     0    -3.0   22.949  120.352     69.3   1006.3    288.0    288.5      0.0    190.0     57.8     44.1      0.0
     4     1    26     1     9    18     0     0    -3.0   22.834  120.336    166.3    949.7    290.8    286.4      0.0     45.7     60.4    430.4      0.0
     5     1    26     1     9    18     0     0    -3.0   22.842  120.330    153.9    940.9    290.9    285.8      0.0     17.8     61.4    528.7      0.0
     6     1    26     1     9    18     0     0    -3.0   22.816  120.381    215.8    943.1    291.1    286.2      0.0     70.8     66.7    446.0      0.0
     7     1    26     1     9    18     0     0    -3.0   23.096  120.439     10.0   1016.8    286.6    287.9      0.0    293.9     58.5     17.7      0.0
     8     1    26     1     9    18     0     0    -3.0   23.090  120.472     10.0   1017.7    286.2    287.7      0.0    281.5     58.0     13.3      0.0
     9     1    26     1     9    18     0     0    -3.0   23.076  120.399     10.0   1017.4    287.6    289.0      0.0    367.5     57.4     14.0      0.0
    10     1    26     1     9    18     0     0    -3.0   22.962  120.376    323.6    999.7    287.1    287.1      0.0    104.2     59.6     83.3      0.0
    11     1    26     1     9    18     0     0    -3.0   22.951  120.399    354.5    986.6    287.6    286.5      0.0     92.5     60.8    176.8      0.0
    12     1    26     1     9    18     0     0    -3.0   22.947  120.353    313.0   1006.9    288.0    288.5      0.0    190.2     57.7     44.2      0.0
    13     1    26     1     9    18     0     0    -3.0   22.834  120.337    410.3    949.5    290.8    286.4      0.0     45.7     60.4    433.7      0.0
    14     1    26     1     9    18     0     0    -3.0   22.841  120.331    397.0    940.5    291.0    285.8      0.0     17.8     61.4    533.3      0.0
    15     1    26     1     9    18     0     0    -3.0   22.817  120.381    457.7    943.2    291.1    286.2      0.0     70.4     66.6    448.7      0.0
    16     1    26     1     9    18     0     0    -3.0   23.096  120.439    249.8   1016.8    286.6    287.9      0.0    294.0     58.5     17.7      0.0
    17     1    26     1     9    18     0     0    -3.0   23.090  120.472    249.9   1017.7    286.2    287.7      0.0    281.5     58.0     13.3      0.0
    18     1    26     1     9    18     0     0    -3.0   23.076  120.399    249.9   1017.4    287.6    289.0      0.0    367.5     57.4     14.0      0.0
    19     1    26     1     9    18     0     0    -3.0   22.930  120.385     17.4    977.3    289.1    287.2      0.0    105.2     59.0     82.8      0.0
    20     1    26     1     9    18     0     0    -3.0   22.973  120.397     99.5    958.2    289.6    286.1      0.0     95.3     60.5    182.8      0.0
    21     1    26     1     9    18     0     0    -3.0   22.903  120.347      0.0    987.5    288.9    287.9      0.0    223.1     61.2     37.8      0.0
    22     1    26     1     9    18     0     0    -3.0   22.823  120.308      8.8    951.2    290.8    286.6      0.0     52.6     61.2    323.3      0.0
    23     1    26     1     9    18     0     0    -3.0   22.822  120.301     75.7    935.3    291.4    285.8      0.0     17.8     62.2    403.3      0.0
    24     1    26     1     9    18     0     0    -3.0   22.793  120.355    123.6    935.7    291.5    286.0      0.0     85.9     71.8    358.2      0.0
    25     1    26     1     9    18     0     0    -3.0   23.138  120.447     39.5    983.9    288.0    286.6      0.0    287.7     59.6     18.4      0.0
    26     1    26     1     9    18     0     0    -3.0   23.227  120.499     87.3    978.9    287.6    285.9      0.0    269.5     60.6      2.1      0.0
    27     1    26     1     9    18     0     0    -3.0   23.060  120.388      0.0    989.2    288.4    287.5      0.0    389.1     61.1     12.9      0.0
     1     1    26     1     9    17     0     1    -4.0   23.054  120.397    109.7    992.2    287.6    287.0      0.0     97.6     59.5    118.8      0.0
     2     1    26     1     9    17     0     1    -4.0   23.031  120.431    162.8    975.7    288.4    286.4      0.0     89.6     60.4    219.4      0.0
     3     1    26     1     9    17     0     1    -4.0   23.039  120.352     84.7   1003.4    287.8    288.0      0.0    172.5     57.1     53.6      0.0
     4     1    26     1     9    17     0     1    -4.0   22.867  120.329    171.4    950.6    290.7    286.4      0.0     45.3     60.1    418.4      0.0
     5     1    26     1     9    17     0     1    -4.0   22.871  120.331    166.5    937.8    291.1    285.7      0.0     18.1     61.2    551.4      0.0
     6     1    26     1     9    17     0     1    -4.0   22.848  120.371    240.2    941.4    291.2    286.2      0.0     96.5     66.9    436.4      0.0
     7     1    26     1     9    17     0     1    -4.0   23.203  120.474     10.0   1017.6    286.4    287.9      0.0    285.3     57.5     21.0      0.0
     8     1    26     1     9    17     0     1    -4.0   23.184  120.519     13.3   1015.5    286.4    287.6      0.0    274.1     57.4     22.3      0.0
     9     1    26     1     9    17     0     1    -4.0   23.199  120.425     10.1   1017.2    287.1    288.5      0.0    333.0     57.7     16.4      0.0
    10     1    26     1     9    17     0     1    -4.0   23.047  120.395    350.6    993.5    287.5    287.0      0.0     98.4     59.5    115.1      0.0
    11     1    26     1     9    17     0     1    -4.0   23.023  120.430    401.2    976.6    288.4    286.4      0.0     88.6     60.5    221.8      0.0
    12     1    26     1     9    17     0     1    -4.0   23.038  120.353    330.1   1003.9    287.7    288.1      0.0    172.4     57.0     53.7      0.0
    13     1    26     1     9    17     0     1    -4.0   22.867  120.330    415.7    950.4    290.7    286.4      0.0     45.2     60.2    422.2      0.0
    14     1    26     1     9    17     0     1    -4.0   22.871  120.333    409.3    937.4    291.1    285.7      0.0     18.1     61.2    556.4      0.0
    15     1    26     1     9    17     0     1    -4.0   22.849  120.372    483.1    941.3    291.2    286.2      0.0     95.7     66.9    439.9      0.0
    16     1    26     1     9    17     0     1    -4.0   23.203  120.474    249.8   1017.6    286.4    287.9      0.0    285.3     57.5     21.0      0.0
    17     1    26     1     9    17     0     1    -4.0   23.184  120.519    253.1   1015.9    286.3    287.6      0.0    274.1     57.4     22.3      0.0
    18     1    26     1     9    17     0     1    -4.0   23.199  120.425    250.0   1017.2    287.1    288.5      0.0    333.0     57.7     16.4      0.0
    19     1    26     1     9    17     0     1    -4.0   22.992  120.397     21.6    975.4    289.1    287.0      0.0     94.8     58.5     97.4      0.0
    20     1    26     1     9    17     0     1    -4.0   23.024  120.413    126.9    953.4    289.9    286.0      0.0    104.9     59.9    202.4      0.0
    21     1    26     1     9    17     0     1    -4.0   22.972  120.341      0.0    986.0    288.8    287.6      0.0    210.4     59.1     43.6      0.0
    22     1    26     1     9    17     0     1    -4.0   22.844  120.300      8.0    953.9    290.6    286.7      0.0     55.4     60.3    300.9      0.0
    23     1    26     1     9    17     0     1    -4.0   22.832  120.295     87.8    936.7    291.3    285.8      0.0     18.1     61.5    383.8      0.0
    24     1    26     1     9    17     0     1    -4.0   22.811  120.336    121.9    940.9    291.3    286.2      0.0    128.3     71.3    312.0      0.0
    25     1    26     1     9    17     0     1    -4.0   23.286  120.491     70.4    981.0    287.8    286.2      0.0    274.8     58.9     19.4      0.0
    26     1    26     1     9    17     0     1    -4.0   23.392  120.560    128.4    971.5    288.1    285.7      0.0    306.0     62.9     26.6      0.0
    27     1    26     1     9    17     0     1    -4.0   23.195  120.414      7.6    988.0    288.2    287.2      0.0    350.6     60.4     15.4      0.0
     1     1    26     1     9    16     0     2    -5.0   23.129  120.423    144.4    983.3    288.2    286.9      0.0     92.8     59.3    169.2      0.0
     2     1    26     1     9    16     0     2    -5.0   23.093  120.468    232.5    966.5    289.1    286.3      0.0     80.2     58.8    231.9      0.0
     3     1    26     1     9    16     0     2    -5.0   23.131  120.358    102.1   1000.0    287.7    287.7      0.0    165.6     57.5     65.4      0.0
     4     1    26     1     9    16     0     2    -5.0   22.893  120.321    174.2    952.9    290.5    286.4      0.0     44.6     59.8    398.2      0.0
     5     1    26     1     9    16     0     2    -5.0   22.891  120.338    197.6    931.0    291.6    285.5      0.0     18.4     60.7    587.7      0.0
     6     1    26     1     9    16     0     2    -5.0   22.867  120.359    249.3    943.5    291.2    286.3      0.0    122.6     66.6    408.7      0.0
     7     1    26     1     9    16     0     2    -5.0   23.304  120.510     12.0   1016.3    286.5    287.9      0.0    293.8     56.8     29.3      0.0
     8     1    26     1     9    16     0     2    -5.0   23.284  120.574     27.5   1010.4    286.7    287.6      0.0    280.7     57.9     48.9      0.0
     9     1    26     1     9    16     0     2    -5.0   23.318  120.455     10.3   1017.6    286.9    288.3      0.0    313.1     57.3     19.2      0.0
    10     1    26     1     9    16     0     2    -5.0   23.123  120.420    384.3    984.8    288.1    286.9      0.0     94.6     59.3    164.5      0.0
    11     1    26     1     9    16     0     2    -5.0   23.085  120.467    470.7    967.3    289.0    286.3      0.0     78.8     58.8    234.7      0.0
    12     1    26     1     9    16     0     2    -5.0   23.130  120.358    347.8   1000.4    287.7    287.8      0.0    165.7     57.4     65.5      0.0
    13     1    26     1     9    16     0     2    -5.0   22.893  120.322    418.9    952.5    290.5    286.4      0.0     44.4     59.9    402.4      0.0
    14     1    26     1     9    16     0     2    -5.0   22.890  120.339    439.8    930.7    291.6    285.5      0.0     18.4     60.8    592.9      0.0
    15     1    26     1     9    16     0     2    -5.0   22.869  120.360    493.5    943.2    291.2    286.3      0.0    121.3     66.6    412.8      0.0
    16     1    26     1     9    16     0     2    -5.0   23.304  120.510    251.8   1016.5    286.5    287.9      0.0    293.8     56.8     29.3      0.0
    17     1    26     1     9    16     0     2    -5.0   23.278  120.571    268.0   1011.6    286.7    287.6      0.0    280.7     57.8     48.2      0.0
    18     1    26     1     9    16     0     2    -5.0   23.318  120.455    250.2   1017.7    286.9    288.3      0.0    313.1     57.3     19.2      0.0
    19     1    26     1     9    16     0     2    -5.0   23.051  120.418     38.8    970.5    289.2    286.8      0.0     90.3     58.5    131.1      0.0
    20     1    26     1     9    16     0     2    -5.0   23.070  120.442    159.7    948.5    290.4    286.0      0.0    101.5     58.6    215.6      0.0
    21     1    26     1     9    16     0     2    -5.0   23.047  120.344     15.4    982.7    288.8    287.3      0.0    197.6     57.9     52.1      0.0
    22     1    26     1     9    16     0     2    -5.0   22.858  120.292      8.3    956.8    290.4    286.7      0.0     58.7     59.4    275.8      0.0
    23     1    26     1     9    16     0     2    -5.0   22.835  120.297    108.3    933.7    291.5    285.7      0.0     18.4     60.7    395.8      0.0
    24     1    26     1     9    16     0     2    -5.0   22.816  120.313     99.2    950.5    290.9    286.7      0.0    179.8     69.7    248.8      0.0
    25     1    26     1     9    16     0     2    -5.0   23.442  120.550    113.6    971.5    288.2    285.9      0.0    277.6     60.2     47.3      0.0
    26     1    26     1     9    16     0     2    -5.0   23.562  120.633    148.4    969.5    288.2    285.6      0.0    340.7     62.1     25.3      0.0
    27     1    26     1     9    16     0     2    -5.0   23.353  120.463     30.9    985.6    287.9    286.7      0.0    310.8     59.5     19.9      0.0
     1     1    26     1     9    15     0     3    -6.0   23.189  120.462    206.8    969.5    289.2    286.6      0.0     63.8     58.2    234.7      0.0
     2     1    26     1     9    15     0     3    -6.0   23.137  120.511    309.1    951.9    290.2    286.1      0.0     69.0     57.1    288.2      0.0
     3     1    26     1     9    15     0     3    -6.0   23.221  120.369    119.7    996.6    287.7    287.4      0.0    145.1     58.2     80.9      0.0
     4     1    26     1     9    15     0     3    -6.0   22.911  120.313    177.3    955.6    290.3    286.5      0.0     44.4     59.4    373.2      0.0
     5     1    26     1     9    15     0     3    -6.0   22.900  120.350    250.0    920.0    292.2    285.2      0.0     18.6     60.7    641.6      0.0
     6     1    26     1     9    15     0     3    -6.0   22.878  120.343    245.1    948.9    291.0    286.6      0.0    153.5     65.9    364.4      0.0
     7     1    26     1     9    15     0     3    -6.0   23.410  120.556     25.1   1010.5    286.9    287.8      0.0    296.3     57.6     58.2      0.0
     8     1    26     1     9    15     0     3    -6.0   23.406  120.637     46.3   1007.4    286.9    287.5      0.0    299.0     57.6     56.8      0.0
     9     1    26     1     9    15     0     3    -6.0   23.432  120.487     10.3   1018.0    286.9    288.3      0.0    329.8     56.2     22.2      0.0
    10     1    26     1     9    15     0     3    -6.0   23.185  120.459    444.0    971.2    289.1    286.6      0.0     67.0     58.3    229.5      0.0
    11     1    26     1     9    15     0     3    -6.0   23.129  120.511    549.4    952.5    290.2    286.1      0.0     66.2     57.2    290.5      0.0
    12     1    26     1     9    15     0     3    -6.0   23.219  120.369    364.5    997.2    287.7    287.4      0.0    145.6     58.2     80.7      0.0
    13     1    26     1     9    15     0     3    -6.0   22.911  120.314    422.4    955.3    290.3    286.5      0.0     44.2     59.4    377.6      0.0
    14     1    26     1     9    15     0     3    -6.0   22.899  120.351    491.4    919.7    292.3    285.2      0.0     18.6     60.7    646.2      0.0
    15     1    26     1     9    15     0     3    -6.0   22.879  120.344    490.6    948.4    291.0    286.6      0.0    151.7     65.9    369.2      0.0
    16     1    26     1     9    15     0     3    -6.0   23.406  120.554    264.5   1011.8    286.9    287.8      0.0    297.9     57.4     57.1      0.0
    17     1    26     1     9    15     0     3    -6.0   23.395  120.633    288.7   1008.1    286.9    287.6      0.0    299.0     57.6     58.0      0.0
    18     1    26     1     9    15     0     3    -6.0   23.431  120.487    250.1   1018.0    286.9    288.3      0.0    329.8     56.2     22.2      0.0
    19     1    26     1     9    15     0     3    -6.0   23.095  120.449     70.8    962.8    289.7    286.6      0.0     72.0     58.2    173.5      0.0
    20     1    26     1     9    15     0     3    -6.0   23.102  120.479    195.6    942.2    291.1    286.2      0.0     82.0     56.8    239.0      0.0
    21     1    26     1     9    15     0     3    -6.0   23.126  120.360     45.0    977.9    288.9    287.1      0.0    182.9     57.4     65.7      0.0
    22     1    26     1     9    15     0     3    -6.0   22.864  120.285     10.3    959.8    290.2    286.8      0.0     63.5     58.3    248.8      0.0
    23     1    26     1     9    15     0     3    -6.0   22.832  120.306    134.7    927.8    291.9    285.6      0.0     18.6     59.9    430.0      0.0
    24     1    26     1     9    15     0     3    -6.0   22.810  120.285     48.4    965.6    290.6    287.7      0.0    250.5     66.8    165.4      0.0
    25     1    26     1     9    15     0     3    -6.0   23.592  120.619    151.2    965.0    288.7    285.8      0.0    290.0     59.7     65.0      0.0
    26     1    26     1     9    15     0     3    -6.0   23.743  120.720    158.6    969.2    287.9    285.4      0.0    396.6     61.2     21.5      0.0
    27     1    26     1     9    15     0     3    -6.0   23.521  120.531     51.8    979.4    287.9    286.2      0.0    302.3     59.4     56.1      0.0
     1     1    26     1     9    14     0     2    -7.0   23.226  120.506    290.5    950.8    290.6    286.4      0.0     21.1     58.0    319.3     17.2
     2     1    26     1     9    14     0     2    -7.0   23.171  120.546    362.1    931.2    291.4    285.4      0.0    121.9     57.8    429.7     34.3
     3     1    26     1     9    14     0     2    -7.0   23.313  120.387    139.8    990.6    288.3    287.5      0.0    157.0     57.3    115.9     20.3
     4     1    26     1     9    14     0     2    -7.0   22.928  120.306    181.1    957.5    290.4    286.8      0.0     45.1     58.8    353.9     35.0
     5     1    26     1     9    14     0     2    -7.0   22.903  120.361    305.3    909.0    292.9    284.9      0.0     21.1     60.6    688.7     18.9
     6     1    26     1     9    14     0     2    -7.0   22.883  120.330    237.4    954.2    290.9    287.0      0.0    181.2     64.7    326.8     54.3
     7     1    26     1     9    14     0     2    -7.0   23.542  120.612     41.1   1006.7    287.3    287.9      0.0    340.5     57.0     72.6     49.9
     8     1    26     1     9    14     0     2    -7.0   23.556  120.700     51.8   1009.1    287.0    287.7      0.0    354.4     56.1     38.6     46.4
     9     1    26     1     9    14     0     2    -7.0   23.549  120.519     13.5   1015.2    287.3    288.5      0.0    374.0     55.5     39.6     21.0
    10     1    26     1     9    14     0     2    -7.0   23.224  120.503    528.2    953.1    290.4    286.5      0.0     21.1     57.9    306.8     17.3
    11     1    26     1     9    14     0     2    -7.0   23.162  120.546    603.7    931.2    291.4    285.4      0.0    116.8     57.9    433.6     33.4
    12     1    26     1     9    14     0     2    -7.0   23.310  120.387    382.6    991.4    288.2    287.5      0.0    157.2     57.3    114.6     20.3
    13     1    26     1     9    14     0     2    -7.0   22.928  120.307    426.6    957.1    290.5    286.7      0.0     44.9     58.9    358.3     35.0
    14     1    26     1     9    14     0     2    -7.0   22.903  120.362    546.2    908.8    293.0    284.9      0.0     21.1     60.7    692.6     18.9
    15     1    26     1     9    14     0     2    -7.0   22.885  120.332    484.2    953.6    291.0    287.0      0.0    178.7     64.7    332.3     54.4
    16     1    26     1     9    14     0     2    -7.0   23.530  120.607    280.8   1007.9    287.3    287.9      0.0    341.3     56.9     71.7     49.9
    17     1    26     1     9    14     0     2    -7.0   23.541  120.694    295.6   1009.7    287.0    287.8      0.0    352.7     56.0     38.9     47.3
    18     1    26     1     9    14     0     2    -7.0   23.549  120.519    253.1   1015.6    287.3    288.5      0.0    374.3     55.4     39.3     20.9
    19     1    26     1     9    14     0     2    -7.0   23.123  120.483    102.8    954.5    290.4    286.6      0.0     43.2     57.9    216.2     21.1
    20     1    26     1     9    14     0     2    -7.0   23.124  120.517    226.4    930.6    291.6    285.6      0.0    105.2     57.1    319.6     31.1
    21     1    26     1     9    14     0     2    -7.0   23.201  120.384     67.7    973.0    289.3    287.1      0.0    163.0     56.9     85.3     29.1
    22     1    26     1     9    14     0     2    -7.0   22.872  120.280     13.2    961.2    290.4    287.1      0.0     69.3     57.8    234.4     43.0
    23     1    26     1     9    14     0     2    -7.0   22.830  120.315    162.2    921.3    292.3    285.4      0.0     21.1     59.7    463.6     22.0
    24     1    26     1     9    14     0     2    -7.0   22.803  120.258      0.0    982.4    290.4    288.9      0.0    321.2     62.8     84.3     48.6
    25     1    26     1     9    14     0     2    -7.0   23.738  120.686    173.1    964.8    288.6    285.6      0.0    335.8     59.7     45.8     49.5
    26     1    26     1     9    14     0     2    -7.0   23.937  120.829    191.7    955.8    288.5    284.8      0.0    418.8     62.5    111.6     41.7
    27     1    26     1     9    14     0     2    -7.0   23.684  120.603     79.4    971.0    288.5    286.1      0.0    309.1     60.2     93.4     40.5
     1     1    26     1     9    13     0     1    -8.0   23.257  120.545    352.3    926.9    291.9    285.5      0.0     29.6     58.7    481.2     33.9
     2     1    26     1     9    13     0     1    -8.0   23.216  120.572    384.9    918.2    291.9    284.7      0.0    188.0     58.6    531.4     73.2
     3     1    26     1     9    13     0     1    -8.0   23.415  120.411    162.2    981.9    288.9    287.4      0.0    163.7     56.5    173.9     35.8
     4     1    26     1     9    13     0     1    -8.0   22.952  120.302    184.7    957.9    290.6    287.0      0.0     41.3     58.3    348.3     63.5
     5     1    26     1     9    13     0     1    -8.0   22.914  120.368    342.8    901.6    293.4    284.7      0.0     23.5     60.5    721.2     37.1
     6     1    26     1     9    13     0     1    -8.0   22.887  120.329    235.4    955.1    291.0    287.2      0.0    201.1     64.3    323.0    108.8
     7     1    26     1     9    13     0     1    -8.0   23.704  120.665     39.6   1009.4    287.5    288.3      0.0    401.9     55.4     52.1     99.7
     8     1    26     1     9    13     0     1    -8.0   23.738  120.762     48.9   1009.8    286.9    287.7      0.0    417.8     56.8     37.4     71.2
     9     1    26     1     9    13     0     1    -8.0   23.694  120.557     18.2   1012.0    287.6    288.6      0.0    419.0     55.8     52.7     84.4
    10     1    26     1     9    13     0     1    -8.0   23.256  120.542    590.9    928.6    291.8    285.6      0.0     28.7     58.6    471.6     33.7
    11     1    26     1     9    13     0     1    -8.0   23.206  120.572    627.5    918.0    291.9    284.7      0.0    180.3     58.6    535.6     71.3
    12     1    26     1     9    13     0     1    -8.0   23.412  120.410    403.8    982.9    288.9    287.5      0.0    165.0     56.4    171.6     36.0
    13     1    26     1     9    13     0     1    -8.0   22.952  120.303    430.3    957.6    290.7    287.0      0.0     41.2     58.3    352.5     63.5
    14     1    26     1     9    13     0     1    -8.0   22.914  120.369    583.5    901.5    293.4    284.7      0.0     23.5     60.5    724.4     37.1
    15     1    26     1     9    13     0     1    -8.0   22.888  120.330    482.8    954.4    291.0    287.1      0.0    198.3     64.4    328.7    109.1
    16     1    26     1     9    13     0     1    -8.0   23.686  120.658    280.4   1010.1    287.5    288.4      0.0    403.4     55.4     55.8     99.8
    17     1    26     1     9    13     0     1    -8.0   23.718  120.753    292.7   1011.1    286.9    287.8      0.0    422.4     56.3     31.5     73.1
    18     1    26     1     9    13     0     1    -8.0   23.686  120.555    258.0   1013.1    287.6    288.7      0.0    418.9     55.5     51.9     82.0
    19     1    26     1     9    13     0     1    -8.0   23.151  120.515    133.9    941.4    291.2    286.2      0.0     23.5     58.0    308.0     40.5
    20     1    26     1     9    13     0     1    -8.0   23.156  120.550    249.8    914.6    292.2    284.7      0.0    156.3     58.3    451.4     64.9
    21     1    26     1     9    13     0     1    -8.0   23.282  120.410     74.0    968.7    289.6    287.0      0.0    146.7     56.8    118.3     44.1
    22     1    26     1     9    13     0     1    -8.0   22.888  120.282     16.5    959.8    290.6    287.2      0.0     69.6     57.4    245.3     81.7
    23     1    26     1     9    13     0     1    -8.0   22.839  120.322    187.6    915.0    292.7    285.2      0.0     23.5     59.7    498.6     43.1
    24     1    26     1     9    13     0     1    -8.0   22.793  120.244      0.0    987.7    290.4    289.4      0.0    383.8     61.3     59.5     95.9
    25     1    26     1     9    13     0     1    -8.0   23.903  120.755    188.9    963.4    288.4    285.4      0.0    396.0     59.7     42.4     79.9
    26     1    26     1     9    13     0     1    -8.0   24.095  120.944    267.4    938.3    289.2    283.9      0.0    392.5     62.6    198.0     98.9
    27     1    26     1     9    13     0     1    -8.0   23.854  120.667    101.1    969.4    288.4    285.8      0.0    377.5     60.7     87.0     98.9
     1     1    26     1     9    12     0     0    -9.0   23.294  120.575    390.1    911.3    292.6    284.8      0.0     69.0     59.0    590.5     60.8
     2     1    26     1     9    12     0     0    -9.0   23.272  120.593    393.7    911.2    292.0    284.1      0.0    249.2     59.9    589.8    113.6
     3     1    26     1     9    12     0     0    -9.0   23.532  120.432    172.2    976.0    289.3    287.3      0.0    190.2     56.0    220.4     59.1
     4     1    26     1     9    12     0     0    -9.0   22.987  120.299    186.9    957.9    290.9    287.2      0.0     31.3     57.7    348.6     81.1
     5     1    26     1     9    12     0     0    -9.0   22.931  120.374    367.9    895.9    293.7    284.5      0.0     26.0     60.2    751.5     54.2
     6     1    26     1     9    12     0     0    -9.0   22.888  120.339    240.6    951.2    291.2    287.0      0.0    211.1     64.9    355.1    164.1
     7     1    26     1     9    12     0     0    -9.0   23.899  120.718     29.9   1012.9    287.5    288.5      0.0    471.3     55.0     31.7    123.5
     8     1    26     1     9    12     0     0    -9.0   23.959  120.851     73.8    996.8    287.1    286.9      0.0    463.4     59.0    137.5    127.9
     9     1    26     1     9    12     0     0    -9.0   23.864  120.601      8.4   1013.7    287.9    289.0      0.0    488.3     55.3     50.2    151.6
    10     1    26     1     9    12     0     0    -9.0   23.294  120.573    628.3    912.9    292.5    284.9      0.0     70.0     59.0    582.1     61.0
    11     1    26     1     9    12     0     0    -9.0   23.261  120.593    636.6    909.6    292.1    284.1      0.0    248.1     59.9    606.8    112.7
    12     1    26     1     9    12     0     0    -9.0   23.529  120.430    413.2    976.9    289.2    287.3      0.0    191.1     55.9    219.1     57.8
    13     1    26     1     9    12     0     0    -9.0   22.987  120.300    432.6    957.5    290.9    287.2      0.0     31.3     57.7    352.5     81.1
    14     1    26     1     9    12     0     0    -9.0   22.931  120.374    608.2    895.9    293.7    284.5      0.0     26.0     60.2    754.0     54.1
    15     1    26     1     9    12     0     0    -9.0   22.890  120.340    488.3    950.4    291.3    287.0      0.0    208.0     65.0    360.7    164.4
    16     1    26     1     9    12     0     0    -9.0   23.871  120.707    270.9   1013.8    287.5    288.7      0.0    470.8     54.6     33.2    128.7
    17     1    26     1     9    12     0     0    -9.0   23.935  120.837    309.7   1000.1    287.1    287.1      0.0    466.8     58.4    120.7    125.1
    18     1    26     1     9    12     0     0    -9.0   23.849  120.595    249.5   1013.6    287.9    289.0      0.0    489.6     55.3     50.7    151.5
    19     1    26     1     9    12     0     0    -9.0   23.187  120.545    167.8    923.4    292.1    285.4      0.0     26.0     58.3    447.2     55.6
    20     1    26     1     9    12     0     0    -9.0   23.194  120.579    279.0    899.4    292.7    283.8      0.0    213.0     60.1    570.4    101.6
    21     1    26     1     9    12     0     0    -9.0   23.373  120.439     82.2    961.5    290.0    286.8      0.0    131.9     57.0    179.2     59.9
    22     1    26     1     9    12     0     0    -9.0   22.915  120.287     20.1    956.5    291.0    287.2      0.0     63.2     57.2    274.3    111.4
    23     1    26     1     9    12     0     0    -9.0   22.858  120.331    212.5    907.9    293.1    285.0      0.0     26.0     59.6    542.9     62.4
    24     1    26     1     9    12     0     0    -9.0   22.775  120.247      0.0    988.7    290.5    289.5      0.0    444.0     61.2     57.9    140.8
    25     1    26     1     9    12     0     0    -9.0   24.093  120.840    202.5    954.1    288.8    284.9      0.0    399.5     61.2    120.0    116.4
    26     1    26     1     9    12     0     0    -9.0   24.224  121.063    321.8    911.9    289.9    282.2      0.0    375.1     63.9    392.1    166.9
    27     1    26     1     9    12     0     0    -9.0   24.048  120.729    105.6    972.9    288.0    285.7      0.0    436.2     61.0     45.1    138.3
     1     1    26     1     9    11     0     1   -10.0   23.331  120.592    399.4    903.6    293.0    284.5      0.0     96.3     59.8    649.9     94.2
     2     1    26     1     9    11     0     1   -10.0   23.330  120.607    391.0    913.1    292.1    284.5      0.0    222.9     59.2    563.5    151.9
     3     1    26     1     9    11     0     1   -10.0   23.665  120.445    133.8    984.9    289.3    288.0      0.0    296.8     53.6    178.6    151.4
     4     1    26     1     9    11     0     1   -10.0   23.029  120.294    189.5    957.3    290.7    287.0      0.0     37.2     58.2    349.1     97.7
     5     1    26     1     9    11     0     1   -10.0   22.952  120.374    373.4    893.9    293.8    284.3      0.0     42.7     61.2    764.1     72.0
     6     1    26     1     9    11     0     1   -10.0   22.892  120.347    235.7    948.6    291.5    287.0      0.0    278.3     65.0    382.3    218.4
     7     1    26     1     9    11     0     1   -10.0   24.123  120.780     27.4   1010.6    287.4    288.2      0.0    520.0     56.5     56.1    155.1
     8     1    26     1     9    11     0     1   -10.0   24.197  120.971    109.4    988.9    287.1    286.2      0.0    521.8     59.9    164.3    216.2
     9     1    26     1     9    11     0     1   -10.0   24.051  120.644      0.0   1015.4    288.0    289.2      0.0    520.9     54.0     28.1    190.6
    10     1    26     1     9    11     0     1   -10.0   23.333  120.590    636.6    905.1    293.0    284.6      0.0     98.5     59.7    642.5     95.2
    11     1    26     1     9    11     0     1   -10.0   23.316  120.607    634.0    911.4    292.3    284.4      0.0    220.0     59.2    582.0    150.8
    12     1    26     1     9    11     0     1   -10.0   23.663  120.442    376.4    985.7    289.3    288.1      0.0    298.1     53.6    177.0    150.1
    13     1    26     1     9    11     0     1   -10.0   23.029  120.295    435.2    957.1    290.7    287.0      0.0     37.3     58.3    352.4     97.7
    14     1    26     1     9    11     0     1   -10.0   22.952  120.375    613.2    894.0    293.8    284.4      0.0     42.8     61.2    766.1     72.0
    15     1    26     1     9    11     0     1   -10.0   22.894  120.348    483.8    947.8    291.5    287.0      0.0    275.6     65.0    387.7    218.8
    16     1    26     1     9    11     0     1   -10.0   24.076  120.761    265.0   1014.1    287.4    288.5      0.0    522.3     55.7     35.3    147.8
    17     1    26     1     9    11     0     1   -10.0   24.173  120.954    347.1    990.1    287.2    286.3      0.0    518.2     59.5    164.9    212.1
    18     1    26     1     9    11     0     1   -10.0   24.035  120.638    249.7   1015.4    288.0    289.3      0.0    520.7     54.0     28.2    194.3
    19     1    26     1     9    11     0     1   -10.0   23.223  120.567    192.2    909.6    292.8    284.9      0.0     36.4     59.6    551.2     70.8
    20     1    26     1     9    11     0     1   -10.0   23.225  120.596    307.4    888.3    293.5    283.5      0.0    196.6     60.0    642.0    140.6
    21     1    26     1     9    11     0     1   -10.0   23.459  120.468    102.0    951.1    290.5    286.3      0.0     88.3     57.4    252.2     71.9
    22     1    26     1     9    11     0     1   -10.0   22.950  120.288     24.8    954.0    291.0    287.0      0.0     73.1     57.8    290.6    129.1
    23     1    26     1     9    11     0     1   -10.0   22.881  120.336    231.0    902.2    293.3    284.7      0.0     40.9     60.6    575.8     81.2
    24     1    26     1     9    11     0     1   -10.0   22.753  120.244      0.0    989.1    290.6    289.7      0.0    497.6     61.6     54.6    180.9
    25     1    26     1     9    11     0     1   -10.0   24.249  120.938    265.3    934.2    289.8    284.2      0.0    386.1     60.8    239.5    179.2
    26     1    26     1     9    11     0     1   -10.0   24.322  121.156    332.2    897.1    290.7    281.7      0.0    380.9     63.0    519.9    229.5
    27     1    26     1     9    11     0     1   -10.0   24.274  120.801    113.5    968.2    288.1    285.4      0.0    435.4     61.5     75.8    142.2
     1     1    26     1     9    10     0     2   -11.0   23.367  120.592    369.0    907.3    293.0    284.8      0.0    115.0     59.4    642.7    134.2
     2     1    26     1     9    10     0     2   -11.0   23.389  120.611    353.8    925.3    291.7    285.2      0.0    237.6     57.8    478.7    196.7
     3     1    26     1     9    10     0     2   -11.0   23.811  120.438     41.6   1002.2    289.6    289.7      0.0    392.2     48.6    114.7    245.6
     4     1    26     1     9    10     0     2   -11.0   23.070  120.287    191.2    957.5    290.6    286.9      0.0     44.9     58.6    343.4    116.6
     5     1    26     1     9    10     0     2   -11.0   22.977  120.366    342.2    899.2    293.4    284.5      0.0     55.8     61.7    744.6     88.9
     6     1    26     1     9    10     0     2   -11.0   22.904  120.340    198.8    954.3    291.5    287.6      0.0    351.3     63.0    366.5    273.8
     7     1    26     1     9    10     0     2   -11.0   24.375  120.879     32.7   1002.1    287.4    287.5      0.0    569.2     57.3    125.1    253.0
     8     1    26     1     9    10     0     2   -11.0   24.420  121.089     44.1    994.2    287.4    286.9      0.0    656.3     57.0    184.8    282.4
     9     1    26     1     9    10     0     2   -11.0   24.264  120.692      0.0   1015.9    287.6    288.9      0.0    563.9     55.3     18.0    182.2
    10     1    26     1     9    10     0     2   -11.0   23.370  120.590    605.1    908.9    292.9    284.8      0.0    117.6     59.3    635.3    136.1
    11     1    26     1     9    10     0     2   -11.0   23.374  120.609    598.2    923.3    291.9    285.1      0.0    232.0     57.8    499.4    195.2
    12     1    26     1     9    10     0     2   -11.0   23.808  120.436    287.8   1002.6    289.5    289.8      0.0    393.6     48.6    114.1    245.8
    13     1    26     1     9    10     0     2   -11.0   23.069  120.287    436.7    957.3    290.6    286.9      0.0     45.2     58.7    346.2    116.6
    14     1    26     1     9    10     0     2   -11.0   22.977  120.366    581.6    899.4    293.4    284.5      0.0     55.8     61.8    746.0     88.9
    15     1    26     1     9    10     0     2   -11.0   22.906  120.341    447.4    953.4    291.6    287.5      0.0    348.8     63.1    372.2    274.4
    16     1    26     1     9    10     0     2   -11.0   24.313  120.845    264.0   1005.5    287.5    287.9      0.0    556.1     57.2    114.2    236.0
    17     1    26     1     9    10     0     2   -11.0   24.398  121.071    285.0    994.8    287.4    286.9      0.0    647.8     57.3    186.8    282.4
    18     1    26     1     9    10     0     2   -11.0   24.247  120.685    249.8   1015.9    287.7    289.0      0.0    562.7     55.3     17.7    181.4
    19     1    26     1     9    10     0     2   -11.0   23.259  120.572    189.0    906.1    293.0    284.7      0.0     52.4     60.3    587.1     90.3
    20     1    26     1     9    10     0     2   -11.0   23.244  120.598    311.7    886.6    293.7    283.6      0.0    179.6     59.6    650.0    182.7
    21     1    26     1     9    10     0     2   -11.0   23.531  120.491    114.1    945.8    290.7    286.1      0.0     80.1     57.0    285.9    105.2
    22     1    26     1     9    10     0     2   -11.0   22.988  120.282     39.9    953.0    290.9    286.8      0.0     57.4     58.5    280.4    136.7
    23     1    26     1     9    10     0     2   -11.0   22.909  120.333    235.3    901.1    293.3    284.6      0.0     53.6     61.3    580.5     98.9
    24     1    26     1     9    10     0     2   -11.0   22.745  120.218      0.0    989.0    290.6    289.7      0.0    527.7     62.0     47.2    228.2
    25     1    26     1     9    10     0     2   -11.0   24.350  121.028    335.0    913.5    290.6    283.1      0.0    390.9     61.1    360.5    248.5
    26     1    26     1     9    10     0     2   -11.0   24.402  121.244    308.9    903.9    290.2    281.9      0.0    455.0     63.7    479.5    286.0
    27     1    26     1     9    10     0     2   -11.0   24.500  120.896    172.3    949.5    288.7    284.5      0.0    452.6     62.9    191.8    222.1
     1     1    26     1     9     9     0     3   -12.0   23.407  120.576    287.9    924.1    292.6    285.9      0.0    129.3     56.5    565.6    188.3
     2     1    26     1     9     9     0     3   -12.0   23.474  120.600    255.8    953.1    291.0    286.9      0.0    314.0     53.1    313.2    253.3
     3     1    26     1     9     9     0     3   -12.0   23.959  120.430      0.0   1011.1    289.4    290.3      0.0    506.7     47.8     55.1    295.7
     4     1    26     1     9     9     0     3   -12.0   23.107  120.275    186.5    960.1    290.3    286.9      0.0     48.5     58.8    321.4    134.2
     5     1    26     1     9     9     0     3   -12.0   23.007  120.347    272.5    913.3    292.7    285.0      0.0     65.7     62.0    680.8    108.5
     6     1    26     1     9     9     0     3   -12.0   22.930  120.315    128.6    969.9    291.6    289.0      0.0    422.1     58.0    296.4    333.3
     7     1    26     1     9     9     0     3   -12.0   24.598  120.981      0.0   1009.4    287.0    287.8      0.0    697.8     56.9     84.7    337.6
     8     1    26     1     9     9     0     3   -12.0   24.616  121.199      0.0   1010.9    287.3    288.2      0.0    844.2     53.2     73.3    334.1
     9     1    26     1     9     9     0     3   -12.0   24.527  120.771      0.0   1013.8    287.3    288.5      0.0    607.9     58.0     43.7    267.6
    10     1    26     1     9     9     0     3   -12.0   23.411  120.574    522.0    926.3    292.6    286.1      0.0    132.3     56.1    555.7    191.7
    11     1    26     1     9     9     0     3   -12.0   23.454  120.598    504.5    950.3    291.1    286.9      0.0    302.5     53.2    338.3    251.3
    12     1    26     1     9     9     0     3   -12.0   23.956  120.427    249.4   1011.1    289.4    290.3      0.0    506.8     47.8     55.3    296.0
    13     1    26     1     9     9     0     3   -12.0   23.106  120.276    432.1    960.0    290.3    286.9      0.0     48.8     58.8    323.8    134.3
    14     1    26     1     9     9     0     3   -12.0   23.007  120.347    512.3    913.6    292.7    285.1      0.0     65.7     62.0    681.5    108.4
    15     1    26     1     9     9     0     3   -12.0   22.931  120.317    377.8    968.8    291.7    289.0      0.0    419.8     58.1    303.4    334.0
    16     1    26     1     9     9     0     3   -12.0   24.537  120.942    249.0   1007.8    287.0    287.7      0.0    669.6     57.4     99.5    338.8
    17     1    26     1     9     9     0     3   -12.0   24.599  121.180    249.3   1011.0    287.3    288.2      0.0    835.8     53.4     72.7    334.7
    18     1    26     1     9     9     0     3   -12.0   24.509  120.761    249.6   1014.8    287.3    288.5      0.0    607.3     58.2     35.4    260.7
    19     1    26     1     9     9     0     3   -12.0   23.301  120.564    144.8    915.3    292.5    285.1      0.0     80.2     59.5    541.2    133.6
    20     1    26     1     9     9     0     3   -12.0   23.261  120.590    271.2    896.3    293.5    284.3      0.0    169.6     58.3    592.8    230.1
    21     1    26     1     9     9     0     3   -12.0   23.599  120.492     60.3    955.4    290.8    287.0      0.0    128.8     54.1    252.2    178.0
    22     1    26     1     9     9     0     3   -12.0   23.027  120.275     72.3    950.1    290.8    286.5      0.0     50.2     59.4    269.2    150.7
    23     1    26     1     9     9     0     3   -12.0   22.945  120.323    221.2    904.6    293.1    284.7      0.0     61.1     61.6    560.1    114.3
    24     1    26     1     9     9     0     3   -12.0   22.759  120.167      0.0    988.7    290.5    289.5      0.0    527.5     62.9     38.0    283.4
    25     1    26     1     9     9     0     3   -12.0   24.404  121.100    401.3    881.2    292.2    281.6      0.0    356.3     60.5    598.4    314.0
    26     1    26     1     9     9     0     3   -12.0   24.512  121.347    215.9    928.2    288.6    282.5      0.0    539.8     68.4    348.1    333.7
    27     1    26     1     9     9     0     3   -12.0   24.697  121.014    254.3    935.8    288.6    283.2      0.0    537.4     65.1    234.9    324.0