    10     1
    GFSQ    25    10    23     0     0
    GFSQ    25    10    24     0     0
    GFSQ    25    10    25     0     0
    GFSQ    25    10    26     0     0
    GFSQ    25    10    27     0     0
    GFSQ    25    10    28     0     0
    GFSQ    25    10    29     0     0
    GFSQ    25    10    30     0     0
    GFSQ    25    10    31     0     0
    GFSQ    25    11     1     0     0
    27 BACKWARD OMEGA   
    25    10    31    11   24.218  120.618    10.0
    25    10    31    11   24.218  120.618    10.0
    25    10    31    11   24.218  120.618    10.0
    25    10    31    11   24.218  120.618    10.0
    25    10    31    11   24.218  120.618    10.0
    25    10    31    11   24.218  120.618    10.0
    25    10    31    11   24.218  120.618    10.0
    25    10    31    11   24.218  120.618    10.0
    25    10    31    11   24.218  120.618    10.0
    25    10    31    11   24.218  120.618    10.0
    25    10    31    11   24.218  120.618    10.0
    25    10    31    11   24.218  120.618    10.0
    25    10    31    11   24.218  120.618    10.0
    25    10    31    11   24.218  120.618    10.0
    25    10    31    11   24.218  120.618    10.0
    25    10    31    11   24.218  120.618    10.0
    25    10    31    11   24.218  120.618    10.0
    25    10    31    11   24.218  120.618    10.0
    25    10    31    11   24.218  120.618    10.0
    25    10    31    11   24.218  120.618    10.0
    25    10    31    11   24.218  120.618    10.0
    25    10    31    11   24.218  120.618    10.0
    25    10    31    11   24.218  120.618    10.0
    25    10    31    11   24.218  120.618    10.0
    25    10    31    11   24.218  120.618    10.0
    25    10    31    11   24.218  120.618    10.0
    25    10    31    11   24.218  120.618    10.0
     8 PRESSURE THETA    AIR_TEMP RAINFALL MIXDEPTH RELHUMID TERR_MSL SUN_FLUX
     1     1    25    10    31    11     0     1     0.0   24.218  120.618     10.0    995.5    296.4    296.0      0.0    576.3     71.3    157.4    190.1
     2     1    25    10    31    11     0     1     0.0   24.218  120.618     10.0   1004.9    295.7    296.1      0.0    790.0     72.3     82.7    184.8
     3     1    25    10    31    11     0     1     0.0   24.218  120.618     10.0    993.3    296.9    296.3      0.0    382.1     69.3    165.7    185.9
     4     1    25    10    31    11     0     1     0.0   24.218  120.618     10.0    925.0    299.5    292.7      0.0    254.1     82.0    810.8    199.5
     5     1    25    10    31    11     0     1     0.0   24.218  120.618     10.0    948.4    297.3    292.7      0.0    468.9     81.2    595.2    189.6
     6     1    25    10    31    11     0     1     0.0   24.218  120.618     10.0    938.9    299.3    293.8      0.2     89.9     79.9    664.3    198.4
     7     1    25    10    31    11     0     1     0.0   24.218  120.618     10.0   1012.7    295.9    297.0      0.0    792.8     71.6     11.1    189.6
     8     1    25    10    31    11     0     1     0.0   24.218  120.618     10.0   1014.0    295.8    297.0      0.0    886.8     71.8      1.4    180.2
     9     1    25    10    31    11     0     1     0.0   24.218  120.618     10.0   1011.4    296.2    297.2      0.0    702.2     68.7     13.0    182.4
    10     1    25    10    31    11     0     1     0.0   24.218  120.618     10.0    995.5    296.4    296.0      0.0    576.3     71.3    157.4    190.1
    11     1    25    10    31    11     0     1     0.0   24.218  120.618     10.0   1004.9    295.7    296.1      0.0    790.0     72.3     82.7    184.8
    12     1    25    10    31    11     0     1     0.0   24.218  120.618     10.0    993.3    296.9    296.3      0.0    382.1     69.3    165.7    185.9
    13     1    25    10    31    11     0     1     0.0   24.218  120.618     10.0    925.1    299.5    292.7      0.0    254.1     82.0    810.8    199.5
    14     1    25    10    31    11     0     1     0.0   24.218  120.618     10.0    948.4    297.3    292.7      0.0    468.9     81.2    595.2    189.6
    15     1    25    10    31    11     0     1     0.0   24.218  120.618     10.0    938.9    299.3    293.8      0.2     89.9     79.9    664.3    198.4
    16     1    25    10    31    11     0     1     0.0   24.218  120.618     10.0   1012.7    295.9    297.0      0.0    792.8     71.6     11.1    189.6
    17     1    25    10    31    11     0     1     0.0   24.218  120.618     10.0   1014.0    295.8    297.0      0.0    886.8     71.8      1.4    180.2
    18     1    25    10    31    11     0     1     0.0   24.218  120.618     10.0   1011.4    296.2    297.2      0.0    702.2     68.7     13.0    182.4
    19     1    25    10    31    11     0     1     0.0   24.218  120.618     10.0    967.4    296.5    293.7      0.0    576.3     76.5    157.4    190.1
    20     1    25    10    31    11     0     1     0.0   24.218  120.618     10.0    976.5    295.7    293.7      0.0    790.0     76.1     82.7    184.8
    21     1    25    10    31    11     0     1     0.0   24.218  120.618     10.0    965.4    297.4    294.4      0.0    382.1     73.9    165.7    185.9
    22     1    25    10    31    11     0     1     0.0   24.218  120.618     10.0    899.4    300.4    291.3      0.0    254.1     84.4    810.8    199.5
    23     1    25    10    31    11     0     1     0.0   24.218  120.618     10.0    921.9    298.2    291.2      0.0    468.9     83.9    595.2    189.6
    24     1    25    10    31    11     0     1     0.0   24.218  120.618     10.0    912.8    300.6    292.8      0.2     89.9     80.6    664.3    198.4
    25     1    25    10    31    11     0     1     0.0   24.218  120.618     10.0    984.1    295.7    294.4      0.0    792.8     75.0     11.1    189.6
    26     1    25    10    31    11     0     1     0.0   24.218  120.618     10.0    985.3    295.6    294.3      0.0    886.8     74.2      1.4    180.2
    27     1    25    10    31    11     0     1     0.0   24.218  120.618     10.0    982.8    296.0    294.5      0.0    702.2     74.3     13.0    182.4
     1     1    25    10    31    10     0     2    -1.0   24.270  120.592     41.6    983.8    296.1    294.7      0.0    717.0     73.8    234.6    232.9
     2     1    25    10    31    10     0     2    -1.0   24.266  120.659      0.9   1005.9    295.8    296.3      0.0    937.9     69.5     77.0    202.6
     3     1    25    10    31    10     0     2    -1.0   24.179  120.479      1.6    989.6    297.2    296.3      0.0    493.1     69.6    198.0    235.4
     4     1    25    10    31    10     0     2    -1.0   24.074  120.464     14.1    914.6    300.1    292.4      0.0    308.4     82.9    902.9    247.1
     5     1    25    10    31    10     0     2    -1.0   24.122  120.542     22.9    942.8    297.7    292.6      0.0    527.3     81.1    629.9    222.5
     6     1    25    10    31    10     0     2    -1.0   24.026  120.424      0.0    947.7    299.7    295.0      0.1    124.7     76.2    579.5    243.7
     7     1    25    10    31    10     0     2    -1.0   24.365  120.687     21.1   1007.4    295.7    296.3      0.0    900.1     70.3     46.7    216.6
     8     1    25    10    31    10     0     2    -1.0   24.334  120.728     13.4   1013.9    295.5    296.7      0.0   1024.9     68.3      0.0    192.8
     9     1    25    10    31    10     0     2    -1.0   24.360  120.605     29.8   1005.4    296.1    296.5      0.0    789.7     70.2     50.1    234.0
    10     1    25    10    31    10     0     2    -1.0   24.255  120.581    275.2    988.4    296.0    295.0      0.0    722.0     72.9    205.9    233.2
    11     1    25    10    31    10     0     2    -1.0   24.266  120.659    249.3   1005.9    295.8    296.3      0.0    937.9     69.5     77.0    202.6
    12     1    25    10    31    10     0     2    -1.0   24.179  120.479    249.6    989.6    297.2    296.3      0.0    493.1     69.6    198.0    235.4
    13     1    25    10    31    10     0     2    -1.0   24.068  120.461    244.4    915.8    300.1    292.5      0.0    308.5     82.6    896.1    247.3
    14     1    25    10    31    10     0     2    -1.0   24.116  120.535    253.2    943.9    297.6    292.6      0.0    524.1     81.1    632.3    223.0
    15     1    25    10    31    10     0     2    -1.0   24.026  120.424    244.2    947.6    299.7    295.0      0.1    124.7     76.2    579.7    243.8
    16     1    25    10    31    10     0     2    -1.0   24.355  120.678    258.0   1008.8    295.7    296.4      0.0    897.3     70.8     45.9    217.6
    17     1    25    10    31    10     0     2    -1.0   24.332  120.726    252.8   1014.3    295.6    296.8      0.0   1023.9     68.3      0.0    192.8
    18     1    25    10    31    10     0     2    -1.0   24.350  120.600    266.7   1007.3    296.1    296.7      0.0    789.4     70.4     46.3    234.4
    19     1    25    10    31    10     0     2    -1.0   24.337  120.678    201.0    919.3    298.0    290.8      0.0    643.3     83.1    419.1    225.4
    20     1    25    10    31    10     0     2    -1.0   24.343  120.753    116.2    964.9    295.6    292.6      0.0    964.9     79.6     87.5    200.4
    21     1    25    10    31    10     0     2    -1.0   24.281  120.546    102.2    942.4    297.7    292.7      0.0    506.0     79.2    282.9    237.9
    22     1    25    10    31    10     0     2    -1.0   24.092  120.496     90.9    869.9    301.9    290.0      0.0    272.8     86.4   1016.6    247.9
    23     1    25    10    31    10     0     2    -1.0   24.168  120.619    195.5    894.0    299.3    289.7      0.0    535.9     85.6    683.7    207.8
    24     1    25    10    31    10     0     2    -1.0   24.055  120.419      0.0    926.3    300.5    293.9      0.1    148.6     75.8    577.6    243.5
    25     1    25    10    31    10     0     2    -1.0   24.441  120.767    147.3    965.2    295.6    292.6      0.0    933.9     79.1     42.3    208.5
    26     1    25    10    31    10     0     2    -1.0   24.386  120.791    104.4    974.9    295.3    293.2      0.0   1060.0     77.0      0.0    191.7
    27     1    25    10    31    10     0     2    -1.0   24.475  120.697    157.5    957.7    296.0    292.4      0.0    793.9     79.8     97.8    230.7
     1     1    25    10    31     9     0     3    -2.0   24.491  120.781     41.4    983.3    296.5    295.0      0.0    835.3     71.5    245.6    249.8
     2     1    25    10    31     9     0     3    -2.0   24.467  120.857     10.6   1004.8    295.8    296.2      0.0   1070.0     67.8     87.0    230.3
     3     1    25    10    31     9     0     3    -2.0   24.410  120.572     35.2    982.4    297.0    295.5      0.0    667.5     70.4    236.7    281.7
     4     1    25    10    31     9     0     3    -2.0   24.149  120.497      0.0    909.8    300.2    292.1      0.0    342.5     84.2    943.8    290.9
     5     1    25    10    31     9     0     3    -2.0   24.238  120.664     26.0    954.9    297.2    293.2      0.0    661.9     77.8    527.3    225.6
     6     1    25    10    31     9     0     3    -2.0   24.068  120.400      0.0    953.0    300.1    295.9      0.1    206.8     72.5    529.0    288.9
     7     1    25    10    31     9     0     3    -2.0   24.657  120.949     20.5   1008.0    295.7    296.4      0.0   1050.5     67.6     44.5    233.8
     8     1    25    10    31     9     0     3    -2.0   24.620  120.995     17.7   1012.7    295.4    296.5      0.0   1152.8     67.5     10.5    232.3
     9     1    25    10    31     9     0     3    -2.0   24.698  120.846     30.0   1001.2    296.0    296.1      0.0    914.1     68.9     89.7    251.5
    10     1    25    10    31     9     0     3    -2.0   24.463  120.750    263.3    981.3    296.6    295.0      0.0    800.4     72.4    287.0    252.8
    11     1    25    10    31     9     0     3    -2.0   24.466  120.857    258.9   1004.8    295.8    296.2      0.0   1069.9     67.8     87.0    230.3
    12     1    25    10    31     9     0     3    -2.0   24.410  120.572    282.8    982.4    297.0    295.5      0.0    667.6     70.4    236.6    281.7
    13     1    25    10    31     9     0     3    -2.0   24.144  120.493    240.7    910.9    300.2    292.2      0.0    345.9     83.9    933.8    291.2
    14     1    25    10    31     9     0     3    -2.0   24.219  120.640    255.7    954.4    297.4    293.3      0.0    655.0     77.6    546.3    235.1
    15     1    25    10    31     9     0     3    -2.0   24.068  120.400    244.7    953.0    300.1    295.9      0.1    206.7     72.5    529.0    288.9
    16     1    25    10    31     9     0     3    -2.0   24.642  120.933    255.4   1009.3    295.7    296.5      0.0   1041.0     67.6     42.6    234.3
    17     1    25    10    31     9     0     3    -2.0   24.614  120.990    256.2   1013.5    295.5    296.6      0.0   1151.4     67.5     10.6    231.8
    18     1    25    10    31     9     0     3    -2.0   24.674  120.824    263.0   1004.8    295.9    296.3      0.0    915.1     69.0     72.0    254.9
    19     1    25    10    31     9     0     3    -2.0   24.529  120.932    455.6    895.1    297.7    288.4      0.0    716.1     91.5    400.5    213.7
    20     1    25    10    31     9     0     3    -2.0   24.585  121.019    184.3    958.5    295.6    292.0      0.0   1125.8     80.0     77.6    228.4
    21     1    25    10    31     9     0     3    -2.0   24.513  120.733    362.8    868.6    301.6    289.6      0.0    462.4     79.7    735.5    279.4
    22     1    25    10    31     9     0     3    -2.0   24.138  120.554    225.8    838.2    303.9    288.9      0.0    234.0     85.0   1188.1    295.2
    23     1    25    10    31     9     0     3    -2.0   24.277  120.798    432.7    870.5    298.9    287.2      0.0    520.0     95.5    665.4    180.9
    24     1    25    10    31     9     0     3    -2.0   24.151  120.413      0.0    919.8    300.7    293.5      0.1    267.1     76.3    631.1    292.1
    25     1    25    10    31     9     0     3    -2.0   24.749  121.090    277.4    950.3    295.7    291.4      0.0   1119.0     83.8     51.2    230.5
    26     1    25    10    31     9     0     3    -2.0   24.695  121.092    169.3    967.4    295.2    292.4      0.0   1185.1     80.1     10.9    240.1
    27     1    25    10    31     9     0     3    -2.0   24.814  121.026    360.5    935.0    296.0    290.4      0.0    953.9     86.3    110.3    242.2
     1     1    25    10    31     8     0     2    -3.0   24.666  120.954     19.6    986.5    296.6    295.4      0.1    950.7     69.9    242.1    319.3
     2     1    25    10    31     8     0     2    -3.0   24.654  121.022      0.0   1009.1    295.9    296.6      0.0   1156.6     66.6     50.8    350.2
     3     1    25    10    31     8     0     2    -3.0   24.626  120.711      0.0    965.6    298.0    294.9      0.1    735.1     73.0    426.2    369.7
     4     1    25    10    31     8     0     2    -3.0   24.223  120.534      0.0    905.0    300.9    292.4      0.3    450.9     81.6    976.8    390.3
     5     1    25    10    31     8     0     2    -3.0   24.343  120.762      0.0    964.7    297.1    294.1      0.2    785.5     75.0    449.6    284.6
     6     1    25    10    31     8     0     2    -3.0   24.141  120.377      0.0    956.1    300.9    297.0      0.0    512.3     67.0    495.8    417.7
     7     1    25    10    31     8     0     2    -3.0   24.894  121.167     24.5   1009.4    295.7    296.5      0.0   1144.9     66.7     33.0    356.1
     8     1    25    10    31     8     0     2    -3.0   24.897  121.210     21.0   1014.0    295.2    296.4      0.0   1152.8     68.0      0.0    374.4
     9     1    25    10    31     8     0     2    -3.0   24.946  121.076     30.6   1003.7    296.1    296.4      0.0   1067.6     66.4     72.9    350.9
    10     1    25    10    31     8     0     2    -3.0   24.621  120.904    249.5    988.6    296.7    295.7      0.1    938.2     69.3    232.6    325.1
    11     1    25    10    31     8     0     2    -3.0   24.654  121.022    249.5   1009.1    295.9    296.6      0.0   1156.4     66.6     50.9    350.2
    12     1    25    10    31     8     0     2    -3.0   24.626  120.711    245.7    965.6    298.0    294.9      0.1    735.2     73.0    426.2    369.7
    13     1    25    10    31     8     0     2    -3.0   24.220  120.530    240.3    906.2    300.9    292.5      0.3    456.4     81.3    966.8    391.1
    14     1    25    10    31     8     0     2    -3.0   24.323  120.738    245.6    965.3    297.2    294.1      0.2    780.9     74.8    443.6    287.6
    15     1    25    10    31     8     0     2    -3.0   24.141  120.377    245.0    956.1    300.9    297.0      0.0    512.2     67.0    495.7    417.7
    16     1    25    10    31     8     0     2    -3.0   24.865  121.141    261.0   1010.7    295.8    296.7      0.0   1136.6     66.4     33.4    355.3
    17     1    25    10    31     8     0     2    -3.0   24.883  121.200    257.8   1015.2    295.3    296.5      0.0   1155.1     68.0      0.0    373.7
    18     1    25    10    31     8     0     2    -3.0   24.910  121.038    257.8   1005.8    296.2    296.7      0.0   1045.8     66.1     74.0    351.4
    19     1    25    10    31     8     0     2    -3.0   24.615  121.093    710.2    857.4    299.8    286.9      0.2    738.0     92.0    512.4    264.1
    20     1    25    10    31     8     0     2    -3.0   24.821  121.210     97.6    969.3    295.3    292.7      0.0   1110.2     80.4     56.0    288.7
    21     1    25    10    31     8     0     2    -3.0   24.563  120.818    624.9    825.9    305.1    288.8      0.3    478.5     68.6    897.7    371.9
    22     1    25    10    31     8     0     2    -3.0   24.125  120.571    329.9    819.1    305.6    288.6      0.3    377.7     81.1   1278.5    413.3
    23     1    25    10    31     8     0     2    -3.0   24.324  120.902    674.4    848.0    300.4    286.5      0.3    592.2     93.8    640.3    227.8
    24     1    25    10    31     8     0     2    -3.0   24.277  120.440      0.0    896.1    302.0    292.5      0.2    503.9     78.6    848.4    424.1
    25     1    25    10    31     8     0     2    -3.0   24.998  121.332    291.7    952.1    295.5    291.4      0.0   1205.6     84.3     20.8    350.9
    26     1    25    10    31     8     0     2    -3.0   24.995  121.315    162.2    969.4    294.9    292.3      0.0   1142.8     81.4      0.0    380.3
    27     1    25    10    31     8     0     2    -3.0   25.013  121.285    534.1    913.3    296.3    288.7      0.0   1062.3     92.6    140.6    330.3
     1     1    25    10    31     7     0     1    -4.0   24.827  121.073      0.0   1003.4    296.5    296.8      0.0   1121.1     64.9     97.6    448.8
     2     1    25    10    31     7     0     1    -4.0   24.888  121.184      0.0   1010.6    295.4    296.3      0.0   1130.9     69.0     31.1    437.8
     3     1    25    10    31     7     0     1    -4.0   24.793  120.845      0.0    992.1    297.5    296.8      0.0    986.3     64.8    197.7    438.9
     4     1    25    10    31     7     0     1    -4.0   24.301  120.569      0.0    907.9    301.4    293.1      0.3    554.0     78.0    939.2    471.0
     5     1    25    10    31     7     0     1    -4.0   24.461  120.842      0.0    982.5    297.2    295.7      0.1    985.1     68.6    286.0    398.6
     6     1    25    10    31     7     0     1    -4.0   24.255  120.370      0.0    953.0    301.8    297.5      0.1    723.3     63.4    524.7    544.7
     7     1    25    10    31     7     0     1    -4.0   25.152  121.352      5.7   1013.5    295.3    296.5      0.0   1149.2     68.1      8.0    477.5
     8     1    25    10    31     7     0     1    -4.0   25.204  121.369     22.6   1013.7    294.8    296.0      0.0   1105.7     68.6      0.0    513.4
     9     1    25    10    31     7     0     1    -4.0   25.166  121.258      5.5   1009.3    296.0    296.7      0.0   1136.9     66.0     43.7    469.0
    10     1    25    10    31     7     0     1    -4.0   24.779  121.027    249.0   1002.8    296.6    296.8      0.0   1105.1     64.5    104.1    449.0
    11     1    25    10    31     7     0     1    -4.0   24.887  121.184    249.7   1010.6    295.4    296.3      0.0   1131.0     69.0     31.1    437.7
    12     1    25    10    31     7     0     1    -4.0   24.793  120.845    248.0    992.1    297.5    296.8      0.0    986.3     64.8    197.7    438.9
    13     1    25    10    31     7     0     1    -4.0   24.300  120.566    240.7    908.6    301.3    293.2      0.3    555.5     77.9    933.1    471.5
    14     1    25    10    31     7     0     1    -4.0   24.442  120.821    246.8    978.5    297.3    295.5      0.1    963.7     69.3    323.5    395.8
    15     1    25    10    31     7     0     1    -4.0   24.255  120.370    244.8    953.1    301.8    297.5      0.1    723.3     63.4    524.4    544.7
    16     1    25    10    31     7     0     1    -4.0   25.112  121.324    250.0   1014.1    295.4    296.6      0.0   1163.7     67.7      1.3    484.7
    17     1    25    10    31     7     0     1    -4.0   25.181  121.357    257.8   1015.1    294.9    296.2      0.0   1107.5     68.6      0.0    512.5
    18     1    25    10    31     7     0     1    -4.0   25.113  121.211    249.5   1008.5    296.1    296.8      0.0   1118.6     65.5     51.8    468.1
    19     1    25    10    31     7     0     1    -4.0   24.690  121.166    839.4    858.4    299.7    286.8      0.2    906.4     89.6    363.9    359.3
    20     1    25    10    31     7     0     1    -4.0   25.112  121.346     48.3    981.9    294.9    293.4      0.0   1137.2     77.2      0.0    490.6
    21     1    25    10    31     7     0     1    -4.0   24.545  120.807    801.4    806.4    306.9    288.5      0.3    557.3     63.0    920.6    472.9
    22     1    25    10    31     7     0     1    -4.0   24.107  120.559    373.4    817.0    306.0    288.8      0.3    571.9     80.1   1257.8    535.2
    23     1    25    10    31     7     0     1    -4.0   24.372  120.934    815.9    843.3    301.0    286.7      0.3    752.5     88.6    541.4    312.0
    24     1    25    10    31     7     0     1    -4.0   24.410  120.491      0.0    893.8    302.1    292.4      0.2    627.7     78.2    904.7    517.8
    25     1    25    10    31     7     0     1    -4.0   25.276  121.500    232.3    961.1    294.9    291.6      0.0   1136.0     83.9      1.4    490.8
    26     1    25    10    31     7     0     1    -4.0   25.333  121.470    169.1    968.3    294.6    291.9      0.0   1113.3     81.6      0.0    514.3
    27     1    25    10    31     7     0     1    -4.0   25.196  121.456    549.6    914.9    295.9    288.5      0.1   1105.1     94.5     94.8    383.9
     1     1    25    10    31     6     0     0    -5.0   25.020  121.200      0.0   1005.2    295.7    296.2      0.0   1130.2     68.6     65.6    483.4
     2     1    25    10    31     6     0     0    -5.0   25.167  121.297      3.7   1014.8    295.1    296.3      0.0   1125.7     68.7      0.0    639.3
     3     1    25    10    31     6     0     0    -5.0   24.961  120.971      0.0    992.7    297.3    296.7      0.1   1050.4     65.0    190.7    538.8
     4     1    25    10    31     6     0     0    -5.0   24.402  120.617      0.0    931.9    301.3    295.1      0.2    823.6     69.5    740.6    549.4
     5     1    25    10    31     6     0     0    -5.0   24.609  120.929      0.0    999.8    296.8    296.8      0.1   1147.8     64.9    117.1    513.3
     6     1    25    10    31     6     0     0    -5.0   24.407  120.395      0.0    953.5    301.6    297.4      0.1    824.6     63.3    525.6    638.0
     7     1    25    10    31     6     0     0    -5.0   25.444  121.477      6.5   1014.8    295.0    296.2      0.0   1113.1     68.5      0.0    641.9
     8     1    25    10    31     6     0     0    -5.0   25.551  121.479     25.8   1013.0    294.6    295.7      0.0   1100.1     69.7      0.0    650.1
     9     1    25    10    31     6     0     0    -5.0   25.407  121.420      0.0   1011.1    295.4    296.3      0.0   1128.8     68.1     23.4    568.1
    10     1    25    10    31     6     0     0    -5.0   24.971  121.152    249.4   1005.7    296.0    296.5      0.0   1133.8     67.0     63.1    524.5
    11     1    25    10    31     6     0     0    -5.0   25.166  121.297    253.7   1014.8    295.1    296.3      0.0   1125.6     68.7      0.0    639.2
    12     1    25    10    31     6     0     0    -5.0   24.961  120.971    248.1    992.7    297.3    296.7      0.1   1050.4     65.0    190.6    538.8
    13     1    25    10    31     6     0     0    -5.0   24.401  120.614    242.7    932.5    301.2    295.1      0.2    823.5     69.5    734.4    550.2
    14     1    25    10    31     6     0     0    -5.0   24.591  120.906    248.8   1000.0    296.9    296.9      0.1   1145.5     64.3    117.0    524.8
    15     1    25    10    31     6     0     0    -5.0   24.407  120.395    244.7    953.5    301.6    297.4      0.1    824.7     63.3    525.4    638.0
    16     1    25    10    31     6     0     0    -5.0   25.398  121.457    251.2   1014.8    295.0    296.3      0.0   1115.2     68.3      0.0    637.5
    17     1    25    10    31     6     0     0    -5.0   25.516  121.464    259.0   1014.8    294.6    295.9      0.0   1101.7     69.7      0.0    650.1
    18     1    25    10    31     6     0     0    -5.0   25.348  121.374    249.8   1011.2    295.5    296.4      0.0   1128.8     67.8     18.7    568.9
    19     1    25    10    31     6     0     0    -5.0   24.792  121.224    866.0    875.0    298.1    286.9      0.2   1166.5     92.6    154.9    502.7
    20     1    25    10    31     6     0     0    -5.0   25.468  121.450     39.5    982.7    294.7    293.2      0.0   1128.8     77.3      0.0    644.9
    21     1    25    10    31     6     0     0    -5.0   24.513  120.752    986.8    800.2    307.7    288.6      0.2    695.9     60.9    805.2    590.1
    22     1    25    10    31     6     0     0    -5.0   24.109  120.544    399.5    820.6    306.0    289.1      0.3    760.9     79.3   1193.6    652.1
    23     1    25    10    31     6     0     0    -5.0   24.438  120.943    881.6    851.9    300.4    286.9      0.2    972.3     86.8    381.1    439.5
    24     1    25    10    31     6     0     0    -5.0   24.544  120.561      0.0    891.1    302.0    292.1      0.3    650.1     79.4    937.3    571.0
    25     1    25    10    31     6     0     0    -5.0   25.614  121.618    211.0    963.4    294.7    291.5      0.0   1128.8     83.4      0.0    647.6
    26     1    25    10    31     6     0     0    -5.0   25.714  121.584    177.3    967.1    294.3    291.5      0.0   1084.4     83.9      0.0    650.0
    27     1    25    10    31     6     0     0    -5.0   25.418  121.582    483.9    926.8    295.3    289.0      0.0   1133.2     94.0     51.3    514.9
     1     1    25    10    31     5     0     1    -6.0   25.248  121.310      0.0   1013.4    295.3    296.4      0.0   1065.7     69.0     14.6    578.2
     2     1    25    10    31     5     0     1    -6.0   25.491  121.379      5.1   1015.3    294.8    296.1      0.0   1065.9     69.5      0.0    625.7
     3     1    25    10    31     5     0     1    -6.0   25.158  121.090      0.0   1006.9    296.3    296.9      0.0   1106.8     66.5     65.7    541.8
     4     1    25    10    31     5     0     1    -6.0   24.532  120.691      0.0    968.5    298.6    295.8      0.0    914.6     70.5    413.5    449.5
     5     1    25    10    31     5     0     1    -6.0   24.781  121.032      0.0   1001.6    295.7    295.8      0.0   1084.6     70.9    100.9    383.0
     6     1    25    10    31     5     0     1    -6.0   24.579  120.459      0.0    954.1    300.3    296.2      0.0    779.1     70.1    525.9    562.7
     7     1    25    10    31     5     0     1    -6.0   25.774  121.563      7.2   1015.3    294.7    296.0      0.0   1062.2     69.4      0.0    628.9
     8     1    25    10    31     5     0     1    -6.0   25.914  121.568     34.4   1012.5    294.1    295.1      0.0    986.7     70.7      0.0    624.8
     9     1    25    10    31     5     0     1    -6.0   25.691  121.527      3.9   1015.3    295.0    296.3      0.0   1058.0     68.6      0.0    622.5
    10     1    25    10    31     5     0     1    -6.0   25.191  121.275    249.7   1010.6    295.4    296.3      0.0   1069.7     69.4     34.6    532.1
    11     1    25    10    31     5     0     1    -6.0   25.490  121.379    255.0   1015.3    294.8    296.1      0.0   1065.9     69.5      0.0    625.7
    12     1    25    10    31     5     0     1    -6.0   25.158  121.090    249.3   1006.9    296.3    296.9      0.0   1106.8     66.5     65.7    541.8
    13     1    25    10    31     5     0     1    -6.0   24.532  120.690    245.9    968.9    298.6    295.9      0.0    917.0     70.4    409.5    450.9
    14     1    25    10    31     5     0     1    -6.0   24.765  121.012    249.0   1002.3    295.8    296.0      0.0   1088.6     70.3     96.0    404.9
    15     1    25    10    31     5     0     1    -6.0   24.579  120.459    244.7    954.1    300.3    296.2      0.0    779.1     70.1    526.0    562.7
    16     1    25    10    31     5     0     1    -6.0   25.723  121.547    252.5   1015.3    294.8    296.1      0.0   1059.4     69.2      0.0    628.8
    17     1    25    10    31     5     0     1    -6.0   25.864  121.549    261.7   1015.1    294.3    295.5      0.0    991.7     70.6      0.0    625.3
    18     1    25    10    31     5     0     1    -6.0   25.622  121.493    252.6   1015.3    295.1    296.4      0.0   1056.5     68.5      0.0    617.7
    19     1    25    10    31     5     0     1    -6.0   24.932  121.281    838.7    880.6    297.4    286.8      0.1   1112.1     93.3    129.3    420.4
    20     1    25    10    31     5     0     1    -6.0   25.859  121.530     65.4    980.2    294.1    292.5      0.0   1030.1     81.7      0.0    621.2
    21     1    25    10    31     5     0     1    -6.0   24.493  120.689   1159.7    803.8    307.5    288.8      0.0    758.5     61.4    602.9    584.5
    22     1    25    10    31     5     0     1    -6.0   24.130  120.539    443.9    821.8    306.0    289.2      0.0    726.7     77.0   1140.0    622.2
    23     1    25    10    31     5     0     1    -6.0   24.535  120.972    888.2    873.4    298.3    287.0      0.2   1145.6     92.8    156.6    493.3
    24     1    25    10    31     5     0     1    -6.0   24.689  120.655      0.0    917.3    300.3    292.8      0.0    850.5     77.4    705.4    504.3
    25     1    25    10    31     5     0     1    -6.0   25.993  121.708    217.3    963.0    294.3    291.2      0.0   1043.8     86.1      0.0    625.6
    26     1    25    10    31     5     0     1    -6.0   26.097  121.673    221.1    962.5    293.8    290.6      0.0    983.3     86.9      0.0    602.0
    27     1    25    10    31     5     0     1    -6.0   25.713  121.677    437.6    938.6    295.1    289.7      0.0   1072.8     91.3      0.0    608.9
     1     1    25    10    31     4     0     2    -7.0   25.550  121.389      6.5   1015.8    295.0    296.3      0.0   1003.8     68.7      0.0    603.3
     2     1    25    10    31     4     0     2    -7.0   25.836  121.447      6.1   1015.8    294.4    295.7      0.0    969.7     70.6      0.0    599.4
     3     1    25    10    31     4     0     2    -7.0   25.379  121.221      0.0   1009.8    295.4    296.3      0.0   1020.4     70.1     43.6    482.2
     4     1    25    10    31     4     0     2    -7.0   24.680  120.776      0.0    981.5    297.6    296.0      0.0    970.6     71.7    301.7    464.9
     5     1    25    10    31     4     0     2    -7.0   25.003  121.118      0.0   1014.3    295.3    296.5      0.0   1012.0     69.4     10.7    551.0
     6     1    25    10    31     4     0     2    -7.0   24.756  120.568      0.0    988.6    298.5    297.5      0.0   1031.3     66.5    232.9    517.7
     7     1    25    10    31     4     0     2    -7.0   26.117  121.636      8.3   1015.8    294.3    295.7      0.0    957.1     70.3      0.0    599.1
     8     1    25    10    31     4     0     2    -7.0   26.278  121.639     40.3   1012.3    293.8    294.8      0.0    960.9     71.0      0.0    540.4
     9     1    25    10    31     4     0     2    -7.0   26.018  121.606      4.8   1015.8    294.8    296.1      0.0   1001.0     68.9      0.0    605.1
    10     1    25    10    31     4     0     2    -7.0   25.481  121.359    256.8   1015.8    295.0    296.4      0.0   1001.9     68.7      0.0    600.4
    11     1    25    10    31     4     0     2    -7.0   25.835  121.447    256.0   1015.8    294.4    295.7      0.0    969.8     70.6      0.0    599.5
    12     1    25    10    31     4     0     2    -7.0   25.379  121.221    249.6   1009.8    295.4    296.3      0.0   1020.4     70.1     43.6    482.2
    13     1    25    10    31     4     0     2    -7.0   24.681  120.775    247.0    981.8    297.6    296.0      0.0    972.3     71.7    299.0    465.9
    14     1    25    10    31     4     0     2    -7.0   24.982  121.102    249.8   1013.0    295.3    296.4      0.0   1013.2     69.7     20.6    533.4
    15     1    25    10    31     4     0     2    -7.0   24.756  120.568    247.7    988.5    298.5    297.5      0.0   1031.0     66.5    233.2    517.7
    16     1    25    10    31     4     0     2    -7.0   26.064  121.621    253.4   1015.8    294.4    295.7      0.0    960.5     70.1      0.0    601.3
    17     1    25    10    31     4     0     2    -7.0   26.210  121.620    264.2   1015.3    293.9    295.2      0.0    953.5     70.8      0.0    554.9
    18     1    25    10    31     4     0     2    -7.0   25.941  121.577    255.0   1015.8    294.8    296.2      0.0    998.5     68.6      0.0    607.3
    19     1    25    10    31     4     0     2    -7.0   25.144  121.328    834.2    888.9    297.2    287.4      0.0   1023.6     85.1     63.1    445.0
    20     1    25    10    31     4     0     2    -7.0   26.252  121.592    103.5    976.2    293.8    291.8      0.0    980.4     82.6      0.0    540.8
    21     1    25    10    31     4     0     2    -7.0   24.483  120.635   1302.2    808.1    307.3    289.0      0.0    823.1     62.1    418.0    572.6
    22     1    25    10    31     4     0     2    -7.0   24.157  120.541    514.3    818.6    306.3    289.2      0.0    682.5     73.5   1104.6    588.2
    23     1    25    10    31     4     0     2    -7.0   24.684  121.014    861.1    879.7    297.7    287.0      0.1   1073.3     91.1    122.1    408.7
    24     1    25    10    31     4     0     2    -7.0   24.868  120.775      0.0    949.0    297.6    293.2      0.0    880.2     81.1    423.1    425.3
    25     1    25    10    31     4     0     2    -7.0   26.377  121.780    269.6    957.5    293.9    290.3      0.0    960.2     88.6      0.0    567.8
    26     1    25    10    31     4     0     2    -7.0   26.485  121.738    252.3    959.4    293.5    290.0      0.0    975.6     87.7      0.0    508.5
    27     1    25    10    31     4     0     2    -7.0   26.071  121.756    442.1    938.6    294.7    289.4      0.0   1009.4     92.6      0.0    595.3
     1     1    25    10    31     3     0     3    -8.0   25.886  121.456      6.5   1016.3    294.7    296.1      0.0    936.3     69.2      0.0    575.7
     2     1    25    10    31     3     0     3    -8.0   26.181  121.500      6.8   1016.3    294.1    295.4      0.0    923.5     71.0      0.0    541.3
     3     1    25    10    31     3     0     3    -8.0   25.655  121.311      5.0   1016.3    295.1    296.4      0.0    931.9     68.7      0.0    582.8
     4     1    25    10    31     3     0     3    -8.0   24.858  120.866      0.0   1004.7    296.6    297.0      0.0   1080.8     69.3     97.2    489.3
     5     1    25    10    31     3     0     3    -8.0   25.314  121.185      5.1   1016.3    295.0    296.3      0.0    947.2     68.8      0.0    578.7
     6     1    25    10    31     3     0     3    -8.0   24.939  120.692      0.0    993.4    297.3    296.7      0.0   1016.8     71.2    197.0    483.9
     7     1    25    10    31     3     0     3    -8.0   26.460  121.693      9.0   1016.3    294.0    295.4      0.0    916.2     70.8      0.0    533.7
     8     1    25    10    31     3     0     3    -8.0   26.645  121.684     42.4   1012.5    293.2    294.3      0.0    897.5     73.0      0.0    493.6
     9     1    25    10    31     3     0     3    -8.0   26.356  121.673      5.0   1016.3    294.4    295.8      0.0    913.6     69.5      0.0    574.2
    10     1    25    10    31     3     0     3    -8.0   25.813  121.428    257.3   1016.3    294.8    296.1      0.0    942.2     68.9      0.0    576.5
    11     1    25    10    31     3     0     3    -8.0   26.180  121.500    256.7   1016.3    294.1    295.4      0.0    923.5     71.0      0.0    541.4
    12     1    25    10    31     3     0     3    -8.0   25.655  121.311    255.0   1016.3    295.1    296.4      0.0    931.9     68.7      0.0    582.8
    13     1    25    10    31     3     0     3    -8.0   24.859  120.865    249.0   1004.8    296.6    297.0      0.0   1080.1     69.3     96.5    489.4
    14     1    25    10    31     3     0     3    -8.0   25.288  121.171    255.1   1016.3    295.0    296.4      0.0    945.4     68.7      0.0    580.1
    15     1    25    10    31     3     0     3    -8.0   24.939  120.692    248.0    993.4    297.3    296.7      0.0   1016.7     71.2    197.1    483.8
    16     1    25    10    31     3     0     3    -8.0   26.405  121.681    254.1   1016.3    294.1    295.4      0.0    914.8     70.5      0.0    542.1
    17     1    25    10    31     3     0     3    -8.0   26.559  121.665    264.3   1015.7    293.4    294.7      0.0    901.3     72.4      0.0    486.1
    18     1    25    10    31     3     0     3    -8.0   26.278  121.647    255.1   1016.3    294.5    295.9      0.0    910.7     69.3      0.0    578.6
    19     1    25    10    31     3     0     3    -8.0   25.434  121.331    782.2    902.3    297.7    289.0      0.0    933.9     69.4      0.0    581.6
    20     1    25    10    31     3     0     3    -8.0   26.646  121.639    133.1    973.3    293.3    291.0      0.0    967.3     85.9      0.0    488.9
    21     1    25    10    31     3     0     3    -8.0   24.476  120.599   1410.2    809.7    307.0    289.0      0.0    876.9     63.7    294.7    556.7
    22     1    25    10    31     3     0     3    -8.0   24.187  120.541    586.8    816.1    306.6    289.2      0.0    635.3     70.6   1059.6    551.6
    23     1    25    10    31     3     0     3    -8.0   24.916  121.043    852.8    889.1    297.9    288.0      0.0    959.7     77.9     48.4    459.2
    24     1    25    10    31     3     0     3    -8.0   25.081  120.895      0.0    979.5    296.4    294.6      0.1   1090.6     76.9    117.6    481.1
    25     1    25    10    31     3     0     3    -8.0   26.761  121.835    306.1    953.8    293.6    289.6      0.0    966.1     90.8      0.0    499.9
    26     1    25    10    31     3     0     3    -8.0   26.864  121.786    293.7    955.1    293.0    289.1      0.0    908.7     92.3      0.0    515.2
    27     1    25    10    31     3     0     3    -8.0   26.438  121.818    512.3    931.2    294.3    288.4      0.0    932.2     95.0      0.0    563.6
     1     1    25    10    31     2     0     2    -9.0   26.238  121.508      6.9   1016.1    294.3    295.6      0.0    927.0     71.0      0.0    388.4
     2     1    25    10    31     2     0     2    -9.0   26.538  121.533      6.8   1016.1    293.6    294.9      0.0    933.1     72.7      0.0    341.3
     3     1    25    10    31     2     0     2    -9.0   25.988  121.380      7.1   1016.1    294.8    296.2      0.0    955.5     70.0      0.0    400.3
     4     1    25    10    31     2     0     2    -9.0   25.057  120.974      0.0   1007.7    295.6    296.2      0.9    935.4     73.3     65.5    270.8
     5     1    25    10    31     2     0     2    -9.0   25.662  121.243      5.1   1016.1    294.7    296.0      0.0    950.1     70.7      0.0    396.8
     6     1    25    10    31     2     0     2    -9.0   25.135  120.808      0.0   1008.7    296.1    296.9      0.6    967.0     72.2     66.7    346.3
     7     1    25    10    31     2     0     2    -9.0   26.814  121.728      9.1   1016.1    293.5    294.9      0.0    912.1     72.6      0.0    338.9
     8     1    25    10    31     2     0     2    -9.0   27.011  121.712     47.9   1012.0    292.7    293.7      0.0    848.7     74.6      0.0    372.7
     9     1    25    10    31     2     0     2    -9.0   26.708  121.722      5.6   1016.1    294.0    295.4      0.0    916.2     71.5      0.0    371.2
    10     1    25    10    31     2     0     2    -9.0   26.163  121.484    257.5   1016.1    294.4    295.7      0.0    926.2     70.9      0.0    393.0
    11     1    25    10    31     2     0     2    -9.0   26.537  121.533    256.7   1016.1    293.6    294.9      0.0    933.1     72.7      0.0    341.3
    12     1    25    10    31     2     0     2    -9.0   25.988  121.380    257.1   1016.1    294.8    296.2      0.0    955.5     70.0      0.0    400.3
    13     1    25    10    31     2     0     2    -9.0   25.059  120.974    249.4   1007.8    295.5    296.2      0.9    935.4     73.2     64.9    272.0
    14     1    25    10    31     2     0     2    -9.0   25.634  121.230    255.1   1016.1    294.7    296.1      0.0    952.2     70.6      0.0    396.7
    15     1    25    10    31     2     0     2    -9.0   25.135  120.808    249.3   1008.7    296.1    296.9      0.6    967.0     72.2     66.7    346.3
    16     1    25    10    31     2     0     2    -9.0   26.759  121.718    254.1   1016.1    293.6    295.0      0.0    912.0     72.4      0.0    339.3
    17     1    25    10    31     2     0     2    -9.0   26.909  121.695    265.6   1015.7    293.0    294.3      0.0    860.3     73.9      0.0    361.3
    18     1    25    10    31     2     0     2    -9.0   26.627  121.701    255.7   1016.1    294.1    295.4      0.0    913.6     71.2      0.0    378.6
    19     1    25    10    31     2     0     2    -9.0   25.770  121.303    809.0    899.2    297.5    288.6      0.0    945.5     69.7      0.0    404.3
    20     1    25    10    31     2     0     2    -9.0   27.041  121.667    172.2    968.7    292.8    290.2      0.0    910.3     89.7      0.0    366.9
    21     1    25    10    31     2     0     2    -9.0   24.476  120.571   1511.6    809.9    306.9    288.9      0.0    791.3     64.2    191.0    380.4
    22     1    25    10    31     2     0     2    -9.0   24.225  120.535    668.3    816.0    306.6    289.2      0.4    492.5     67.9    979.0    361.1
    23     1    25    10    31     2     0     2    -9.0   25.216  121.032    790.1    901.4    297.6    288.9      0.0    951.2     72.0      0.0    398.2
    24     1    25    10    31     2     0     2    -9.0   25.306  121.009      0.0    982.3    295.5    294.0      1.0    928.9     79.7     80.8    251.8
    25     1    25    10    31     2     0     2    -9.0   27.150  121.873    349.6    948.7    293.1    288.7      0.0    919.1     94.7      0.0    355.2
    26     1    25    10    31     2     0     2    -9.0   27.237  121.810    361.0    947.9    292.6    288.1      0.0    862.9     95.9      0.0    374.3
    27     1    25    10    31     2     0     2    -9.0   26.826  121.857    553.3    926.5    294.3    288.0      0.0    948.2     92.0      0.0    360.7
     1     1    25    10    31     1     0     1   -10.0   26.614  121.540      7.8   1016.0    293.9    295.2      0.0    926.6     72.4      0.0    199.7
     2     1    25    10    31     1     0     1   -10.0   26.907  121.548      8.8   1016.1    293.1    294.4      0.0    884.3     74.3      0.0    201.4
     3     1    25    10    31     1     0     1   -10.0   26.357  121.436      7.3   1016.0    294.4    295.7      0.0    925.4     71.8      0.0    218.9
     4     1    25    10    31     1     0     1   -10.0   25.318  121.056      0.5   1016.0    295.3    296.7      0.0    963.0     71.8      0.0    205.6
     5     1    25    10    31     1     0     1   -10.0   26.042  121.284      6.2   1016.0    294.2    295.6      0.0    931.5     71.9      0.0    212.9
     6     1    25    10    31     1     0     1   -10.0   25.361  120.932      0.0   1011.6    295.5    296.5      0.6    911.9     73.6     36.1    165.0
     7     1    25    10    31     1     0     1   -10.0   27.178  121.748     11.2   1016.1    293.0    294.4      0.0    864.8     74.2      0.0    201.6
     8     1    25    10    31     1     0     1   -10.0   27.371  121.726     61.7   1011.3    292.2    293.1      0.0    838.2     76.0      0.0    210.5
     9     1    25    10    31     1     0     1   -10.0   27.078  121.750      5.8   1016.0    293.6    294.9      0.0    905.5     72.7      0.0    187.5
    10     1    25    10    31     1     0     1   -10.0   26.539  121.520    258.9   1016.0    293.9    295.3      0.0    924.0     72.2      0.0    204.3
    11     1    25    10    31     1     0     1   -10.0   26.906  121.548    258.7   1016.1    293.1    294.4      0.0    884.4     74.3      0.0    201.4
    12     1    25    10    31     1     0     1   -10.0   26.357  121.436    257.2   1016.0    294.4    295.7      0.0    925.4     71.8      0.0    218.9
    13     1    25    10    31     1     0     1   -10.0   25.321  121.056    250.6   1016.0    295.3    296.7      0.0    963.2     71.8      0.0    205.8
    14     1    25    10    31     1     0     1   -10.0   26.013  121.273    256.0   1016.0    294.3    295.6      0.0    930.8     71.9      0.0    213.9
    15     1    25    10    31     1     0     1   -10.0   25.361  120.932    249.6   1011.6    295.5    296.5      0.6    911.9     73.6     36.1    164.9
    16     1    25    10    31     1     0     1   -10.0   27.124  121.740    255.9   1016.2    293.1    294.5      0.0    873.9     73.9      0.0    198.3
    17     1    25    10    31     1     0     1   -10.0   27.255  121.713    270.5   1016.0    292.4    293.8      0.0    831.1     75.0      0.0    210.1
    18     1    25    10    31     1     0     1   -10.0   26.997  121.733    256.0   1016.0    293.7    295.0      0.0    903.9     72.3      0.0    188.0
    19     1    25    10    31     1     0     1   -10.0   26.125  121.249    863.6    893.2    297.6    288.2      0.0    900.2     70.4      0.0    219.7
    20     1    25    10    31     1     0     1   -10.0   27.432  121.668    248.4    960.9    292.3    288.9      0.0    868.1     93.9      0.0    191.8
    21     1    25    10    31     1     0     1   -10.0   24.499  120.521   1659.5    800.9    306.9    288.0      0.0    705.5     67.0    138.3    198.2
    22     1    25    10    31     1     0     1   -10.0   24.272  120.517    804.1    815.8    306.4    289.0      0.5    393.0     66.9    845.1    178.8
    23     1    25    10    31     1     0     1   -10.0   25.564  120.997    821.4    897.8    297.7    288.6      0.0    942.6     71.1      0.0    222.1
    24     1    25    10    31     1     0     1   -10.0   25.608  121.095      0.0    989.8    295.2    294.3      0.0    968.3     77.8      0.0    204.6
    25     1    25    10    31     1     0     1   -10.0   27.549  121.883    445.3    938.8    292.9    287.6      0.0    864.3     95.4      0.0    197.7
    26     1    25    10    31     1     0     1   -10.0   27.611  121.799    455.8    937.8    292.6    287.3      0.0    832.6     93.9      0.6    209.6
    27     1    25    10    31     1     0     1   -10.0   27.236  121.869    601.6    921.0    294.6    287.7      0.0    931.5     87.5      0.0    189.1
     1     1    25    10    31     0     0     0   -11.0   27.004  121.551      9.2   1015.9    293.4    294.7      0.0    905.8     73.5      0.0     40.0
     2     1    25    10    31     0     0     0   -11.0   27.271  121.551     13.8   1017.4    292.4    293.9      0.0    841.7     76.1      0.0     41.4
     3     1    25    10    31     0     0     0   -11.0   26.752  121.472      9.7   1015.9    294.0    295.3      0.0    906.3     72.4      0.0     41.4
     4     1    25    10    31     0     0     0   -11.0   25.669  121.118      4.8   1015.9    294.9    296.3      0.0    992.2     73.1      0.0     33.6
     5     1    25    10    31     0     0     0   -11.0   26.437  121.306      7.4   1015.9    293.8    295.1      0.0    918.3     72.6      0.0     36.4
     6     1    25    10    31     0     0     0   -11.0   25.660  121.013      2.6   1015.9    295.3    296.6      0.0    983.6     73.1      0.0     22.6
     7     1    25    10    31     0     0     0   -11.0   27.536  121.758     17.7   1017.0    292.4    293.8      0.0    830.6     75.9      0.0     41.4
     8     1    25    10    31     0     0     0   -11.0   27.708  121.725     83.5   1008.7    291.5    292.2      0.0    764.6     80.3      6.3     41.4
     9     1    25    10    31     0     0     0   -11.0   27.457  121.762      9.3   1016.2    293.0    294.4      0.0    850.5     74.4      0.0     39.5
    10     1    25    10    31     0     0     0   -11.0   26.928  121.536    259.5   1015.9    293.5    294.8      0.0    901.8     73.1      0.0     37.5
    11     1    25    10    31     0     0     0   -11.0   27.270  121.551    263.8   1017.4    292.4    293.9      0.0    841.7     76.1      0.0     41.4
    12     1    25    10    31     0     0     0   -11.0   26.752  121.472    259.7   1015.9    294.0    295.3      0.0    906.3     72.4      0.0     41.4
    13     1    25    10    31     0     0     0   -11.0   25.672  121.117    254.8   1015.9    294.9    296.3      0.0    991.8     73.1      0.0     33.8
    14     1    25    10    31     0     0     0   -11.0   26.408  121.297    257.3   1015.9    293.8    295.2      0.0    918.9     72.5      0.0     37.3
    15     1    25    10    31     0     0     0   -11.0   25.660  121.013    252.6   1015.9    295.3    296.6      0.0    983.5     73.1      0.0     22.5
    16     1    25    10    31     0     0     0   -11.0   27.483  121.752    260.4   1017.6    292.5    293.9      0.0    829.2     75.6      0.0     41.0
    17     1    25    10    31     0     0     0   -11.0   27.584  121.720    278.7   1015.5    291.8    293.1      0.0    794.2     77.7      2.0     41.4
    18     1    25    10    31     0     0     0   -11.0   27.377  121.748    258.8   1016.1    293.2    294.5      0.0    867.2     73.9      0.0     39.1
    19     1    25    10    31     0     0     0   -11.0   26.507  121.158    944.0    884.6    297.7    287.4      0.0    870.2     74.0      0.0     41.4
    20     1    25    10    31     0     0     0   -11.0   27.806  121.659    309.1    954.6    291.8    288.0      0.0    786.4     97.5      0.0     35.5
    21     1    25    10    31     0     0     0   -11.0   24.566  120.417   1802.6    795.5    306.6    287.2      0.0    723.6     70.5     50.1     32.3
    22     1    25    10    31     0     0     0   -11.0   24.331  120.490    994.5    821.0    305.5    288.6      0.4    402.5     69.7    607.8     15.2
    23     1    25    10    31     0     0     0   -11.0   25.942  120.928    863.4    893.2    297.7    288.2      0.0    901.6     71.6      0.0     41.4
    24     1    25    10    31     0     0     0   -11.0   26.014  121.161      3.8    987.8    294.7    293.7      0.0    987.5     79.9      0.0     40.2
    25     1    25    10    31     0     0     0   -11.0   27.934  121.865    535.3    929.5    293.0    286.9      0.0    812.8     92.4      0.0     39.0
    26     1    25    10    31     0     0     0   -11.0   27.964  121.772    489.3    934.1    292.8    287.1      0.0    693.3     91.2      4.5     35.5
    27     1    25    10    31     0     0     0   -11.0   27.658  121.853    715.5    909.2    295.2    287.3      0.0    854.9     81.5      0.0     40.8
     1     1    25    10    30    23     0     1   -12.0   27.396  121.551     14.6   1015.9    292.6    294.0      0.0    823.0     77.4      0.0     27.4
     2     1    25    10    30    23     0     1   -12.0   27.620  121.548     19.2   1016.0    291.9    293.2      0.0    803.4     78.6      0.7     27.6
     3     1    25    10    30    23     0     1   -12.0   27.148  121.489     10.1   1015.8    293.5    294.8      0.0    873.5     74.5      0.0     24.0
     4     1    25    10    30    23     0     1   -12.0   26.058  121.165      4.8   1015.1    294.5    295.8      0.0    882.8     74.3      0.0     27.6
     5     1    25    10    30    23     0     1   -12.0   26.841  121.309      9.2   1015.8    293.2    294.5      0.0    867.3     75.9      0.0     27.4
     6     1    25    10    30    23     0     1   -12.0   26.019  121.069      4.0   1015.1    294.8    296.1      0.0    900.8     74.6      0.0     27.1
     7     1    25    10    30    23     0     1   -12.0   27.880  121.759     25.6   1015.1    291.8    293.0      0.0    781.5     78.8      2.3     27.6
     8     1    25    10    30    23     0     1   -12.0   28.006  121.698    114.0   1004.2    291.0    291.4      0.0    604.1     83.9     11.4     22.8
     9     1    25    10    30    23     0     1   -12.0   27.829  121.767     15.4   1016.5    292.3    293.7      0.0    808.3     77.6      0.0     27.6
    10     1    25    10    30    23     0     1   -12.0   27.323  121.538    264.5   1015.6    292.8    294.1      0.0    825.7     77.1      0.0     27.0
    11     1    25    10    30    23     0     1   -12.0   27.620  121.548    269.1   1016.0    291.9    293.2      0.0    803.5     78.6      0.7     27.6
    12     1    25    10    30    23     0     1   -12.0   27.148  121.489    260.1   1015.8    293.5    294.8      0.0    873.5     74.5      0.0     24.0
    13     1    25    10    30    23     0     1   -12.0   26.062  121.165    254.9   1015.1    294.5    295.8      0.0    882.7     74.3      0.0     27.6
    14     1    25    10    30    23     0     1   -12.0   26.812  121.302    258.8   1015.8    293.3    294.6      0.0    871.1     75.7      0.0     27.2
    15     1    25    10    30    23     0     1   -12.0   26.018  121.069    254.0   1015.1    294.8    296.1      0.0    900.8     74.6      0.0     27.1
    16     1    25    10    30    23     0     1   -12.0   27.825  121.755    265.5   1016.4    291.9    293.2      0.0    796.1     78.3      1.1     27.6
    17     1    25    10    30    23     0     1   -12.0   27.885  121.704    298.2   1011.8    291.2    292.1      0.0    659.6     81.6     10.9     25.4
    18     1    25    10    30    23     0     1   -12.0   27.753  121.756    264.4   1016.5    292.4    293.8      0.0    806.5     77.3      0.0     27.4
    19     1    25    10    30    23     0     1   -12.0   26.898  121.029   1027.0    875.9    297.8    286.7      0.0    734.9     74.9      0.0     25.1
    20     1    25    10    30    23     0     1   -12.0   28.161  121.655    342.5    950.1    292.0    287.8      0.0    694.9     94.4      0.0     17.6
    21     1    25    10    30    23     0     1   -12.0   24.661  120.291   1832.7    796.9    305.9    286.7      0.0    729.2     74.3      0.0     23.2
    22     1    25    10    30    23     0     1   -12.0   24.402  120.465   1132.5    829.5    304.3    288.4      0.2    510.1     75.8    377.6     13.7
    23     1    25    10    30    23     0     1   -12.0   26.339  120.812    961.7    882.3    298.0    287.5      0.0    807.4     73.7      0.0     27.6
    24     1    25    10    30    23     0     1   -12.0   26.469  121.207     21.9    984.9    294.2    292.9      0.0    893.4     81.2      0.0     27.6
    25     1    25    10    30    23     0     1   -12.0   28.291  121.840    557.2    926.3    293.3    286.9      0.0    693.1     91.3      0.0     21.8
    26     1    25    10    30    23     0     1   -12.0   28.286  121.744    549.6    924.7    293.1    286.6      0.0    497.0     92.0     17.3      9.8
    27     1    25    10    30    23     0     1   -12.0   28.050  121.806    877.0    892.0    295.7    286.2      0.0    826.0     84.5      0.1     27.6
