    10     1
    GFSQ    26     1     2     0     0
    GFSQ    26     1     3     0     0
    GFSQ    26     1     4     0     0
    GFSQ    26     1     5     0     0
    GFSQ    26     1     6     0     0
    GFSQ    26     1     7     0     0
    GFSQ    26     1     8     0     0
    GFSQ    26     1     9     0     0
    GFSQ    26     1    10     0     0
    GFSQ    26     1    11     0     0
    27 BACKWARD OMEGA   
    26     1    10    12   22.711  120.310    10.0
    26     1    10    12   22.711  120.310    10.0
    26     1    10    12   22.711  120.310    10.0
    26     1    10    12   22.711  120.310    10.0
    26     1    10    12   22.711  120.310    10.0
    26     1    10    12   22.711  120.310    10.0
    26     1    10    12   22.711  120.310    10.0
    26     1    10    12   22.711  120.310    10.0
    26     1    10    12   22.711  120.310    10.0
    26     1    10    12   22.711  120.310    10.0
    26     1    10    12   22.711  120.310    10.0
    26     1    10    12   22.711  120.310    10.0
    26     1    10    12   22.711  120.310    10.0
    26     1    10    12   22.711  120.310    10.0
    26     1    10    12   22.711  120.310    10.0
    26     1    10    12   22.711  120.310    10.0
    26     1    10    12   22.711  120.310    10.0
    26     1    10    12   22.711  120.310    10.0
    26     1    10    12   22.711  120.310    10.0
    26     1    10    12   22.711  120.310    10.0
    26     1    10    12   22.711  120.310    10.0
    26     1    10    12   22.711  120.310    10.0
    26     1    10    12   22.711  120.310    10.0
    26     1    10    12   22.711  120.310    10.0
    26     1    10    12   22.711  120.310    10.0
    26     1    10    12   22.711  120.310    10.0
    26     1    10    12   22.711  120.310    10.0
     8 PRESSURE THETA    AIR_TEMP RAINFALL MIXDEPTH RELHUMID TERR_MSL SUN_FLUX
     1     1    26     1    10    12     0     0     0.0   22.711  120.310     10.0   1015.9    290.9    292.2      0.0    439.1     50.7     34.8     41.4
     2     1    26     1    10    12     0     0     0.0   22.711  120.310     10.0   1014.1    290.2    291.4      0.0    390.5     51.8     51.7     56.0
     3     1    26     1    10    12     0     0     0.0   22.711  120.310     10.0   1018.7    291.5    293.1      0.0    614.4     52.1     11.2     35.0
     4     1    26     1    10    12     0     0     0.0   22.711  120.310     10.0    984.3    291.6    290.2      0.0    166.7     58.4    288.6     46.0
     5     1    26     1    10    12     0     0     0.0   22.711  120.310     10.0    974.4    291.1    288.9      0.0     60.8     60.6    381.9     63.0
     6     1    26     1    10    12     0     0     0.0   22.711  120.310     10.0    997.7    291.6    291.3      0.0    334.0     60.0    194.3     36.5
     7     1    26     1    10    12     0     0     0.0   22.711  120.310     10.0   1019.8    290.9    292.6      0.0    683.8     56.4      4.7     48.3
     8     1    26     1    10    12     0     0     0.0   22.711  120.310     10.0   1019.7    290.4    292.1      0.0    601.4     56.6      5.6     64.0
     9     1    26     1    10    12     0     0     0.0   22.711  120.310     10.0   1019.9    291.4    293.0      0.0    811.1     57.2      0.0     35.0
    10     1    26     1    10    12     0     0     0.0   22.711  120.310     10.0   1015.9    290.9    292.2      0.0    439.1     50.7     34.8     41.4
    11     1    26     1    10    12     0     0     0.0   22.711  120.310     10.0   1014.1    290.2    291.4      0.0    390.5     51.8     51.7     56.0
    12     1    26     1    10    12     0     0     0.0   22.711  120.310     10.0   1018.7    291.5    293.1      0.0    614.4     52.1     11.2     35.0
    13     1    26     1    10    12     0     0     0.0   22.711  120.310     10.0    984.4    291.6    290.2      0.0    166.7     58.4    288.6     46.0
    14     1    26     1    10    12     0     0     0.0   22.711  120.310     10.0    974.4    291.1    288.9      0.0     60.8     60.6    381.9     63.0
    15     1    26     1    10    12     0     0     0.0   22.711  120.310     10.0    997.7    291.6    291.3      0.0    334.0     60.0    194.3     36.5
    16     1    26     1    10    12     0     0     0.0   22.711  120.310     10.0   1019.8    290.9    292.6      0.0    683.8     56.4      4.7     48.3
    17     1    26     1    10    12     0     0     0.0   22.711  120.310     10.0   1019.7    290.4    292.1      0.0    601.4     56.6      5.6     64.0
    18     1    26     1    10    12     0     0     0.0   22.711  120.310     10.0   1019.9    291.4    293.0      0.0    811.1     57.2      0.0     35.0
    19     1    26     1    10    12     0     0     0.0   22.711  120.310     10.0    986.6    291.0    289.9      0.0    439.1     55.7     34.8     41.4
    20     1    26     1    10    12     0     0     0.0   22.711  120.310     10.0    984.9    290.6    289.3      0.0    390.5     56.9     51.7     56.0
    21     1    26     1    10    12     0     0     0.0   22.711  120.310     10.0    989.4    291.5    290.6      0.0    614.4     57.5     11.2     35.0
    22     1    26     1    10    12     0     0     0.0   22.711  120.310     10.0    956.1    292.4    288.6      0.0    166.7     61.0    288.6     46.0
    23     1    26     1    10    12     0     0     0.0   22.711  120.310     10.0    946.5    292.8    288.1      0.0     60.8     60.1    381.9     63.0
    24     1    26     1    10    12     0     0     0.0   22.711  120.310     10.0    969.1    291.8    289.2      0.0    334.0     65.4    194.3     36.5
    25     1    26     1    10    12     0     0     0.0   22.711  120.310     10.0    990.5    290.8    290.0      0.0    683.8     61.6      4.7     48.3
    26     1    26     1    10    12     0     0     0.0   22.711  120.310     10.0    990.3    290.3    289.5      0.0    601.4     61.7      5.6     64.0
    27     1    26     1    10    12     0     0     0.0   22.711  120.310     10.0    990.6    291.2    290.4      0.0    811.1     63.0      0.0     35.0
     1     1    26     1    10    11     0     1    -1.0   22.853  120.312     18.5   1012.9    290.9    292.0      0.0    488.2     50.9     45.8     63.6
     2     1    26     1    10    11     0     1    -1.0   22.850  120.310     11.9   1011.2    290.4    291.4      0.0    466.6     53.9     69.8     86.5
     3     1    26     1    10    11     0     1    -1.0   22.861  120.321     11.8   1015.7    291.4    292.7      0.0    561.4     51.7     27.1     49.8
     4     1    26     1    10    11     0     1    -1.0   22.768  120.305     74.1    975.5    292.0    289.8      0.0    257.7     57.9    292.6     63.2
     5     1    26     1    10    11     0     1    -1.0   22.758  120.300     41.2    972.9    291.5    289.2      0.0     82.4     59.7    360.2     84.0
     6     1    26     1    10    11     0     1    -1.0   22.777  120.304      4.4    994.9    291.8    291.3      0.0    347.3     58.3    208.8     47.0
     7     1    26     1    10    11     0     1    -1.0   22.950  120.343      9.5   1018.7    290.5    292.0      0.0    647.7     56.6      8.8     81.6
     8     1    26     1    10    11     0     1    -1.0   22.972  120.347      9.6   1018.8    290.1    291.6      0.0    650.6     58.6      9.1    113.1
     9     1    26     1    10    11     0     1    -1.0   22.923  120.351     10.0   1018.9    291.0    292.6      0.0    712.3     56.6      6.5     60.2
    10     1    26     1    10    11     0     1    -1.0   22.849  120.312    257.8   1013.9    291.0    292.1      0.0    489.6     50.7     45.5     63.3
    11     1    26     1    10    11     0     1    -1.0   22.848  120.310    251.3   1011.5    290.5    291.4      0.0    466.6     53.9     69.3     86.2
    12     1    26     1    10    11     0     1    -1.0   22.860  120.321    251.6   1016.0    291.4    292.7      0.0    561.6     51.7     27.1     49.8
    13     1    26     1    10    11     0     1    -1.0   22.765  120.305    308.6    977.2    291.9    290.0      0.0    260.0     57.6    290.1     62.8
    14     1    26     1    10    11     0     1    -1.0   22.756  120.300    281.9    973.5    291.5    289.2      0.0     81.4     59.8    360.5     83.7
    15     1    26     1    10    11     0     1    -1.0   22.777  120.304    247.9    994.9    291.8    291.3      0.0    347.3     58.3    208.8     47.0
    16     1    26     1    10    11     0     1    -1.0   22.950  120.343    249.9   1018.7    290.5    292.0      0.0    647.7     56.6      8.8     81.6
    17     1    26     1    10    11     0     1    -1.0   22.972  120.347    249.9   1018.8    290.1    291.6      0.0    650.6     58.6      9.1    113.1
    18     1    26     1    10    11     0     1    -1.0   22.923  120.351    249.9   1018.9    291.0    292.6      0.0    712.3     56.6      6.5     60.2
    19     1    26     1    10    11     0     1    -1.0   22.913  120.335     43.3    979.0    291.2    289.4      0.0    435.9     57.0     59.3     67.8
    20     1    26     1    10    11     0     1    -1.0   22.947  120.336     31.4    975.6    290.7    288.6      0.0    435.0     61.8    111.0     99.4
    21     1    26     1    10    11     0     1    -1.0   22.870  120.327     51.5    981.6    291.5    289.9      0.0    550.2     57.8     29.6     49.9
    22     1    26     1    10    11     0     1    -1.0   22.782  120.322     70.4    941.0    293.1    287.9      0.0    236.2     61.5    358.2     68.9
    23     1    26     1    10    11     0     1    -1.0   22.799  120.313      3.4    941.2    292.8    287.7      0.0     97.4     61.6    439.0     94.5
    24     1    26     1    10    11     0     1    -1.0   22.776  120.316     34.5    959.9    292.2    288.7      0.0    340.6     65.8    242.8     47.5
    25     1    26     1    10    11     0     1    -1.0   22.989  120.356      5.8    989.7    290.3    289.5      0.0    635.4     61.5     10.0     84.0
    26     1    26     1    10    11     0     1    -1.0   23.021  120.365     47.3    985.0    289.9    288.6      0.0    645.5     65.0      9.8    120.1
    27     1    26     1    10    11     0     1    -1.0   22.936  120.360     16.8    988.7    290.9    289.9      0.0    700.6     61.8      7.7     60.7
     1     1    26     1    10    10     0     2    -2.0   23.007  120.305     17.9   1011.1    291.0    292.0      0.0    543.1     51.9     52.8     95.5
     2     1    26     1    10    10     0     2    -2.0   23.005  120.307      2.9   1009.5    290.6    291.4      0.0    577.3     54.8     87.8    128.0
     3     1    26     1    10    10     0     2    -2.0   23.004  120.318     18.8   1012.8    291.6    292.6      0.0    605.4     49.6     41.1     67.7
     4     1    26     1    10    10     0     2    -2.0   22.859  120.298    106.1    971.2    292.2    289.7      0.0    275.6     57.4    297.7     85.7
     5     1    26     1    10    10     0     2    -2.0   22.829  120.278     25.2    980.1    291.4    289.7      0.0    148.3     59.1    312.7    115.4
     6     1    26     1    10    10     0     2    -2.0   22.843  120.294      7.7    994.1    292.1    291.6      0.0    443.9     56.0    201.0     61.0
     7     1    26     1    10    10     0     2    -2.0   23.199  120.373      7.5   1018.0    290.2    291.7      0.0    701.7     57.4     11.5    133.2
     8     1    26     1    10    10     0     2    -2.0   23.233  120.399      9.5   1017.9    289.7    291.2      0.0    689.7     58.6      1.0    214.9
     9     1    26     1    10    10     0     2    -2.0   23.151  120.369      8.9   1017.8    290.8    292.2      0.0    709.5     56.3     11.1     95.1
    10     1    26     1    10    10     0     2    -2.0   22.993  120.305    256.4   1012.2    291.1    292.1      0.0    545.0     51.6     51.2     93.8
    11     1    26     1    10    10     0     2    -2.0   23.001  120.306    249.1   1009.5    290.6    291.4      0.0    577.2     54.8     88.1    127.3
    12     1    26     1    10    10     0     2    -2.0   23.000  120.318    258.6   1013.9    291.6    292.8      0.0    607.1     49.4     40.8     67.3
    13     1    26     1    10    10     0     2    -2.0   22.855  120.297    341.5    972.9    292.2    289.8      0.0    280.8     57.2    294.4     85.1
    14     1    26     1    10    10     0     2    -2.0   22.824  120.278    268.7    980.4    291.4    289.7      0.0    146.0     59.1    313.2    114.2
    15     1    26     1    10    10     0     2    -2.0   22.843  120.294    251.3    994.1    292.1    291.6      0.0    443.9     56.0    201.0     61.0
    16     1    26     1    10    10     0     2    -2.0   23.199  120.373    249.9   1018.0    290.2    291.7      0.0    701.7     57.4     11.5    133.2
    17     1    26     1    10    10     0     2    -2.0   23.233  120.399    250.0   1017.9    289.7    291.2      0.0    689.7     58.6      1.0    214.9
    18     1    26     1    10    10     0     2    -2.0   23.151  120.369    249.9   1017.8    290.8    292.2      0.0    709.5     56.3     11.1     95.1
    19     1    26     1    10    10     0     2    -2.0   23.134  120.351     63.7    970.9    291.1    288.7      0.0    471.8     60.5    109.8    115.4
    20     1    26     1    10    10     0     2    -2.0   23.193  120.364     51.8    973.4    290.6    288.4      0.0    567.2     62.2     99.7    165.7
    21     1    26     1    10    10     0     2    -2.0   23.048  120.345     51.8    978.1    291.6    289.8      0.0    558.9     56.0     52.4     70.9
    22     1    26     1    10    10     0     2    -2.0   22.873  120.326     96.1    932.6    293.3    287.4      0.0    246.3     62.8    409.0     96.8
    23     1    26     1    10    10     0     2    -2.0   22.908  120.300      0.0    942.6    292.4    287.4      0.0    177.8     63.5    450.1    138.5
    24     1    26     1    10    10     0     2    -2.0   22.848  120.326     51.0    950.3    292.6    288.3      0.0    413.2     65.6    297.9     66.4
    25     1    26     1    10    10     0     2    -2.0   23.292  120.407     51.5    983.7    290.0    288.6      0.0    693.7     64.0     12.2    148.3
    26     1    26     1    10    10     0     2    -2.0   23.341  120.444    118.6    976.1    289.4    287.4      0.0    672.8     69.0      0.0    230.2
    27     1    26     1    10    10     0     2    -2.0   23.203  120.395     15.2    987.4    290.7    289.6      0.0    696.1     61.1     13.6     98.5
     1     1    26     1    10     9     0     3    -3.0   23.172  120.295      5.2   1010.8    291.1    292.0      0.0    675.7     52.1     66.5    138.8
     2     1    26     1    10     9     0     3    -3.0   23.179  120.309      0.0   1011.2    290.7    291.6      0.0    680.3     51.9     57.3    194.2
     3     1    26     1    10     9     0     3    -3.0   23.163  120.305     20.0   1010.9    291.7    292.6      0.0    652.4     50.7     46.6    101.6
     4     1    26     1    10     9     0     3    -3.0   22.976  120.272    100.5    978.8    292.0    290.2      0.0    185.7     56.1    234.2    106.4
     5     1    26     1    10     9     0     3    -3.0   22.907  120.250      0.0    988.6    291.3    290.3      0.0    224.8     58.2    251.6    160.5
     6     1    26     1    10     9     0     3    -3.0   22.923  120.287     17.9    991.9    292.5    291.7      0.0    552.9     53.7    198.5     77.0
     7     1    26     1    10     9     0     3    -3.0   23.447  120.416      7.2   1017.2    290.0    291.5      0.0    731.2     55.1      3.3    235.0
     8     1    26     1    10     9     0     3    -3.0   23.495  120.470      9.5   1018.5    289.4    290.9      0.0    699.1     60.1      0.0    336.3
     9     1    26     1    10     9     0     3    -3.0   23.392  120.387      3.7   1017.0    290.5    291.9      0.0    767.8     56.3     12.8    147.5
    10     1    26     1    10     9     0     3    -3.0   23.152  120.294    249.4   1011.0    291.2    292.1      0.0    673.7     51.9     63.4    135.8
    11     1    26     1    10     9     0     3    -3.0   23.176  120.309    249.4   1011.2    290.7    291.6      0.0    680.3     52.0     57.6    193.4
    12     1    26     1    10     9     0     3    -3.0   23.151  120.304    259.9   1012.2    291.7    292.7      0.0    658.3     50.5     45.7    100.1
    13     1    26     1    10     9     0     3    -3.0   22.970  120.272    336.1    980.4    292.0    290.3      0.0    195.7     56.0    232.6    105.6
    14     1    26     1    10     9     0     3    -3.0   22.901  120.251    247.5    988.6    291.3    290.3      0.0    220.9     58.2    251.5    158.4
    15     1    26     1    10     9     0     3    -3.0   22.921  120.286    262.3    992.4    292.5    291.8      0.0    553.4     53.7    197.6     76.9
    16     1    26     1    10     9     0     3    -3.0   23.447  120.416    250.0   1017.2    290.0    291.5      0.0    731.2     55.1      3.3    235.0
    17     1    26     1    10     9     0     3    -3.0   23.495  120.470    250.0   1018.5    289.4    290.9      0.0    699.1     60.1      0.0    336.3
    18     1    26     1    10     9     0     3    -3.0   23.392  120.387    249.9   1017.0    290.5    291.9      0.0    767.8     56.3     12.8    147.5
    19     1    26     1    10     9     0     3    -3.0   23.362  120.368    107.0    963.9    290.9    287.8      0.0    607.2     62.2    126.9    185.5
    20     1    26     1    10     9     0     3    -3.0   23.454  120.397     26.0    981.3    290.1    288.5      0.0    687.6     61.6     46.6    281.2
    21     1    26     1    10     9     0     3    -3.0   23.257  120.345     41.3    975.8    291.6    289.6      0.0    521.6     57.6     74.0    111.6
    22     1    26     1    10     9     0     3    -3.0   22.984  120.303     91.8    937.9    292.9    287.4      0.0    174.6     62.6    364.2    120.4
    23     1    26     1    10     9     0     3    -3.0   23.033  120.273      0.0    952.8    291.8    287.7      0.0    312.1     62.8    384.3    196.9
    24     1    26     1    10     9     0     3    -3.0   22.940  120.336     55.4    940.5    293.0    287.9      0.0    483.0     64.7    370.8     95.0
    25     1    26     1    10     9     0     3    -3.0   23.592  120.477    151.2    971.7    289.6    287.3      0.0    696.4     66.4      0.0    266.2
    26     1    26     1    10     9     0     3    -3.0   23.671  120.554    184.2    967.8    289.0    286.3      0.0    656.3     74.1      7.3    340.8
    27     1    26     1    10     9     0     3    -3.0   23.496  120.435     70.1    980.8    290.3    288.7      0.0    775.0     62.7     17.3    154.3
     1     1    26     1    10     8     0     2    -4.0   23.341  120.281      0.0   1013.0    291.1    292.2      0.0    838.0     50.7     45.9    297.3
     2     1    26     1    10     8     0     2    -4.0   23.370  120.319      0.0   1013.5    290.5    291.6      0.0    818.7     53.4     33.6    376.4
     3     1    26     1    10     8     0     2    -4.0   23.318  120.278      3.9   1012.8    291.6    292.7      0.0    830.4     49.6     42.6    224.4
     4     1    26     1    10     8     0     2    -4.0   23.095  120.224     62.3    988.3    291.8    290.8      0.0    518.1     53.9    192.6    249.6
     5     1    26     1    10     8     0     2    -4.0   22.987  120.215      0.0    987.6    291.8    290.7      0.0    550.8     54.9    263.7    287.9
     6     1    26     1    10     8     0     2    -4.0   23.017  120.270      8.9    996.3    292.4    292.1      0.0    689.4     52.0    162.9    172.2
     7     1    26     1    10     8     0     2    -4.0   23.693  120.467      7.2   1017.8    289.6    291.1      0.0    789.5     58.3      0.0    410.5
     8     1    26     1    10     8     0     2    -4.0   23.783  120.558      7.5   1017.1    288.9    290.3      0.0    685.0     63.5      5.5    431.1
     9     1    26     1    10     8     0     2    -4.0   23.628  120.408      1.1   1017.1    290.3    291.7      0.0    835.1     55.3      7.2    332.8
    10     1    26     1    10     8     0     2    -4.0   23.320  120.279    249.5   1013.2    291.1    292.2      0.0    841.5     50.6     46.6    291.2
    11     1    26     1    10     8     0     2    -4.0   23.366  120.318    249.7   1013.5    290.5    291.7      0.0    819.0     53.4     33.8    375.4
    12     1    26     1    10     8     0     2    -4.0   23.300  120.277    249.6   1012.8    291.7    292.7      0.0    829.6     49.5     41.0    219.6
    13     1    26     1    10     8     0     2    -4.0   23.086  120.224    300.0    990.0    291.8    291.0      0.0    516.6     53.8    187.7    247.2
    14     1    26     1    10     8     0     2    -4.0   22.981  120.216    247.4    987.8    291.8    290.7      0.0    548.3     54.8    261.6    286.3
    15     1    26     1    10     8     0     2    -4.0   23.014  120.269    255.4    996.4    292.4    292.1      0.0    692.9     51.9    161.3    171.2
    16     1    26     1    10     8     0     2    -4.0   23.693  120.467    250.0   1017.8    289.6    291.1      0.0    789.5     58.3      0.0    410.5
    17     1    26     1    10     8     0     2    -4.0   23.783  120.558    249.9   1017.1    288.9    290.3      0.0    685.0     63.5      5.5    431.1
    18     1    26     1    10     8     0     2    -4.0   23.628  120.408    249.9   1017.1    290.3    291.7      0.0    835.1     55.3      7.2    332.8
    19     1    26     1    10     8     0     2    -4.0   23.587  120.382     65.4    973.8    290.7    288.5      0.0    837.2     60.1     73.5    361.3
    20     1    26     1    10     8     0     2    -4.0   23.735  120.444     36.5    982.3    289.7    288.2      0.0    719.1     65.6     19.7    430.6
    21     1    26     1    10     8     0     2    -4.0   23.469  120.333     53.2    971.8    291.2    288.9      0.0    756.8     59.3    112.6    269.2
    22     1    26     1    10     8     0     2    -4.0   23.105  120.259     70.3    952.4    292.1    288.1      0.0    475.8     60.5    252.9    257.3
    23     1    26     1    10     8     0     2    -4.0   23.177  120.236      0.0    977.4    291.8    289.9      0.0    757.9     54.3    209.0    323.3
    24     1    26     1    10     8     0     2    -4.0   23.045  120.329     27.8    941.5    293.1    288.0      0.0    599.0     62.7    389.0    211.6
    25     1    26     1    10     8     0     2    -4.0   23.888  120.563    217.6    963.1    289.3    286.2      0.0    737.6     72.7      9.5    424.8
    26     1    26     1    10     8     0     2    -4.0   24.003  120.688    258.4    958.5    289.1    285.6      0.0    646.6     75.1     17.4    429.8
    27     1    26     1    10     8     0     2    -4.0   23.768  120.485    198.8    965.7    290.1    287.2      0.0    822.2     65.9      0.0    354.0
     1     1    26     1    10     7     0     1    -5.0   23.523  120.266      0.0   1015.5    290.9    292.2      0.0    961.3     51.6     11.2    477.3
     2     1    26     1    10     7     0     1    -5.0   23.576  120.335      0.0   1015.0    290.0    291.3      0.0    871.9     56.4     15.5    510.6
     3     1    26     1    10     7     0     1    -5.0   23.467  120.235      0.0   1016.5    291.4    292.7      0.0    985.9     49.3     22.1    386.2
     4     1    26     1    10     7     0     1    -5.0   23.183  120.175      0.0    994.9    292.1    291.7      0.0    815.8     50.7    194.6    378.3
     5     1    26     1    10     7     0     1    -5.0   23.069  120.172      0.0    995.4    292.2    291.8      0.0    863.4     50.2    195.4    415.1
     6     1    26     1    10     7     0     1    -5.0   23.098  120.226      0.0   1003.1    292.2    292.4      0.0    833.9     51.0    104.1    283.0
     7     1    26     1    10     7     0     1    -5.0   23.959  120.526      6.3   1016.9    289.0    290.3      0.0    742.1     62.6      3.0    514.4
     8     1    26     1    10     7     0     1    -5.0   24.095  120.654      1.4   1017.1    288.6    290.0      0.0    702.5     63.0      8.9    514.1
     9     1    26     1    10     7     0     1    -5.0   23.865  120.432      0.4   1017.2    289.9    291.3      0.0    895.5     57.2      0.0    499.2
    10     1    26     1    10     7     0     1    -5.0   23.500  120.262    249.9   1015.8    290.9    292.3      0.0    969.1     51.0      8.4    473.6
    11     1    26     1    10     7     0     1    -5.0   23.572  120.334    249.8   1015.0    290.0    291.3      0.0    873.8     56.4     15.5    510.6
    12     1    26     1    10     7     0     1    -5.0   23.447  120.235    249.8   1016.3    291.4    292.7      0.0    984.2     49.3     22.0    377.9
    13     1    26     1    10     7     0     1    -5.0   23.171  120.176    248.1    995.2    292.2    291.7      0.0    816.7     50.7    190.2    375.5
    14     1    26     1    10     7     0     1    -5.0   23.062  120.173    248.0    994.9    292.2    291.7      0.0    856.5     50.3    199.5    412.9
    15     1    26     1    10     7     0     1    -5.0   23.095  120.226    249.0   1003.2    292.2    292.4      0.0    834.5     51.0    103.3    281.8
    16     1    26     1    10     7     0     1    -5.0   23.959  120.526    250.0   1016.9    289.0    290.3      0.0    742.1     62.6      3.0    514.4
    17     1    26     1    10     7     0     1    -5.0   24.095  120.654    249.9   1017.1    288.6    290.0      0.0    702.5     63.0      8.9    514.1
    18     1    26     1    10     7     0     1    -5.0   23.865  120.432    250.0   1017.2    289.9    291.3      0.0    895.5     57.2      0.0    499.2
    19     1    26     1    10     7     0     1    -5.0   23.809  120.397     46.8    979.7    290.2    288.5      0.0    928.3     61.7     28.0    506.0
    20     1    26     1    10     7     0     1    -5.0   24.051  120.525     78.8    975.4    289.2    287.1      0.0    687.4     69.2     45.0    514.1
    21     1    26     1    10     7     0     1    -5.0   23.661  120.319     50.5    976.1    291.0    289.0      0.0    961.9     58.6     68.9    444.7
    22     1    26     1    10     7     0     1    -5.0   23.208  120.214      6.5    960.8    292.1    288.8      0.0    769.9     57.6    246.9    385.6
    23     1    26     1    10     7     0     1    -5.0   23.335  120.193      0.0    988.1    291.6    290.6      0.0   1013.1     52.5    108.2    478.0
    24     1    26     1    10     7     0     1    -5.0   23.135  120.283      0.0    964.4    292.6    289.6      0.0    795.0     57.5    250.0    321.4
    25     1    26     1    10     7     0     1    -5.0   24.189  120.657    243.4    959.8    289.1    285.7      0.0    697.3     73.3     14.7    514.0
    26     1    26     1    10     7     0     1    -5.0   24.301  120.849    352.0    943.3    289.2    284.4      0.0    781.9     76.2     47.9    512.5
    27     1    26     1    10     7     0     1    -5.0   24.018  120.540    284.9    955.1    289.5    285.7      0.0    878.6     72.6      8.5    512.9
     1     1    26     1    10     6     0     0    -6.0   23.730  120.262      0.0   1016.3    290.0    291.3      0.0    972.2     56.8      3.3    604.7
     2     1    26     1    10     6     0     0    -6.0   23.815  120.360      0.0   1015.5    289.4    290.7      0.0    797.6     58.7     10.3    599.3
     3     1    26     1    10     6     0     0    -6.0   23.644  120.191      0.0   1016.7    290.8    292.2      0.0   1045.0     53.2      7.6    576.4
     4     1    26     1    10     6     0     0    -6.0   23.261  120.117      0.0   1000.2    292.3    292.3      0.0   1035.8     48.0    155.4    513.6
     5     1    26     1    10     6     0     0    -6.0   23.170  120.118      0.0   1004.9    292.3    292.7      0.0   1112.2     47.8    109.8    571.6
     6     1    26     1    10     6     0     0    -6.0   23.169  120.158      0.0   1005.0    292.3    292.7      0.0   1032.1     49.4     91.1    401.2
     7     1    26     1    10     6     0     0    -6.0   24.261  120.593      0.8   1017.3    288.5    290.0      0.0    703.2     62.7      8.3    597.0
     8     1    26     1    10     6     0     0    -6.0   24.423  120.764      0.0   1017.7    288.1    289.6      0.0    839.8     62.1      2.7    596.7
     9     1    26     1    10     6     0     0    -6.0   24.112  120.462      0.3   1017.0    289.0    290.4      0.0    846.6     61.3      0.0    601.7
    10     1    26     1    10     6     0     0    -6.0   23.706  120.255    250.0   1016.5    290.0    291.4      0.0    979.0     56.5      1.7    604.7
    11     1    26     1    10     6     0     0    -6.0   23.810  120.358    249.9   1015.5    289.5    290.7      0.0    799.2     58.7     10.1    599.4
    12     1    26     1    10     6     0     0    -6.0   23.621  120.187    249.9   1016.7    290.8    292.2      0.0   1041.7     53.2      9.1    570.7
    13     1    26     1    10     6     0     0    -6.0   23.248  120.118    248.4    999.8    292.3    292.3      0.0   1031.0     48.0    158.5    508.9
    14     1    26     1    10     6     0     0    -6.0   23.160  120.119    248.9   1004.5    292.3    292.7      0.0   1107.6     47.8    113.4    568.1
    15     1    26     1    10     6     0     0    -6.0   23.166  120.158    249.1   1005.1    292.3    292.7      0.0   1029.5     49.5     90.5    399.7
    16     1    26     1    10     6     0     0    -6.0   24.261  120.593    249.9   1017.3    288.5    290.0      0.0    703.2     62.7      8.3    597.0
    17     1    26     1    10     6     0     0    -6.0   24.423  120.764    250.0   1017.7    288.1    289.6      0.0    839.8     62.1      2.7    596.7
    18     1    26     1    10     6     0     0    -6.0   24.112  120.462    250.0   1017.0    289.0    290.4      0.0    846.6     61.3      0.0    601.7
    19     1    26     1    10     6     0     0    -6.0   24.055  120.420     30.2    982.8    289.6    288.2      0.0    847.5     62.8     15.9    601.0
    20     1    26     1    10     6     0     0    -6.0   24.363  120.636     84.8    973.8    289.0    286.8      0.0    827.8     67.8     45.1    596.7
    21     1    26     1    10     6     0     0    -6.0   23.861  120.305     46.9    980.0    290.4    288.7      0.0   1074.8     61.6     28.0    603.8
    22     1    26     1    10     6     0     0    -6.0   23.291  120.164      0.0    975.1    292.2    290.1      0.0   1028.7     53.2    196.6    519.6
    23     1    26     1    10     6     0     0    -6.0   23.496  120.163      0.0    986.1    290.9    289.7      0.0   1133.8     56.2     37.3    604.7
    24     1    26     1    10     6     0     0    -6.0   23.210  120.213      0.0    975.9    292.2    290.1      0.0   1082.4     54.6    124.0    441.2
    25     1    26     1    10     6     0     0    -6.0   24.500  120.777    305.5    951.3    288.7    284.6      0.0    771.0     77.5     16.5    596.7
    26     1    26     1    10     6     0     0    -6.0   24.563  121.010    411.5    941.1    288.8    283.9      0.0    821.8     77.1      4.9    596.7
    27     1    26     1    10     6     0     0    -6.0   24.266  120.596    283.5    954.4    289.4    285.5      0.0    812.3     73.0      9.0    599.6
     1     1    26     1    10     5     0     1    -7.0   23.971  120.286      0.0   1016.8    288.8    290.2      0.0    779.6     60.9      4.0    563.4
     2     1    26     1    10     5     0     1    -7.0   24.106  120.416      0.0   1017.1    288.4    289.8      0.0    720.7     62.0      8.9    562.8
     3     1    26     1    10     5     0     1    -7.0   23.847  120.179      0.0   1017.6    289.7    291.2      0.0    928.1     56.5      0.0    568.6
     4     1    26     1    10     5     0     1    -7.0   23.353  120.058      0.0   1010.4    291.3    292.2      0.0    968.0     48.1     70.5    535.8
     5     1    26     1    10     5     0     1    -7.0   23.295  120.070      0.0   1012.4    291.0    292.1      0.0    998.9     49.7     45.1    568.5
     6     1    26     1    10     5     0     1    -7.0   23.230  120.085      0.0   1009.6    291.6    292.4      0.0    936.9     47.4     65.1    413.4
     7     1    26     1    10     5     0     1    -7.0   24.584  120.687      0.0   1018.2    287.9    289.4      0.0    804.8     62.7      0.0    563.4
     8     1    26     1    10     5     0     1    -7.0   24.733  120.905      0.0   1019.3    287.6    289.1      0.0    938.0     60.3      0.0    562.1
     9     1    26     1    10     5     0     1    -7.0   24.404  120.523      0.0   1017.9    288.3    289.7      0.0    729.2     63.2      2.2    562.3
    10     1    26     1    10     5     0     1    -7.0   23.945  120.277    250.0   1016.9    288.9    290.2      0.0    790.2     60.8      3.3    563.8
    11     1    26     1    10     5     0     1    -7.0   24.101  120.414    249.9   1017.1    288.4    289.8      0.0    719.3     62.0      9.2    562.8
    12     1    26     1    10     5     0     1    -7.0   23.822  120.173    250.0   1017.6    289.8    291.2      0.0    931.0     56.3      0.0    568.7
    13     1    26     1    10     5     0     1    -7.0   23.338  120.058    249.3   1010.1    291.4    292.2      0.0    964.0     48.0     73.1    532.2
    14     1    26     1    10     5     0     1    -7.0   23.283  120.070    249.5   1012.3    291.1    292.1      0.0   1001.6     49.4     46.9    568.5
    15     1    26     1    10     5     0     1    -7.0   23.227  120.085    249.4   1009.6    291.6    292.4      0.0    934.0     47.4     64.7    411.9
    16     1    26     1    10     5     0     1    -7.0   24.584  120.687    250.0   1018.2    287.9    289.4      0.0    804.8     62.7      0.0    563.4
    17     1    26     1    10     5     0     1    -7.0   24.733  120.905    250.0   1019.3    287.6    289.1      0.0    938.0     60.3      0.0    562.1
    18     1    26     1    10     5     0     1    -7.0   24.404  120.523    250.0   1017.9    288.3    289.7      0.0    729.2     63.2      2.2    562.3
    19     1    26     1    10     5     0     1    -7.0   24.367  120.487     44.2    983.0    288.4    287.0      0.0    702.4     68.5     11.8    562.2
    20     1    26     1    10     5     0     1    -7.0   24.679  120.787     84.3    979.5    288.0    286.3      0.0    909.6     68.1      8.8    561.2
    21     1    26     1    10     5     0     1    -7.0   24.076  120.316     54.8    981.1    289.2    287.6      0.0    899.2     65.5     12.0    566.7
    22     1    26     1    10     5     0     1    -7.0   23.383  120.111      0.0    983.3    291.2    289.8      0.0    967.8     54.0    114.0    539.9
    23     1    26     1    10     5     0     1    -7.0   23.689  120.157      0.0    988.1    289.7    288.7      0.0    888.4     60.0     19.6    566.3
    24     1    26     1    10     5     0     1    -7.0   23.270  120.143      0.0    979.9    291.5    289.8      0.0    966.5     53.6    103.7    449.2
    25     1    26     1    10     5     0     1    -7.0   24.794  120.930    352.4    949.0    288.2    284.0      0.0    819.1     77.2      0.0    562.1
    26     1    26     1    10     5     0     1    -7.0   24.801  121.202    478.3    933.6    288.3    282.7      0.0    978.9     81.3     15.1    556.1
    27     1    26     1    10     5     0     1    -7.0   24.552  120.677    280.2    956.0    288.7    285.0      0.0    696.8     74.1     13.1    562.4
     1     1    26     1    10     4     0     2    -8.0   24.259  120.351      0.0   1017.8    288.2    289.7      0.0    700.3     62.0      9.2    527.5
     2     1    26     1    10     4     0     2    -8.0   24.414  120.530      0.0   1017.8    287.9    289.4      0.0    801.8     61.9      6.3    527.4
     3     1    26     1    10     4     0     2    -8.0   24.066  120.200      0.0   1018.3    288.7    290.2      0.0    830.2     60.0      0.0    529.5
     4     1    26     1    10     4     0     2    -8.0   23.455  120.020      0.0   1016.1    290.4    291.7      0.0    878.9     48.9     20.5    530.3
     5     1    26     1    10     4     0     2    -8.0   23.438  120.050      0.0   1016.0    289.8    291.1      0.0    879.2     53.5     17.3    532.1
     6     1    26     1    10     4     0     2    -8.0   23.281  120.025      0.0   1014.3    290.7    291.8      0.0    783.8     45.9     38.1    426.8
     7     1    26     1    10     4     0     2    -8.0   24.889  120.829      0.0   1019.5    287.5    289.1      0.0    878.9     60.7      0.0    527.4
     8     1    26     1    10     4     0     2    -8.0   24.992  121.083      0.0   1020.1    287.3    288.9      0.0   1008.4     57.5      0.3    526.5
     9     1    26     1    10     4     0     2    -8.0   24.721  120.621      0.0   1018.4    287.8    289.3      0.0    773.0     62.9      1.3    528.6
    10     1    26     1    10     4     0     2    -8.0   24.231  120.340    249.9   1017.8    288.3    289.7      0.0    706.4     61.9      8.4    527.5
    11     1    26     1    10     4     0     2    -8.0   24.409  120.528    249.9   1017.8    287.9    289.4      0.0    800.1     62.0      6.1    527.4
    12     1    26     1    10     4     0     2    -8.0   24.037  120.192    250.0   1018.3    288.8    290.3      0.0    842.0     59.7      0.0    529.8
    13     1    26     1    10     4     0     2    -8.0   23.436  120.018    249.8   1016.1    290.4    291.8      0.0    874.2     48.7     21.5    528.4
    14     1    26     1    10     4     0     2    -8.0   23.422  120.048    249.8   1015.9    289.9    291.2      0.0    879.6     53.1     18.3    532.3
    15     1    26     1    10     4     0     2    -8.0   23.278  120.025    249.6   1014.3    290.7    291.8      0.0    783.2     45.9     37.7    425.6
    16     1    26     1    10     4     0     2    -8.0   24.889  120.829    250.0   1019.5    287.5    289.1      0.0    878.9     60.7      0.0    527.4
    17     1    26     1    10     4     0     2    -8.0   24.992  121.083    250.0   1020.1    287.3    288.9      0.0   1008.4     57.5      0.3    526.5
    18     1    26     1    10     4     0     2    -8.0   24.721  120.621    250.0   1018.4    287.8    289.3      0.0    773.0     62.9      1.3    528.6
    19     1    26     1    10     4     0     2    -8.0   24.686  120.624     61.3    980.6    288.1    286.5      0.0    798.9     67.8     19.3    527.4
    20     1    26     1    10     4     0     2    -8.0   24.935  121.004    113.2    977.4    287.7    285.8      0.0   1013.3     66.9      6.5    523.3
    21     1    26     1    10     4     0     2    -8.0   24.341  120.361     37.1    984.2    288.5    287.2      0.0    756.3     66.1     10.4    528.2
    22     1    26     1    10     4     0     2    -8.0   23.477  120.073      0.0    987.8    290.3    289.3      0.0    877.2     55.2     58.7    532.1
    23     1    26     1    10     4     0     2    -8.0   23.957  120.198      0.0    989.0    288.5    287.6      0.0    699.1     64.6     18.6    527.8
    24     1    26     1    10     4     0     2    -8.0   23.318  120.085      0.0    983.1    290.6    289.2      0.0    807.8     53.5     81.5    454.2
    25     1    26     1    10     4     0     2    -8.0   25.049  121.139    407.0    943.0    287.8    283.1      0.0    958.1     79.3     10.5    523.6
    26     1    26     1    10     4     0     2    -8.0   24.972  121.436    529.2    929.7    287.9    281.9      0.0   1029.4     83.3     10.5    521.1
    27     1    26     1    10     4     0     2    -8.0   24.852  120.820    335.0    948.5    288.3    284.0      0.0    782.3     76.0     24.9    527.4
     1     1    26     1    10     3     0     3    -9.0   24.560  120.466      0.0   1019.0    287.7    289.2      0.0    758.7     62.6      0.0    492.8
     2     1    26     1    10     3     0     3    -9.0   24.692  120.685      0.0   1020.5    287.4    289.1      0.0    881.6     60.8      0.0    492.8
     3     1    26     1    10     3     0     3    -9.0   24.341  120.261      0.0   1018.8    288.0    289.5      0.0    744.0     62.5      1.0    492.8
     4     1    26     1    10     3     0     3    -9.0   23.551  120.001      0.0   1018.9    289.6    291.2      0.0    793.9     50.7      0.6    499.1
     5     1    26     1    10     3     0     3    -9.0   23.619  120.055      0.0   1017.6    288.9    290.3      0.0    789.0     57.0      8.9    493.7
     6     1    26     1    10     3     0     3    -9.0   23.322  119.982      0.0   1017.1    289.7    291.1      0.0    625.6     46.5     21.8    447.0
     7     1    26     1    10     3     0     3    -9.0   25.148  121.004      0.0   1020.9    287.1    288.8      0.0    954.2     59.1      0.2    492.7
     8     1    26     1    10     3     0     3    -9.0   25.184  121.284      0.0   1020.9    287.1    288.8      0.0   1018.0     55.4      0.0    492.5
     9     1    26     1    10     3     0     3    -9.0   25.021  120.760      0.0   1019.1    287.5    289.1      0.0    824.0     62.3      0.0    492.8
    10     1    26     1    10     3     0     3    -9.0   24.532  120.451    250.0   1019.0    287.7    289.2      0.0    754.0     62.7      0.0    492.8
    11     1    26     1    10     3     0     3    -9.0   24.687  120.682    250.0   1020.4    287.4    289.1      0.0    879.3     60.8      0.0    492.8
    12     1    26     1    10     3     0     3    -9.0   24.304  120.248    250.0   1018.9    288.0    289.5      0.0    749.2     62.8      0.0    492.8
    13     1    26     1    10     3     0     3    -9.0   23.528  119.998    250.0   1018.9    289.7    291.3      0.0    791.3     50.0      0.0    499.8
    14     1    26     1    10     3     0     3    -9.0   23.598  120.051    249.9   1017.6    288.9    290.4      0.0    793.3     56.8      8.7    493.8
    15     1    26     1    10     3     0     3    -9.0   23.319  119.982    249.8   1017.1    289.7    291.1      0.0    624.6     46.5     21.7    446.3
    16     1    26     1    10     3     0     3    -9.0   25.148  121.004    250.0   1020.9    287.1    288.8      0.0    954.2     59.1      0.2    492.7
    17     1    26     1    10     3     0     3    -9.0   25.184  121.284    250.0   1020.9    287.1    288.8      0.0   1018.0     55.4      0.0    492.5
    18     1    26     1    10     3     0     3    -9.0   25.021  120.760    250.0   1019.1    287.5    289.1      0.0    824.0     62.3      0.0    492.8
    19     1    26     1    10     3     0     3    -9.0   24.963  120.816     61.4    983.5    287.7    286.3      0.0    907.9     67.3     11.2    490.9
    20     1    26     1    10     3     0     3    -9.0   25.101  121.247    115.7    978.8    287.4    285.6      0.0   1037.2     65.4      0.0    488.1
    21     1    26     1    10     3     0     3    -9.0   24.659  120.468     38.6    985.3    287.8    286.6      0.0    711.2     68.3      7.4    492.8
    22     1    26     1    10     3     0     3    -9.0   23.566  120.051      0.0    991.0    289.4    288.7      0.0    780.0     56.9     30.5    499.1
    23     1    26     1    10     3     0     3    -9.0   24.270  120.319      0.0    986.1    288.0    286.9      0.0    738.7     65.4     38.6    492.8
    24     1    26     1    10     3     0     3    -9.0   23.351  120.042      0.0    985.2    289.8    288.6      0.0    651.4     53.1     55.6    460.8
    25     1    26     1    10     3     0     3    -9.0   25.221  121.387    462.6    938.0    287.7    282.5      0.0   1008.4     80.1      8.8    488.5
    26     1    26     1    10     3     0     3    -9.0   25.051  121.664    579.0    918.3    287.9    280.9      0.0   1033.2     85.9     62.5    440.4
    27     1    26     1    10     3     0     3    -9.0   25.117  121.011    352.0    950.2    287.8    283.6      0.0    850.2     77.3      4.0    492.6
     1     1    26     1    10     2     0     2   -10.0   24.835  120.622      0.0   1019.6    287.3    288.9      0.0    850.5     60.9      0.0    335.1
     2     1    26     1    10     2     0     2   -10.0   24.923  120.869      0.5   1019.9    287.2    288.8      0.0    963.2     58.4      3.4    334.3
     3     1    26     1    10     2     0     2   -10.0   24.643  120.370      0.1   1018.6    287.5    289.0      0.0    759.2     62.6      4.8    335.1
     4     1    26     1    10     2     0     2   -10.0   23.681  120.008      0.0   1018.2    288.6    290.0      0.0    710.0     56.8      2.7    336.7
     5     1    26     1    10     2     0     2   -10.0   23.859  120.107      0.0   1017.5    288.0    289.4      0.0    715.4     60.6     10.0    335.1
     6     1    26     1    10     2     0     2   -10.0   23.371  119.963      0.0   1017.3    288.6    290.0      0.0    512.7     51.0     20.0    316.1
     7     1    26     1    10     2     0     2   -10.0   25.351  121.200      0.0   1020.5    287.0    288.6      0.0    992.2     56.7      0.0    335.1
     8     1    26     1    10     2     0     2   -10.0   25.320  121.484      0.0   1020.5    286.8    288.5      0.0   1043.5     54.3      0.0    335.1
     9     1    26     1    10     2     0     2   -10.0   25.283  120.929      0.0   1020.5    287.0    288.7      0.0    919.5     60.1      0.0    335.1
    10     1    26     1    10     2     0     2   -10.0   24.810  120.605    250.0   1019.5    287.3    288.9      0.0    844.3     61.0      0.0    335.1
    11     1    26     1    10     2     0     2   -10.0   24.919  120.866    250.5   1019.9    287.2    288.8      0.0    961.7     58.4      3.5    334.3
    12     1    26     1    10     2     0     2   -10.0   24.605  120.353    249.9   1018.5    287.5    289.0      0.0    751.4     62.7      5.6    335.1
    13     1    26     1    10     2     0     2   -10.0   23.648  120.003    250.0   1018.3    288.6    290.1      0.0    698.3     56.1      1.2    337.3
    14     1    26     1    10     2     0     2   -10.0   23.832  120.099    249.9   1017.6    288.0    289.4      0.0    718.5     60.5      9.3    335.1
    15     1    26     1    10     2     0     2   -10.0   23.368  119.963    249.8   1017.3    288.6    290.0      0.0    512.1     51.0     19.9    315.6
    16     1    26     1    10     2     0     2   -10.0   25.351  121.200    250.0   1020.5    287.0    288.6      0.0    992.2     56.7      0.0    335.1
    17     1    26     1    10     2     0     2   -10.0   25.320  121.484    250.0   1020.5    286.8    288.5      0.0   1043.5     54.3      0.0    335.1
    18     1    26     1    10     2     0     2   -10.0   25.283  120.929    250.0   1020.5    287.0    288.7      0.0    919.5     60.1      0.0    335.1
    19     1    26     1    10     2     0     2   -10.0   25.171  121.049     62.5    982.8    287.5    286.1      0.0    972.5     66.1     13.3    333.0
    20     1    26     1    10     2     0     2   -10.0   25.187  121.467    147.0    971.5    287.3    284.9      0.0   1067.2     66.9     26.1    320.4
    21     1    26     1    10     2     0     2   -10.0   24.959  120.637     39.7    984.4    287.5    286.2      0.0    803.9     67.8     13.5    335.1
    22     1    26     1    10     2     0     2   -10.0   23.706  120.056      0.0    991.4    288.3    287.6      0.0    695.9     62.4     17.6    337.0
    23     1    26     1    10     2     0     2   -10.0   24.545  120.491      0.0    991.2    287.5    286.8      0.0    822.7     66.1      0.0    335.1
    24     1    26     1    10     2     0     2   -10.0   23.390  120.017      6.7    986.3    289.0    287.9      0.0    498.4     54.5     38.1    318.5
    25     1    26     1    10     2     0     2   -10.0   25.308  121.619    469.1    932.6    287.6    281.9      0.0   1003.2     81.9     43.9    308.5
    26     1    26     1    10     2     0     2   -10.0   25.056  121.851    703.4    904.9    287.9    279.8      0.0   1049.2     89.8     62.4    292.6
    27     1    26     1    10     2     0     2   -10.0   25.324  121.245    389.0    944.4    287.7    283.0      0.0    923.3     78.3     16.1    331.4
     1     1    26     1    10     1     0     1   -11.0   25.070  120.798      0.1   1019.5    287.0    288.6      0.0    934.6     59.9      3.2    177.1
     2     1    26     1    10     1     0     1   -11.0   25.106  121.062      0.2   1020.0    287.0    288.6      0.0   1013.4     57.3      0.0    177.1
     3     1    26     1    10     1     0     1   -11.0   24.924  120.522      0.0   1018.9    287.1    288.6      0.0    847.1     61.7      4.1    177.5
     4     1    26     1    10     1     0     1   -11.0   23.871  120.051      0.0   1017.4    287.7    289.1      0.0    664.4     60.8      8.1    177.7
     5     1    26     1    10     1     0     1   -11.0   24.130  120.218      1.0   1018.0    287.2    288.7      0.0    743.7     62.9      9.8    177.5
     6     1    26     1    10     1     0     1   -11.0   23.439  119.966      0.0   1017.4    287.6    289.0      0.0    402.7     54.3     20.2    174.4
     7     1    26     1    10     1     0     1   -11.0   25.507  121.386      0.0   1020.0    286.7    288.3      0.0   1000.5     55.2      0.0    177.5
     8     1    26     1    10     1     0     1   -11.0   25.431  121.653      0.0   1020.0    286.7    288.3      0.0   1045.3     53.2      0.0    177.5
     9     1    26     1    10     1     0     1   -11.0   25.496  121.111      0.3   1020.0    286.8    288.5      0.0    974.7     57.8      0.2    177.4
    10     1    26     1    10     1     0     1   -11.0   25.049  120.780    250.0   1019.6    287.0    288.6      0.0    939.3     60.2      2.3    177.2
    11     1    26     1    10     1     0     1   -11.0   25.102  121.058    250.2   1020.0    287.0    288.6      0.0   1013.3     57.3      0.0    177.1
    12     1    26     1    10     1     0     1   -11.0   24.890  120.503    250.1   1019.3    287.1    288.7      0.0    845.4     62.0      0.8    177.5
    13     1    26     1    10     1     0     1   -11.0   23.825  120.041    249.9   1017.4    287.8    289.2      0.0    656.4     60.3      7.6    177.8
    14     1    26     1    10     1     0     1   -11.0   24.100  120.205    250.7   1017.7    287.2    288.7      0.0    731.8     63.0     11.5    177.5
    15     1    26     1    10     1     0     1   -11.0   23.437  119.965    249.8   1017.5    287.6    289.0      0.0    402.4     54.3     20.1    174.1
    16     1    26     1    10     1     0     1   -11.0   25.507  121.386    250.0   1020.0    286.7    288.3      0.0   1000.5     55.2      0.0    177.5
    17     1    26     1    10     1     0     1   -11.0   25.431  121.653    250.0   1020.0    286.7    288.3      0.0   1045.3     53.2      0.0    177.5
    18     1    26     1    10     1     0     1   -11.0   25.496  121.111    250.3   1020.0    286.8    288.5      0.0    974.7     57.8      0.2    177.4
    19     1    26     1    10     1     0     1   -11.0   25.313  121.275     33.9    986.4    287.4    286.3      0.0   1060.1     64.9      9.0    172.9
    20     1    26     1    10     1     0     1   -11.0   25.246  121.650    188.5    969.3    287.2    284.7      0.0   1163.2     66.8      1.0    177.1
    21     1    26     1    10     1     0     1   -11.0   25.211  120.842     41.1    984.4    287.2    285.9      0.0    868.3     67.9     15.9    176.6
    22     1    26     1    10     1     0     1   -11.0   23.934  120.108      0.0    990.1    287.5    286.6      0.0    639.6     66.5     13.7    177.8
    23     1    26     1    10     1     0     1   -11.0   24.771  120.699      0.0    988.7    287.4    286.4      0.0    858.2     66.3     17.1    175.5
    24     1    26     1    10     1     0     1   -11.0   23.463  120.014     18.4    985.0    288.3    287.1      0.0    369.9     56.5     37.7    176.5
    25     1    26     1    10     1     0     1   -11.0   25.343  121.812    535.0    923.4    287.5    281.0      0.0    969.1     85.2     60.2    156.9
    26     1    26     1    10     1     0     1   -11.0   25.055  122.002    762.6    904.2    287.5    279.4      0.0   1175.7     93.4     18.1    162.7
    27     1    26     1    10     1     0     1   -11.0   25.456  121.484    411.4    942.0    287.6    282.7      0.0    985.9     79.5     19.8    175.4
     1     1    26     1    10     0     0     0   -12.0   25.255  120.977      3.5   1019.6    286.9    288.5      0.0   1023.9     59.1      0.0     19.8
     2     1    26     1    10     0     0     0   -12.0   25.249  121.234      0.0   1019.6    286.7    288.3      0.0   1030.0     55.6      0.0     19.8
     3     1    26     1    10     0     0     0   -12.0   25.165  120.696      0.0   1019.6    286.8    288.4      0.0    908.4     60.8      0.0     19.8
     4     1    26     1    10     0     0     0   -12.0   24.101  120.138      0.0   1016.7    286.8    288.1      0.0    635.4     63.9     12.9     19.8
     5     1    26     1    10     0     0     0   -12.0   24.378  120.370      0.0   1015.4    286.7    288.0      0.0    780.2     62.7     35.5     19.8
     6     1    26     1    10     0     0     0   -12.0   23.525  119.984      0.0   1017.6    286.3    287.7      0.0    273.0     57.6     19.7     19.8
     7     1    26     1    10     0     0     0   -12.0   25.636  121.544      0.0   1019.6    286.5    288.1      0.0   1000.3     54.0      0.0     19.8
     8     1    26     1    10     0     0     0   -12.0   25.531  121.790      0.0   1019.8    286.4    288.0      0.0   1040.9     52.4      0.0     19.8
     9     1    26     1    10     0     0     0   -12.0   25.666  121.287      0.0   1019.6    286.5    288.1      0.0    970.2     56.9      0.0     19.8
    10     1    26     1    10     0     0     0   -12.0   25.236  120.959    253.8   1019.4    286.8    288.4      0.0   1004.4     59.2      1.1     19.8
    11     1    26     1    10     0     0     0   -12.0   25.246  121.230    250.0   1019.6    286.7    288.3      0.0   1029.5     55.7      0.0     19.8
    12     1    26     1    10     0     0     0   -12.0   25.135  120.676    250.0   1019.6    286.8    288.4      0.0    893.2     60.9      0.0     19.8
    13     1    26     1    10     0     0     0   -12.0   24.047  120.122    249.9   1016.8    286.8    288.2      0.0    620.7     63.8     11.4     19.8
    14     1    26     1    10     0     0     0   -12.0   24.352  120.356    249.6   1015.1    286.7    287.9      0.0    775.2     62.9     38.0     19.8
    15     1    26     1    10     0     0     0   -12.0   23.522  119.983    249.8   1017.6    286.3    287.7      0.0    273.0     57.6     19.9     19.8
    16     1    26     1    10     0     0     0   -12.0   25.636  121.544    250.0   1019.6    286.5    288.1      0.0   1000.3     54.0      0.0     19.8
    17     1    26     1    10     0     0     0   -12.0   25.531  121.790    250.0   1019.8    286.4    288.0      0.0   1040.9     52.4      0.0     19.8
    18     1    26     1    10     0     0     0   -12.0   25.666  121.287    250.0   1019.6    286.5    288.1      0.0    970.2     56.9      0.0     19.8
    19     1    26     1    10     0     0     0   -12.0   25.409  121.463     42.3    981.8    287.2    285.7      0.0    958.2     65.4     37.2     17.3
    20     1    26     1    10     0     0     0   -12.0   25.303  121.788    201.4    967.5    287.1    284.4      0.0   1189.5     66.2      0.0     19.8
    21     1    26     1    10     0     0     0   -12.0   25.400  121.059     42.8    983.7    286.9    285.6      0.0    884.2     68.1     18.6     19.8
    22     1    26     1    10     0     0     0   -12.0   24.227  120.222     15.0    985.6    286.9    285.7      0.0    652.8     70.6     20.8     19.8
    23     1    26     1    10     0     0     0   -12.0   24.933  120.912      0.0    989.2    287.0    286.1      0.0    910.6     66.8     23.1     19.8
    24     1    26     1    10     0     0     0   -12.0   23.583  120.034     20.3    982.6    287.8    286.3      0.0    248.0     60.3     50.1     19.8
    25     1    26     1    10     0     0     0   -12.0   25.367  121.964    571.7    924.4    287.3    280.9      0.0   1121.3     84.5     19.7     19.2
    26     1    26     1    10     0     0     0   -12.0   25.064  122.124    809.7    899.0    287.5    278.9      0.0   1201.8     95.0      8.8     12.5
    27     1    26     1    10     0     0     0   -12.0   25.531  121.689    388.6    937.4    287.5    282.2      0.0    809.9     82.1     79.2     14.5