    10     1
    GFSQ    26     1     1     0     0
    GFSQ    26     1     2     0     0
    GFSQ    26     1     3     0     0
    GFSQ    26     1     4     0     0
    GFSQ    26     1     5     0     0
    GFSQ    26     1     6     0     0
    GFSQ    26     1     7     0     0
    GFSQ    26     1     8     0     0
    GFSQ    26     1     9     0     0
    GFSQ    26     1    10     0     0
    27 BACKWARD OMEGA   
    26     1     9     7   22.711  120.310    10.0
    26     1     9     7   22.711  120.310    10.0
    26     1     9     7   22.711  120.310    10.0
    26     1     9     7   22.711  120.310    10.0
    26     1     9     7   22.711  120.310    10.0
    26     1     9     7   22.711  120.310    10.0
    26     1     9     7   22.711  120.310    10.0
    26     1     9     7   22.711  120.310    10.0
    26     1     9     7   22.711  120.310    10.0
    26     1     9     7   22.711  120.310    10.0
    26     1     9     7   22.711  120.310    10.0
    26     1     9     7   22.711  120.310    10.0
    26     1     9     7   22.711  120.310    10.0
    26     1     9     7   22.711  120.310    10.0
    26     1     9     7   22.711  120.310    10.0
    26     1     9     7   22.711  120.310    10.0
    26     1     9     7   22.711  120.310    10.0
    26     1     9     7   22.711  120.310    10.0
    26     1     9     7   22.711  120.310    10.0
    26     1     9     7   22.711  120.310    10.0
    26     1     9     7   22.711  120.310    10.0
    26     1     9     7   22.711  120.310    10.0
    26     1     9     7   22.711  120.310    10.0
    26     1     9     7   22.711  120.310    10.0
    26     1     9     7   22.711  120.310    10.0
    26     1     9     7   22.711  120.310    10.0
    26     1     9     7   22.711  120.310    10.0
     8 PRESSURE THETA    AIR_TEMP RAINFALL MIXDEPTH RELHUMID TERR_MSL SUN_FLUX
     1     1    26     1     9     7     0     1     0.0   22.711  120.310     10.0   1014.3    290.0    291.2      0.0    595.4     50.2     34.8    356.8
     2     1    26     1     9     7     0     1     0.0   22.711  120.310     10.0   1012.4    289.3    290.3      0.0    485.8     48.1     51.7    195.8
     3     1    26     1     9     7     0     1     0.0   22.711  120.310     10.0   1016.8    289.7    291.1      0.0    611.7     61.1     11.2    443.8
     4     1    26     1     9     7     0     1     0.0   22.711  120.310     10.0    983.0    292.3    290.8      0.0    692.7     50.1    288.6    373.7
     5     1    26     1     9     7     0     1     0.0   22.711  120.310     10.0    972.9    290.7    288.3      0.0    327.5     56.9    381.9    200.0
     6     1    26     1     9     7     0     1     0.0   22.711  120.310     10.0    994.9    291.8    291.4      0.0    829.8     55.8    194.3    412.3
     7     1    26     1     9     7     0     1     0.0   22.711  120.310     10.0   1018.1    289.1    290.6      0.0    662.1     57.1      4.7    318.9
     8     1    26     1     9     7     0     1     0.0   22.711  120.310     10.0   1018.0    289.0    290.4      0.0    730.6     53.9      5.6    187.7
     9     1    26     1     9     7     0     1     0.0   22.711  120.310     10.0   1018.3    289.3    290.8      0.0    636.8     62.8      0.0    433.2
    10     1    26     1     9     7     0     1     0.0   22.711  120.310     10.0   1014.3    290.0    291.2      0.0    595.4     50.2     34.8    356.8
    11     1    26     1     9     7     0     1     0.0   22.711  120.310     10.0   1012.4    289.3    290.3      0.0    485.8     48.1     51.7    195.8
    12     1    26     1     9     7     0     1     0.0   22.711  120.310     10.0   1016.8    289.7    291.1      0.0    611.7     61.1     11.2    443.8
    13     1    26     1     9     7     0     1     0.0   22.711  120.310     10.0    983.0    292.3    290.8      0.0    692.7     50.1    288.6    373.7
    14     1    26     1     9     7     0     1     0.0   22.711  120.310     10.0    973.0    290.7    288.3      0.0    327.5     56.9    381.9    200.0
    15     1    26     1     9     7     0     1     0.0   22.711  120.310     10.0    994.9    291.8    291.4      0.0    829.8     55.8    194.3    412.3
    16     1    26     1     9     7     0     1     0.0   22.711  120.310     10.0   1018.1    289.1    290.6      0.0    662.1     57.1      4.7    318.9
    17     1    26     1     9     7     0     1     0.0   22.711  120.310     10.0   1018.0    289.0    290.4      0.0    730.6     53.9      5.6    187.7
    18     1    26     1     9     7     0     1     0.0   22.711  120.310     10.0   1018.3    289.3    290.8      0.0    636.8     62.8      0.0    433.2
    19     1    26     1     9     7     0     1     0.0   22.711  120.310     10.0    984.9    289.7    288.5      0.0    595.4     57.5     34.8    356.8
    20     1    26     1     9     7     0     1     0.0   22.711  120.310     10.0    983.1    289.2    287.8      0.0    485.8     54.0     51.7    195.8
    21     1    26     1     9     7     0     1     0.0   22.711  120.310     10.0    987.4    289.4    288.4      0.0    611.7     68.5     11.2    443.8
    22     1    26     1     9     7     0     1     0.0   22.711  120.310     10.0    954.8    292.0    288.0      0.0    692.7     57.4    288.6    373.7
    23     1    26     1     9     7     0     1     0.0   22.711  120.310     10.0    944.9    291.0    286.2      0.0    327.5     61.2    381.9    200.0
    24     1    26     1     9     7     0     1     0.0   22.711  120.310     10.0    966.4    291.4    288.6      0.0    829.8     63.3    194.3    412.3
    25     1    26     1     9     7     0     1     0.0   22.711  120.310     10.0    988.6    288.9    288.0      0.0    662.1     63.9      4.7    318.9
    26     1    26     1     9     7     0     1     0.0   22.711  120.310     10.0    988.5    288.7    287.8      0.0    730.6     59.9      5.6    187.7
    27     1    26     1     9     7     0     1     0.0   22.711  120.310     10.0    988.8    289.1    288.1      0.0    636.8     70.0      0.0    433.2
     1     1    26     1     9     6     0     0    -1.0   22.762  120.253      0.0   1016.5    289.3    290.6      0.0    555.6     49.9     24.2    322.9
     2     1    26     1     9     6     0     0    -1.0   22.753  120.319     13.2   1011.2    288.9    289.9      0.0    500.9     48.5     59.2    195.6
     3     1    26     1     9     6     0     0    -1.0   22.799  120.212      9.5   1018.3    288.7    290.2      0.0    521.0     62.0      3.9    477.0
     4     1    26     1     9     6     0     0    -1.0   22.758  120.284      0.0    990.9    292.1    291.3      0.0    794.6     46.8    211.3    356.1
     5     1    26     1     9     6     0     0    -1.0   22.744  120.313      0.0    970.3    290.5    287.9      0.0    370.7     57.0    406.2    184.7
     6     1    26     1     9     6     0     0    -1.0   22.752  120.211      0.0   1011.8    291.4    292.4      0.0    920.2     52.4     47.1    505.6
     7     1    26     1     9     6     0     0    -1.0   22.856  120.283      7.5   1018.3    288.7    290.2      0.0    711.0     55.0      3.1    262.8
     8     1    26     1     9     6     0     0    -1.0   22.879  120.323      6.5   1018.0    288.6    290.1      0.0    786.8     52.6      6.8    251.1
     9     1    26     1     9     6     0     0    -1.0   22.852  120.245     10.5   1018.5    288.7    290.2      0.0    646.7     60.9      0.0    407.3
    10     1    26     1     9     6     0     0    -1.0   22.762  120.253    249.8   1016.5    289.3    290.6      0.0    555.6     49.9     24.2    322.9
    11     1    26     1     9     6     0     0    -1.0   22.753  120.319    252.8   1011.6    288.9    289.9      0.0    501.0     48.4     59.1    195.6
    12     1    26     1     9     6     0     0    -1.0   22.799  120.212    252.0   1018.3    288.7    290.2      0.0    521.0     62.0      3.9    477.0
    13     1    26     1     9     6     0     0    -1.0   22.758  120.284    247.9    990.9    292.1    291.3      0.0    794.6     46.8    211.3    356.1
    14     1    26     1     9     6     0     0    -1.0   22.744  120.313    245.9    970.3    290.5    287.9      0.0    370.7     57.0    406.2    184.7
    15     1    26     1     9     6     0     0    -1.0   22.752  120.211    249.5   1011.8    291.4    292.4      0.0    920.2     52.4     47.1    505.6
    16     1    26     1     9     6     0     0    -1.0   22.856  120.283    250.0   1018.3    288.7    290.2      0.0    711.0     55.0      3.1    262.8
    17     1    26     1     9     6     0     0    -1.0   22.879  120.323    249.9   1018.0    288.6    290.1      0.0    786.8     52.6      6.8    251.1
    18     1    26     1     9     6     0     0    -1.0   22.852  120.245    250.5   1018.6    288.7    290.3      0.0    646.6     60.9      0.0    407.3
    19     1    26     1     9     6     0     0    -1.0   22.762  120.266      8.6    986.6    289.1    288.0      0.0    568.3     57.5     27.8    324.2
    20     1    26     1     9     6     0     0    -1.0   22.758  120.321      0.1    983.2    288.8    287.4      0.0    501.3     54.5     61.0    196.0
    21     1    26     1     9     6     0     0    -1.0   22.784  120.214     87.4    979.8    288.5    286.8      0.0    515.9     72.9      2.7    489.0
    22     1    26     1     9     6     0     0    -1.0   22.755  120.282      0.0    966.6    291.7    288.8      0.0    799.9     53.4    203.2    357.8
    23     1    26     1     9     6     0     0    -1.0   22.749  120.319     62.4    933.7    291.1    285.3      0.0    363.0     63.1    431.9    183.3
    24     1    26     1     9     6     0     0    -1.0   22.765  120.224      0.0    985.6    291.0    289.8      0.0    937.8     57.8     51.5    496.7
    25     1    26     1     9     6     0     0    -1.0   22.860  120.285     37.1    985.6    288.5    287.3      0.0    711.4     62.1      3.3    260.9
    26     1    26     1     9     6     0     0    -1.0   22.879  120.333      0.0    990.2    288.4    287.6      0.0    778.6     57.4      7.8    249.8
    27     1    26     1     9     6     0     0    -1.0   22.848  120.240     60.6    983.2    288.5    287.1      0.0    649.6     70.0      0.0    408.8
     1     1    26     1     9     5     0     1    -2.0   22.816  120.204      0.0   1017.8    288.6    290.0      0.0    558.4     50.5     19.1    242.3
     2     1    26     1     9     5     0     1    -2.0   22.797  120.331     16.8   1009.8    288.5    289.3      0.0    456.4     48.4     74.8    180.7
     3     1    26     1     9     5     0     1    -2.0   22.889  120.134      9.6   1018.8    288.6    290.2      0.0    609.4     57.9      7.0    335.6
     4     1    26     1     9     5     0     1    -2.0   22.801  120.265      0.0    998.3    290.5    290.3      0.0    599.2     48.7    157.6    250.7
     5     1    26     1     9     5     0     1    -2.0   22.775  120.313      0.0    969.5    290.2    287.5      0.0    317.9     57.3    422.5    178.8
     6     1    26     1     9     5     0     1    -2.0   22.808  120.107      0.0   1015.4    289.8    291.0      0.0    722.7     55.9     30.1    405.1
     7     1    26     1     9     5     0     1    -2.0   23.016  120.284      4.0   1019.1    288.3    289.9      0.0    746.6     53.1      3.2    175.4
     8     1    26     1     9     5     0     1    -2.0   23.074  120.360      3.3   1018.8    288.2    289.7      0.0    778.1     51.4      7.3    315.3
     9     1    26     1     9     5     0     1    -2.0   23.002  120.217     10.3   1019.3    288.2    289.8      0.0    700.9     58.1      0.0    231.5
    10     1    26     1     9     5     0     1    -2.0   22.816  120.204    249.8   1017.8    288.6    290.0      0.0    558.4     50.5     19.1    242.3
    11     1    26     1     9     5     0     1    -2.0   22.796  120.331    257.4   1010.7    288.5    289.4      0.0    456.8     48.2     74.1    180.5
    12     1    26     1     9     5     0     1    -2.0   22.889  120.134    251.8   1018.8    288.6    290.2      0.0    609.4     57.9      7.0    335.7
    13     1    26     1     9     5     0     1    -2.0   22.801  120.265    248.4    998.3    290.5    290.3      0.0    599.2     48.7    157.6    250.7
    14     1    26     1     9     5     0     1    -2.0   22.775  120.313    245.8    969.5    290.2    287.5      0.0    317.9     57.3    422.5    178.8
    15     1    26     1     9     5     0     1    -2.0   22.808  120.107    249.7   1015.4    289.8    291.0      0.0    722.7     55.9     30.1    405.1
    16     1    26     1     9     5     0     1    -2.0   23.016  120.284    250.0   1019.1    288.3    289.9      0.0    746.6     53.1      3.2    175.4
    17     1    26     1     9     5     0     1    -2.0   23.074  120.360    249.9   1018.8    288.2    289.7      0.0    778.1     51.4      7.3    315.3
    18     1    26     1     9     5     0     1    -2.0   23.002  120.217    250.3   1019.4    288.2    289.8      0.0    700.8     58.1      0.0    231.6
    19     1    26     1     9     5     0     1    -2.0   22.809  120.228      4.3    988.7    288.3    287.4      0.0    542.1     57.1     21.4    247.4
    20     1    26     1     9     5     0     1    -2.0   22.804  120.337      0.0    982.0    288.4    286.9      0.0    453.1     54.4     80.2    181.6
    21     1    26     1     9     5     0     1    -2.0   22.852  120.135    154.1    972.6    288.6    286.3      0.0    612.6     72.0      5.2    361.9
    22     1    26     1     9     5     0     1    -2.0   22.796  120.262      0.0    977.8    290.1    288.3      0.0    607.1     54.1    141.7    252.0
    23     1    26     1     9     5     0     1    -2.0   22.772  120.324    116.6    925.0    291.3    284.8      0.0    320.6     63.5    465.5    182.5
    24     1    26     1     9     5     0     1    -2.0   22.823  120.134      0.0    990.8    289.7    288.9      0.0    748.2     60.3     37.9    393.5
    25     1    26     1     9     5     0     1    -2.0   23.023  120.292     41.1    985.8    288.0    286.8      0.0    740.3     59.6      3.9    179.0
    26     1    26     1     9     5     0     1    -2.0   23.070  120.379      0.0    993.7    288.0    287.5      0.0    768.6     54.9      8.7    310.2
    27     1    26     1     9     5     0     1    -2.0   22.999  120.205     94.7    979.9    288.0    286.4      0.0    710.0     67.9      0.0    229.3
     1     1    26     1     9     4     0     2    -3.0   22.890  120.184      0.0   1018.7    287.9    289.5      0.0    542.5     49.7     17.2    169.4
     2     1    26     1     9     4     0     2    -3.0   22.848  120.334     11.9   1010.2    288.1    288.9      0.0    429.8     47.8     87.3    181.9
     3     1    26     1     9     4     0     2    -3.0   22.976  120.091      6.4   1019.5    288.1    289.7      0.0    620.1     55.5      7.7    207.5
     4     1    26     1     9     4     0     2    -3.0   22.836  120.242      0.0   1005.4    289.0    289.5      0.0    444.5     49.8    106.7    173.1
     5     1    26     1     9     4     0     2    -3.0   22.799  120.299      0.0    975.3    289.6    287.4      0.0    291.3     56.6    379.0    174.9
     6     1    26     1     9     4     0     2    -3.0   22.859  120.023      0.0   1018.5    288.8    290.3      0.0    628.6     56.7     15.6    310.2
     7     1    26     1     9     4     0     2    -3.0   23.212  120.326      1.1   1019.9    287.7    289.3      0.0    718.7     52.9      7.1    253.4
     8     1    26     1     9     4     0     2    -3.0   23.288  120.417      1.8   1019.8    287.9    289.5      0.0    777.9     48.3      0.0    376.9
     9     1    26     1     9     4     0     2    -3.0   23.164  120.232      8.9   1020.2    287.9    289.5      0.0    735.2     55.8      0.0    148.7
    10     1    26     1     9     4     0     2    -3.0   22.890  120.184    249.8   1018.7    287.9    289.5      0.0    542.5     49.7     17.2    169.4
    11     1    26     1     9     4     0     2    -3.0   22.846  120.333    253.2   1010.5    288.1    288.9      0.0    430.1     47.7     85.9    181.3
    12     1    26     1     9     4     0     2    -3.0   22.975  120.091    249.9   1019.5    288.1    289.7      0.0    620.1     55.5      7.7    207.5
    13     1    26     1     9     4     0     2    -3.0   22.836  120.242    248.9   1005.4    289.0    289.5      0.0    444.5     49.8    106.7    173.1
    14     1    26     1     9     4     0     2    -3.0   22.799  120.299    246.2    975.3    289.6    287.4      0.0    291.3     56.6    379.0    174.9
    15     1    26     1     9     4     0     2    -3.0   22.859  120.023    249.8   1018.5    288.8    290.3      0.0    628.6     56.7     15.6    310.2
    16     1    26     1     9     4     0     2    -3.0   23.212  120.326    249.9   1019.9    287.7    289.3      0.0    718.7     52.9      7.1    253.4
    17     1    26     1     9     4     0     2    -3.0   23.288  120.417    250.0   1019.8    287.9    289.5      0.0    777.9     48.3      0.0    376.9
    18     1    26     1     9     4     0     2    -3.0   23.164  120.232    250.0   1020.2    287.9    289.5      0.0    735.2     55.8      0.0    148.7
    19     1    26     1     9     4     0     2    -3.0   22.871  120.206      0.0    990.2    287.7    286.9      0.0    524.7     56.0     19.3    176.9
    20     1    26     1     9     4     0     2    -3.0   22.857  120.345      7.1    980.1    288.0    286.4      0.0    424.2     54.4     97.9    184.3
    21     1    26     1     9     4     0     2    -3.0   22.913  120.081    161.2    972.5    288.1    285.8      0.0    646.8     70.3      5.0    247.9
    22     1    26     1     9     4     0     2    -3.0   22.824  120.241      0.0    978.8    289.0    287.2      0.0    457.5     56.0    103.4    175.2
    23     1    26     1     9     4     0     2    -3.0   22.777  120.317    137.1    926.0    291.0    284.6      0.0    291.7     64.0    442.2    177.8
    24     1    26     1     9     4     0     2    -3.0   22.863  120.060      0.0    989.5    288.8    287.9      0.0    651.4     62.7     24.9    303.7
    25     1    26     1     9     4     0     2    -3.0   23.219  120.340     27.7    988.1    287.5    286.5      0.0    708.4     57.9      8.4    256.9
    26     1    26     1     9     4     0     2    -3.0   23.286  120.440      2.9    990.9    287.6    286.8      0.0    772.2     53.2      0.0    374.6
    27     1    26     1     9     4     0     2    -3.0   23.168  120.218     92.0    980.9    287.6    286.0      0.0    747.0     64.8      0.0    149.9
     1     1    26     1     9     3     0     3    -4.0   22.986  120.188      0.0   1019.4    287.2    288.8      0.0    485.2     47.5     17.6    110.8
     2     1    26     1     9     3     0     3    -4.0   22.904  120.326      0.0   1011.3    287.7    288.6      0.0    421.2     46.9     92.6    200.0
     3     1    26     1     9     3     0     3    -4.0   23.073  120.086      5.1   1020.3    287.5    289.2      0.0    606.0     53.7      8.1    121.1
     4     1    26     1     9     3     0     3    -4.0   22.864  120.210      0.0   1007.5    288.0    288.7      0.0    337.8     50.7    101.4    122.2
     5     1    26     1     9     3     0     3    -4.0   22.817  120.270      0.0    987.9    288.6    287.6      0.0    271.7     55.0    273.8    166.5
     6     1    26     1     9     3     0     3    -4.0   22.905  119.953      0.0   1019.9    288.3    289.9      0.0    624.4     55.7     11.8    212.4
     7     1    26     1     9     3     0     3    -4.0   23.429  120.389      0.4   1020.9    287.3    289.0      0.0    696.2     49.3      3.7    314.7
     8     1    26     1     9     3     0     3    -4.0   23.537  120.497      1.3   1020.9    287.0    288.7      0.0    760.5     49.1      0.0    408.7
     9     1    26     1     9     3     0     3    -4.0   23.364  120.286      5.6   1020.8    287.3    289.0      0.0    695.5     54.1      3.4    174.6
    10     1    26     1     9     3     0     3    -4.0   22.986  120.188    249.8   1019.4    287.2    288.8      0.0    485.2     47.5     17.6    110.8
    11     1    26     1     9     3     0     3    -4.0   22.902  120.325    249.1   1011.5    287.7    288.6      0.0    420.9     46.9     91.2    199.1
    12     1    26     1     9     3     0     3    -4.0   23.073  120.086    249.9   1020.3    287.5    289.2      0.0    606.0     53.7      8.1    121.1
    13     1    26     1     9     3     0     3    -4.0   22.864  120.210    249.0   1007.5    288.0    288.7      0.0    337.8     50.7    101.4    122.2
    14     1    26     1     9     3     0     3    -4.0   22.817  120.270    247.3    987.9    288.6    287.6      0.0    271.7     55.0    273.8    166.5
    15     1    26     1     9     3     0     3    -4.0   22.905  119.953    249.9   1019.9    288.3    289.9      0.0    624.4     55.7     11.8    212.4
    16     1    26     1     9     3     0     3    -4.0   23.429  120.389    250.0   1020.9    287.3    289.0      0.0    696.2     49.3      3.7    314.7
    17     1    26     1     9     3     0     3    -4.0   23.537  120.497    250.0   1020.9    287.0    288.7      0.0    760.5     49.1      0.0    408.7
    18     1    26     1     9     3     0     3    -4.0   23.364  120.286    250.0   1020.8    287.3    289.0      0.0    695.5     54.1      3.4    174.4
    19     1    26     1     9     3     0     3    -4.0   22.953  120.202      2.7    990.5    287.0    286.2      0.0    475.6     54.1     19.0    117.2
    20     1    26     1     9     3     0     3    -4.0   22.916  120.342     18.0    979.0    287.6    285.9      0.0    419.1     54.4    109.6    204.7
    21     1    26     1     9     3     0     3    -4.0   22.975  120.054    127.5    977.1    287.5    285.6      0.0    637.7     67.1      4.5    138.9
    22     1    26     1     9     3     0     3    -4.0   22.843  120.213      0.0    981.3    288.0    286.5      0.0    350.5     56.6     98.2    120.3
    23     1    26     1     9     3     0     3    -4.0   22.766  120.301    120.0    936.0    290.2    284.6      0.0    248.5     63.5    371.5    164.3
    24     1    26     1     9     3     0     3    -4.0   22.891  119.991      0.0    992.8    288.2    287.6      0.0    627.2     62.7     12.7    228.7
    25     1    26     1     9     3     0     3    -4.0   23.442  120.406     49.2    986.5    287.0    285.9      0.0    689.7     55.4      3.4    320.6
    26     1    26     1     9     3     0     3    -4.0   23.558  120.534     11.4    990.0    286.5    285.7      0.0    739.9     54.8      6.5    408.8
    27     1    26     1     9     3     0     3    -4.0   23.383  120.276     73.0    983.7    287.0    285.6      0.0    709.8     61.8      2.4    186.4
     1     1    26     1     9     2     0     2    -5.0   23.097  120.206      0.0   1019.9    286.7    288.3      0.0    453.1     47.1     19.3    117.0
     2     1    26     1     9     2     0     2    -5.0   22.969  120.319      0.0   1011.0    287.0    287.9      0.0    394.5     48.0     97.5    158.8
     3     1    26     1     9     2     0     2    -5.0   23.197  120.110      4.0   1020.2    287.1    288.7      0.0    557.6     51.5     10.3     76.7
     4     1    26     1     9     2     0     2    -5.0   22.894  120.179      0.0   1008.5    287.6    288.3      0.0    287.7     50.6     95.9     86.8
     5     1    26     1     9     2     0     2    -5.0   22.835  120.240      0.0    996.4    287.7    287.4      0.0    220.4     54.5    198.6    110.8
     6     1    26     1     9     2     0     2    -5.0   22.957  119.915      0.0   1019.7    287.7    289.3      0.0    570.0     53.8     12.8    116.9
     7     1    26     1     9     2     0     2    -5.0   23.661  120.468      0.6   1020.8    286.6    288.3      0.0    701.4     48.8      0.0    260.1
     8     1    26     1     9     2     0     2    -5.0   23.837  120.633      0.0   1019.3    286.0    287.6      0.0    746.1     50.7     12.5    334.3
     9     1    26     1     9     2     0     2    -5.0   23.593  120.362      5.1   1020.9    286.7    288.4      0.0    658.4     51.9      6.6    195.8
    10     1    26     1     9     2     0     2    -5.0   23.097  120.206    249.8   1019.9    286.7    288.3      0.0    453.1     47.1     19.3    117.0
    11     1    26     1     9     2     0     2    -5.0   22.968  120.318    249.0   1011.1    287.0    287.9      0.0    394.5     48.0     96.2    158.4
    12     1    26     1     9     2     0     2    -5.0   23.197  120.110    249.9   1020.2    287.1    288.7      0.0    557.6     51.5     10.3     76.7
    13     1    26     1     9     2     0     2    -5.0   22.894  120.179    249.0   1008.5    287.6    288.3      0.0    287.7     50.6     95.9     86.8
    14     1    26     1     9     2     0     2    -5.0   22.835  120.240    248.0    996.4    287.7    287.4      0.0    220.4     54.5    198.6    110.8
    15     1    26     1     9     2     0     2    -5.0   22.957  119.915    249.9   1019.7    287.7    289.3      0.0    570.0     53.8     12.8    116.9
    16     1    26     1     9     2     0     2    -5.0   23.661  120.468    250.3   1020.8    286.6    288.3      0.0    701.4     48.8      0.0    260.1
    17     1    26     1     9     2     0     2    -5.0   23.837  120.633    249.9   1019.3    286.0    287.6      0.0    746.1     50.7     12.5    334.3
    18     1    26     1     9     2     0     2    -5.0   23.593  120.362    250.0   1020.9    286.7    288.4      0.0    658.4     51.9      6.6    195.7
    19     1    26     1     9     2     0     2    -5.0   23.057  120.217     10.7    989.8    286.6    285.7      0.0    426.0     53.3     20.3    101.1
    20     1    26     1     9     2     0     2    -5.0   22.980  120.338     37.6    975.5    287.3    285.3      0.0    386.8     56.1    120.8    160.1
    21     1    26     1     9     2     0     2    -5.0   23.058  120.055     94.5    980.7    287.2    285.6      0.0    619.0     64.1      5.2     81.2
    22     1    26     1     9     2     0     2    -5.0   22.860  120.186      0.0    981.9    287.9    286.4      0.0    304.4     56.0     92.0     85.4
    23     1    26     1     9     2     0     2    -5.0   22.749  120.284     86.5    948.2    289.5    285.1      0.0    185.7     62.1    292.2    103.7
    24     1    26     1     9     2     0     2    -5.0   22.915  119.940      0.0    992.9    287.8    287.3      0.0    599.1     61.5     11.8    138.0
    25     1    26     1     9     2     0     2    -5.0   23.711  120.501     67.0    983.9    286.2    284.9      0.0    704.0     56.8      0.4    262.0
    26     1    26     1     9     2     0     2    -5.0   23.888  120.697     28.3    986.5    285.8    284.6      0.0    725.2     54.7     18.5    334.3
    27     1    26     1     9     2     0     2    -5.0   23.635  120.363    109.3    979.5    286.5    284.8      0.0    675.5     60.3      4.9    203.5
     1     1    26     1     9     1     0     1    -6.0   23.216  120.227      0.0   1020.0    285.9    287.5      0.0    420.2     47.7     21.3     87.0
     2     1    26     1     9     1     0     1    -6.0   23.045  120.322      0.0   1010.7    286.1    287.0      0.0    363.0     49.7     96.6     92.2
     3     1    26     1     9     1     0     1    -6.0   23.349  120.153      3.1   1020.3    286.4    288.0      0.0    492.4     50.3     14.3     63.3
     4     1    26     1     9     1     0     1    -6.0   22.932  120.163      0.9   1008.8    287.1    287.8      0.0    232.5     50.8     95.5     48.7
     5     1    26     1     9     1     0     1    -6.0   22.854  120.227      0.0    996.5    287.1    286.8      0.0    175.0     55.1    200.2     60.2
     6     1    26     1     9     1     0     1    -6.0   23.027  119.906      0.0   1019.6    287.2    288.8      0.0    504.5     51.6     14.6     51.6
     7     1    26     1     9     1     0     1    -6.0   23.942  120.589      0.0   1019.4    285.6    287.1      0.0    690.8     52.1     11.0    164.7
     8     1    26     1     9     1     0     1    -6.0   24.172  120.834      8.0   1012.5    285.3    286.3      0.0    771.6     52.7     72.7    177.7
     9     1    26     1     9     1     0     1    -6.0   23.825  120.452      6.5   1021.0    285.9    287.6      0.0    635.7     49.8      0.0    128.8
    10     1    26     1     9     1     0     1    -6.0   23.216  120.227    249.8   1020.0    285.9    287.5      0.0    420.2     47.7     21.3     87.0
    11     1    26     1     9     1     0     1    -6.0   23.044  120.321    249.0   1010.8    286.1    287.0      0.0    363.1     49.7     95.8     92.1
    12     1    26     1     9     1     0     1    -6.0   23.349  120.153    249.9   1020.3    286.4    288.0      0.0    492.3     50.3     14.3     63.3
    13     1    26     1     9     1     0     1    -6.0   22.932  120.163    249.9   1008.8    287.1    287.8      0.0    232.6     50.8     95.5     48.7
    14     1    26     1     9     1     0     1    -6.0   22.854  120.227    248.0    996.5    287.1    286.8      0.0    175.0     55.1    200.2     60.2
    15     1    26     1     9     1     0     1    -6.0   23.027  119.906    249.9   1019.6    287.2    288.8      0.0    504.5     51.6     14.6     51.6
    16     1    26     1     9     1     0     1    -6.0   23.942  120.589    249.9   1019.4    285.6    287.1      0.0    690.8     52.1     11.0    164.7
    17     1    26     1     9     1     0     1    -6.0   24.172  120.834    257.2   1012.5    285.3    286.3      0.0    771.6     52.7     72.7    177.7
    18     1    26     1     9     1     0     1    -6.0   23.825  120.452    251.5   1021.0    285.9    287.6      0.0    635.6     49.8      0.0    128.8
    19     1    26     1     9     1     0     1    -6.0   23.171  120.237     28.8    987.8    285.9    284.9      0.0    392.1     54.2     22.2     78.7
    20     1    26     1     9     1     0     1    -6.0   23.048  120.344     67.3    971.8    286.9    284.6      0.0    346.6     58.1    119.6     90.6
    21     1    26     1     9     1     0     1    -6.0   23.178  120.086     67.2    983.9    286.8    285.5      0.0    565.8     60.8      8.0     42.9
    22     1    26     1     9     1     0     1    -6.0   22.873  120.172      0.0    982.0    287.7    286.2      0.0    257.2     55.5     89.2     47.7
    23     1    26     1     9     1     0     1    -6.0   22.726  120.278     76.9    952.9    289.3    285.3      0.0    153.3     61.5    260.1     53.8
    24     1    26     1     9     1     0     1    -6.0   22.946  119.915      0.0    992.6    287.5    286.9      0.0    560.2     60.0     12.1     64.6
    25     1    26     1     9     1     0     1    -6.0   24.064  120.670     79.6    980.6    285.3    283.7      0.0    675.4     57.3     15.9    174.5
    26     1    26     1     9     1     0     1    -6.0   24.258  120.950    105.2    966.7    285.2    282.4      0.0    749.1     57.7    117.3    180.0
    27     1    26     1     9     1     0     1    -6.0   23.934  120.484    121.7    977.3    285.7    283.8      0.0    667.2     59.7      0.0    137.6
     1     1    26     1     9     0     0     0    -7.0   23.345  120.254      1.0   1019.7    284.8    286.4      0.0    389.7     49.0     19.0      7.5
     2     1    26     1     9     0     0     0    -7.0   23.135  120.342      0.0   1010.5    285.1    286.0      0.0    314.0     51.9     96.4      4.8
     3     1    26     1     9     0     0     0    -7.0   23.510  120.199      3.0   1020.0    285.2    286.8      0.0    435.3     50.5     17.9      7.7
     4     1    26     1     9     0     0     0    -7.0   22.975  120.160      8.2   1008.4    286.5    287.2      0.0    170.4     51.5    101.5     10.2
     5     1    26     1     9     0     0     0    -7.0   22.874  120.228      6.8    995.0    286.6    286.2      0.0    109.7     56.4    212.6      4.5
     6     1    26     1     9     0     0     0    -7.0   23.118  119.920      0.0   1019.8    286.6    288.2      0.0    439.9     50.4     15.9     10.2
     7     1    26     1     9     0     0     0    -7.0   24.268  120.769     14.5   1014.7    284.8    285.9      0.0    684.8     53.4     43.3     16.2
     8     1    26     1     9     0     0     0    -7.0   24.444  121.070      0.0   1007.8    284.7    285.3      0.0    848.9     53.8    120.3     19.1
     9     1    26     1     9     0     0     0    -7.0   24.083  120.567      5.1   1018.8    285.1    286.6      0.0    624.6     52.7     12.0     14.2
    10     1    26     1     9     0     0     0    -7.0   23.345  120.254    250.8   1019.7    284.8    286.4      0.0    389.7     49.0     19.0      7.5
    11     1    26     1     9     0     0     0    -7.0   23.134  120.341    249.0   1010.6    285.1    286.0      0.0    314.6     51.9     95.8      4.8
    12     1    26     1     9     0     0     0    -7.0   23.510  120.199    249.9   1020.0    285.2    286.8      0.0    435.3     50.6     17.9      7.7
    13     1    26     1     9     0     0     0    -7.0   22.975  120.160    257.1   1008.4    286.5    287.2      0.0    170.4     51.5    101.5     10.2
    14     1    26     1     9     0     0     0    -7.0   22.874  120.228    254.7    995.0    286.6    286.2      0.0    109.7     56.4    212.6      4.5
    15     1    26     1     9     0     0     0    -7.0   23.118  119.920    249.8   1019.8    286.6    288.2      0.0    439.9     50.4     15.9     10.2
    16     1    26     1     9     0     0     0    -7.0   24.268  120.769    264.1   1014.7    284.8    285.9      0.0    684.8     53.4     43.3     16.2
    17     1    26     1     9     0     0     0    -7.0   24.444  121.070    248.8   1007.8    284.7    285.3      0.0    848.9     53.8    120.3     19.1
    18     1    26     1     9     0     0     0    -7.0   24.082  120.567    250.0   1018.8    285.1    286.6      0.0    624.5     52.7     12.0     14.2
    19     1    26     1     9     0     0     0    -7.0   23.299  120.261     68.5    981.7    285.5    284.0      0.0    359.8     56.7     30.4      7.3
    20     1    26     1     9     0     0     0    -7.0   23.126  120.368     91.1    968.4    286.5    283.8      0.0    282.5     60.3    122.3      4.0
    21     1    26     1     9     0     0     0    -7.0   23.332  120.140     39.2    987.1    286.1    285.0      0.0    476.5     58.4     13.1     10.6
    22     1    26     1     9     0     0     0    -7.0   22.883  120.169      0.0    981.7    287.6    286.1      0.0    207.4     55.3     89.6      9.0
    23     1    26     1     9     0     0     0    -7.0   22.691  120.281     87.1    951.6    289.4    285.3      0.0    127.2     61.4    261.3      7.9
    24     1    26     1     9     0     0     0    -7.0   22.988  119.910      0.0    992.4    287.1    286.5      0.0    495.7     57.6     14.3      7.6
    25     1    26     1     9     0     0     0    -7.0   24.451  120.934    184.0    955.3    285.5    281.8      0.0    654.5     59.3    135.6     21.5
    26     1    26     1     9     0     0     0    -7.0   24.546  121.273    266.6    943.8    284.7    280.0      0.0    817.1     63.2    169.7     22.3
    27     1    26     1     9     0     0     0    -7.0   24.325  120.676    134.4    974.0    284.9    282.8      0.0    636.1     59.2     16.5     15.6
     1     1    26     1     8    23     0     1    -8.0   23.485  120.305      2.0   1015.8    284.8    286.0      0.0    404.3     50.6     43.3      4.0
     2     1    26     1     8    23     0     1    -8.0   23.235  120.376      0.0   1009.8    284.9    285.7      0.0    322.8     52.3     97.3      2.5
     3     1    26     1     8    23     0     1    -8.0   23.675  120.254      5.5   1019.7    284.7    286.3      0.0    432.0     49.3     10.6      5.0
     4     1    26     1     8    23     0     1    -8.0   23.024  120.165     18.2   1004.6    286.3    286.7      0.0    149.0     52.4    118.2      6.4
     5     1    26     1     8    23     0     1    -8.0   22.895  120.234     25.3    990.5    286.6    285.8      0.0     97.6     57.0    230.0      2.5
     6     1    26     1     8    23     0     1    -8.0   23.239  119.948      0.0   1018.9    286.0    287.5      0.0    374.7     49.2     18.6      9.1
     7     1    26     1     8    23     0     1    -8.0   24.583  121.011     24.8   1004.3    284.2    284.6      0.0    762.9     54.3    127.9     14.0
     8     1    26     1     8    23     0     1    -8.0   24.629  121.301     48.2   1000.7    283.8    283.8      0.0    919.3     55.7    149.1     13.6
     9     1    26     1     8    23     0     1    -8.0   24.379  120.719     11.0   1017.5    284.5    285.9      0.0    633.8     52.8     20.5     10.4
    10     1    26     1     8    23     0     1    -8.0   23.485  120.305    251.6   1015.8    284.8    286.0      0.0    404.3     50.6     43.3      4.0
    11     1    26     1     8    23     0     1    -8.0   23.234  120.376    249.0   1009.9    284.9    285.7      0.0    323.5     52.3     96.8      2.5
    12     1    26     1     8    23     0     1    -8.0   23.675  120.254    252.4   1019.7    284.7    286.3      0.0    432.0     49.3     10.6      5.0
    13     1    26     1     8    23     0     1    -8.0   23.024  120.165    267.0   1004.6    286.3    286.7      0.0    149.0     52.4    118.2      6.4
    14     1    26     1     8    23     0     1    -8.0   22.895  120.234    273.0    990.5    286.6    285.8      0.0     97.6     57.0    230.0      2.5
    15     1    26     1     8    23     0     1    -8.0   23.239  119.948    249.8   1018.9    286.0    287.5      0.0    374.7     49.2     18.6      9.1
    16     1    26     1     8    23     0     1    -8.0   24.583  121.011    273.6   1004.3    284.2    284.6      0.0    762.9     54.3    127.9     14.0
    17     1    26     1     8    23     0     1    -8.0   24.629  121.301    296.7   1000.7    283.8    283.8      0.0    919.3     55.7    149.1     13.6
    18     1    26     1     8    23     0     1    -8.0   24.378  120.719    255.9   1017.7    284.5    285.9      0.0    633.6     52.8     20.5     10.4
    19     1    26     1     8    23     0     1    -8.0   23.473  120.320    100.6    973.8    285.6    283.4      0.0    381.4     59.1     57.2      3.6
    20     1    26     1     8    23     0     1    -8.0   23.220  120.408    106.9    965.7    286.5    283.6      0.0    280.4     60.3    126.5      1.9
    21     1    26     1     8    23     0     1    -8.0   23.525  120.203     60.9    983.6    285.5    284.1      0.0    437.2     57.7     17.1      5.2
    22     1    26     1     8    23     0     1    -8.0   22.897  120.173      0.0    979.9    287.7    286.0      0.0    176.3     55.8     93.6      6.0
    23     1    26     1     8    23     0     1    -8.0   22.655  120.286     95.7    949.0    289.6    285.2      0.0    114.1     61.7    267.8      5.4
    24     1    26     1     8    23     0     1    -8.0   23.062  119.924      0.0    991.2    286.8    286.1      0.0    439.0     56.5     16.3      6.0
    25     1    26     1     8    23     0     1    -8.0   24.733  121.248    367.0    928.1    285.5    279.4      0.0    726.1     63.8    207.1     15.7
    26     1    26     1     8    23     0     1    -8.0   24.691  121.564    483.5    908.4    285.0    277.3      0.0    549.3     73.0    278.0     15.4
    27     1    26     1     8    23     0     1    -8.0   24.720  120.960    253.9    946.1    285.9    281.4      0.0    656.3     59.7    143.6     14.9
     1     1    26     1     8    22     0     2    -9.0   23.646  120.372      0.0   1013.3    284.6    285.7      0.0    417.4     52.8     53.0      2.8
     2     1    26     1     8    22     0     2    -9.0   23.355  120.419      0.0   1009.7    284.6    285.4      0.0    332.1     53.3     87.6      1.9
     3     1    26     1     8    22     0     2    -9.0   23.848  120.327      6.3   1014.7    284.7    285.9      0.0    449.9     51.9     41.0      2.8
     4     1    26     1     8    22     0     2    -9.0   23.084  120.169     25.9    999.8    286.2    286.2      0.0    147.1     53.5    146.0      2.5
     5     1    26     1     8    22     0     2    -9.0   22.925  120.236     39.6    986.1    286.6    285.4      0.0     93.9     57.7    250.0      0.9
     6     1    26     1     8    22     0     2    -9.0   23.386  119.985      0.0   1018.3    285.2    286.7      0.0    353.1     48.8     22.0      3.7
     7     1    26     1     8    22     0     2    -9.0   24.802  121.261     82.5    996.7    283.6    283.3      0.0    846.8     56.8    145.2      7.3
     8     1    26     1     8    22     0     2    -9.0   24.751  121.547    136.4    993.8    283.6    283.1      0.0    515.7     56.9    130.8      7.9
     9     1    26     1     8    22     0     2    -9.0   24.708  120.944     52.9    998.9    284.1    284.0      0.0    671.6     55.3    139.4      7.3
    10     1    26     1     8    22     0     2    -9.0   23.646  120.372    249.5   1013.3    284.6    285.7      0.0    417.4     52.8     53.0      2.8
    11     1    26     1     8    22     0     2    -9.0   23.354  120.418    249.1   1009.7    284.6    285.4      0.0    332.8     53.3     87.4      1.9
    12     1    26     1     8    22     0     2    -9.0   23.848  120.327    252.8   1014.7    284.7    285.9      0.0    449.8     51.9     41.0      2.8
    13     1    26     1     8    22     0     2    -9.0   23.084  120.169    274.4    999.8    286.2    286.2      0.0    147.2     53.5    146.0      2.5
    14     1    26     1     8    22     0     2    -9.0   22.925  120.236    287.1    986.1    286.6    285.4      0.0     93.9     57.7    250.0      0.9
    15     1    26     1     8    22     0     2    -9.0   23.386  119.985    249.8   1018.3    285.2    286.7      0.0    353.1     48.8     22.0      3.7
    16     1    26     1     8    22     0     2    -9.0   24.802  121.261    331.1    996.7    283.6    283.3      0.0    846.8     56.8    145.2      7.3
    17     1    26     1     8    22     0     2    -9.0   24.751  121.547    385.0    993.8    283.6    283.1      0.0    515.7     56.9    130.8      7.9
    18     1    26     1     8    22     0     2    -9.0   24.701  120.939    295.1    999.7    284.1    284.1      0.0    669.5     55.3    139.1      7.2
    19     1    26     1     8    22     0     2    -9.0   23.692  120.411    121.8    970.0    285.9    283.4      0.0    384.9     59.0     55.0      2.9
    20     1    26     1     8    22     0     2    -9.0   23.333  120.456    118.3    964.4    286.5    283.6      0.0    273.6     59.5    116.1      1.3
    21     1    26     1     8    22     0     2    -9.0   23.779  120.294    104.3    975.1    285.4    283.3      0.0    445.5     59.1     29.9      2.4
    22     1    26     1     8    22     0     2    -9.0   22.927  120.179      3.3    977.5    287.7    285.8      0.0    140.5     56.6    101.9      3.1
    23     1    26     1     8    22     0     2    -9.0   22.632  120.289     93.3    948.0    289.7    285.2      0.0     89.3     61.9    273.1      2.7
    24     1    26     1     8    22     0     2    -9.0   23.188  119.957      0.0    989.2    286.2    285.3      0.0    373.1     55.4     19.4      4.2
    25     1    26     1     8    22     0     2    -9.0   24.880  121.525    605.3    881.1    286.7    276.4      0.0    396.8     72.2    406.7      7.7
    26     1    26     1     8    22     0     2    -9.0   24.808  121.799    530.0    911.1    284.1    276.7      0.0    476.1     77.4    188.1      6.9
    27     1    26     1     8    22     0     2    -9.0   24.986  121.270    442.8    915.3    285.9    278.7      0.0    690.8     65.7    244.1      7.9
     1     1    26     1     8    21     0     3   -10.0   23.821  120.450      0.0   1014.7    283.8    285.0      0.0    398.5     54.3     37.0      0.0
     2     1    26     1     8    21     0     3   -10.0   23.488  120.470      0.0   1012.6    283.7    284.7      0.0    298.8     54.7     54.2      0.0
     3     1    26     1     8    21     0     3   -10.0   24.041  120.414      3.7   1015.0    284.0    285.2      0.0    430.5     54.2     33.0      0.0
     4     1    26     1     8    21     0     3   -10.0   23.159  120.174     27.1    995.2    286.1    285.7      0.0    151.7     54.9    183.1      0.0
     5     1    26     1     8    21     0     3   -10.0   22.973  120.236     47.2    981.7    286.6    285.1      0.0    101.1     58.6    279.0      0.0
     6     1    26     1     8    21     0     3   -10.0   23.543  120.024      0.0   1015.2    284.9    286.1      0.0    345.7     50.2     45.7      0.0
     7     1    26     1     8    21     0     3   -10.0   24.944  121.527    232.3    967.5    284.1    281.4      0.0    352.2     60.9    257.9      0.0
     8     1    26     1     8    21     0     3   -10.0   24.851  121.750    143.2    987.7    283.9    282.9      0.0    473.8     56.6    157.5      0.0
     9     1    26     1     8    21     0     3   -10.0   24.971  121.210    119.3    983.9    284.2    282.8      0.0    752.6     57.7    212.6      0.0
    10     1    26     1     8    21     0     3   -10.0   23.821  120.450    249.6   1014.7    283.8    285.0      0.0    398.5     54.3     37.0      0.0
    11     1    26     1     8    21     0     3   -10.0   23.488  120.470    249.5   1012.6    283.7    284.7      0.0    299.5     54.7     54.1      0.0
    12     1    26     1     8    21     0     3   -10.0   24.041  120.414    250.3   1015.0    284.0    285.2      0.0    430.4     54.2     33.0      0.0
    13     1    26     1     8    21     0     3   -10.0   23.159  120.174    275.3    995.2    286.1    285.7      0.0    151.7     54.9    183.1      0.0
    14     1    26     1     8    21     0     3   -10.0   22.973  120.236    294.4    981.7    286.6    285.1      0.0    101.1     58.6    279.0      0.0
    15     1    26     1     8    21     0     3   -10.0   23.543  120.024    249.5   1015.2    284.9    286.1      0.0    345.6     50.2     45.7      0.0
    16     1    26     1     8    21     0     3   -10.0   24.944  121.527    479.7    967.5    284.1    281.4      0.0    352.2     60.9    257.9      0.0
    17     1    26     1     8    21     0     3   -10.0   24.851  121.750    391.6    987.7    283.9    282.9      0.0    473.8     56.6    157.5      0.0
    18     1    26     1     8    21     0     3   -10.0   24.964  121.200    356.5    983.6    284.3    282.9      0.0    748.9     57.6    225.0      0.0
    19     1    26     1     8    21     0     3   -10.0   23.920  120.519    154.1    965.2    286.0    283.1      0.0    376.9     57.6     59.8      0.0
    20     1    26     1     8    21     0     3   -10.0   23.456  120.506    151.2    962.1    286.9    283.7      0.0    236.8     57.7     92.8      0.0
    21     1    26     1     8    21     0     3   -10.0   24.070  120.424    153.0    968.5    285.9    283.3      0.0    439.4     58.6     32.4      0.0
    22     1    26     1     8    21     0     3   -10.0   22.975  120.187     12.7    974.0    287.7    285.6      0.0    105.8     57.7    114.4      0.0
    23     1    26     1     8    21     0     3   -10.0   22.621  120.293     85.8    947.1    289.7    285.2      0.0     56.6     62.1    283.4      0.0
    24     1    26     1     8    21     0     3   -10.0   23.354  120.003     29.3    984.8    285.5    284.3      0.0    327.2     55.4     25.8      0.0
    25     1    26     1     8    21     0     3   -10.0   24.979  121.730    728.7    884.0    284.6    274.7      0.0    145.8     83.3    234.7      0.0
    26     1    26     1     8    21     0     3   -10.0   24.982  121.966    464.5    935.0    284.0    278.6      0.0   1446.1     69.6     56.3      0.0
    27     1    26     1     8    21     0     3   -10.0   25.129  121.534    664.3    873.7    286.8    275.9      0.0    279.1     73.3    414.1      0.0
     1     1    26     1     8    20     0     2   -11.0   23.979  120.529      1.0   1012.3    283.7    284.6      0.0    396.8     54.3     58.0      0.0
     2     1    26     1     8    20     0     2   -11.0   23.613  120.524      0.4   1009.7    283.8    284.6      0.0    318.9     54.6     80.4      0.0
     3     1    26     1     8    20     0     2   -11.0   24.220  120.504      3.1   1015.5    283.6    284.9      0.0    430.5     53.0     32.1      0.0
     4     1    26     1     8    20     0     2   -11.0   23.242  120.184     27.0    990.5    286.3    285.5      0.0    140.9     56.1    231.4      0.0
     5     1    26     1     8    20     0     2   -11.0   23.033  120.241     56.4    980.5    286.7    285.0      0.0     91.8     58.3    284.4      0.0
     6     1    26     1     8    20     0     2   -11.0   23.706  120.077      0.0   1011.6    285.0    285.9      0.0    363.6     51.3     66.0      0.0
     7     1    26     1     8    20     0     2   -11.0   25.057  121.748    263.3    972.3    284.2    281.9      0.0    343.5     59.1    168.3      0.0
     8     1    26     1     8    20     0     2   -11.0   25.009  121.911     69.9   1010.5    284.2    285.0      0.0   1438.4     50.8     55.3      0.0
     9     1    26     1     8    20     0     2   -11.0   25.129  121.495    323.1    941.9    284.5    279.6      0.0    391.2     65.8    391.7      0.0
    10     1    26     1     8    20     0     2   -11.0   23.979  120.529    250.4   1012.3    283.7    284.6      0.0    396.8     54.3     58.0      0.0
    11     1    26     1     8    20     0     2   -11.0   23.613  120.524    249.6   1009.7    283.8    284.6      0.0    319.5     54.6     79.9      0.0
    12     1    26     1     8    20     0     2   -11.0   24.219  120.504    249.8   1015.5    283.6    284.9      0.0    430.5     53.0     32.0      0.0
    13     1    26     1     8    20     0     2   -11.0   23.242  120.184    274.6    990.5    286.3    285.5      0.0    140.9     56.1    231.3      0.0
    14     1    26     1     8    20     0     2   -11.0   23.033  120.241    303.5    980.5    286.7    285.0      0.0     91.8     58.3    284.4      0.0
    15     1    26     1     8    20     0     2   -11.0   23.706  120.077    249.3   1011.6    285.0    285.9      0.0    363.6     51.3     66.0      0.0
    16     1    26     1     8    20     0     2   -11.0   25.057  121.748    511.7    972.3    284.2    281.9      0.0    343.5     59.1    168.3      0.0
    17     1    26     1     8    20     0     2   -11.0   25.009  121.911    319.4   1010.5    284.2    285.0      0.0   1438.4     50.8     55.3      0.0
    18     1    26     1     8    20     0     2   -11.0   25.125  121.484    556.5    943.7    284.5    279.8      0.0    413.5     65.4    388.0      0.0
    19     1    26     1     8    20     0     2   -11.0   24.149  120.658    186.3    946.3    287.7    283.1      0.0    327.3     56.9    197.4      0.0
    20     1    26     1     8    20     0     2   -11.0   23.564  120.554    206.6    949.5    287.8    283.5      0.0    247.6     58.1    147.8      0.0
    21     1    26     1     8    20     0     2   -11.0   24.342  120.579    184.4    956.6    286.6    282.9      0.0    418.0     58.0    107.5      0.0
    22     1    26     1     8    20     0     2   -11.0   23.027  120.196     20.3    970.7    288.0    285.6      0.0     89.9     58.6    137.4      0.0
    23     1    26     1     8    20     0     2   -11.0   22.613  120.298     81.7    945.9    289.9    285.2      0.0     68.6     62.0    300.6      0.0
    24     1    26     1     8    20     0     2   -11.0   23.538  120.054     65.9    975.0    286.1    284.0      0.0    310.3     57.7     79.0      0.0
    25     1    26     1     8    20     0     2   -11.0   25.132  121.917    734.2    891.5    284.2    275.0      0.0    837.7     84.1    165.8      0.0
    26     1    26     1     8    20     0     2   -11.0   25.207  122.108    433.9    943.2    283.7    279.0      0.0   1715.0     66.2      2.3      0.0
    27     1    26     1     8    20     0     2   -11.0   25.230  121.742    789.3    877.3    284.7    274.3      0.0    150.1     85.1    235.7      0.0
     1     1    26     1     8    19     0     1   -12.0   24.151  120.629     29.7    997.9    284.2    284.1      0.0    377.8     57.2    165.0      0.0
     2     1    26     1     8    19     0     1   -12.0   23.736  120.584     12.3   1005.2    283.8    284.2      0.0    295.5     56.9    116.5      0.0
     3     1    26     1     8    19     0     1   -12.0   24.405  120.611     26.5   1000.6    284.2    284.3      0.0    413.4     56.7    146.0      0.0
     4     1    26     1     8    19     0     1   -12.0   23.326  120.201     34.2    990.8    286.1    285.4      0.0    142.5     55.4    222.1      0.0
     5     1    26     1     8    19     0     1   -12.0   23.095  120.253     67.0    980.5    286.6    285.0      0.0     90.9     57.1    276.7      0.0
     6     1    26     1     8    19     0     1   -12.0   23.869  120.138      0.0   1011.3    284.8    285.7      0.0    372.2     52.0     67.7      0.0
     7     1    26     1     8    19     0     1   -12.0   25.222  121.921    170.2    995.6    284.2    283.8      0.0   1335.4     53.3     80.3      0.0
     8     1    26     1     8    19     0     1   -12.0   25.249  122.063     18.5   1022.9    284.1    285.9      0.0   1713.6     49.2      0.0      0.0
     9     1    26     1     8    19     0     1   -12.0   25.234  121.734    440.5    946.0    284.4    279.9      0.0    184.4     65.6    220.9      0.0
    10     1    26     1     8    19     0     1   -12.0   24.151  120.629    278.0    997.9    284.2    284.1      0.0    377.8     57.2    165.0      0.0
    11     1    26     1     8    19     0     1   -12.0   23.736  120.584    261.1   1005.3    283.8    284.2      0.0    296.0     56.9    116.1      0.0
    12     1    26     1     8    19     0     1   -12.0   24.403  120.610    271.8   1001.1    284.2    284.3      0.0    413.6     56.8    145.1      0.0
    13     1    26     1     8    19     0     1   -12.0   23.326  120.201    282.0    990.8    286.1    285.4      0.0    142.5     55.4    222.1      0.0
    14     1    26     1     8    19     0     1   -12.0   23.095  120.253    314.2    980.5    286.6    285.0      0.0     90.9     57.1    276.7      0.0
    15     1    26     1     8    19     0     1   -12.0   23.869  120.138    249.3   1011.3    284.8    285.7      0.0    372.2     52.0     67.7      0.0
    16     1    26     1     8    19     0     1   -12.0   25.222  121.921    419.4    995.6    284.2    283.8      0.0   1335.4     53.3     80.3      0.0
    17     1    26     1     8    19     0     1   -12.0   25.249  122.063    268.5   1022.9    284.1    285.9      0.0   1713.6     49.2      0.0      0.0
    18     1    26     1     8    19     0     1   -12.0   25.231  121.726    682.1    946.0    284.4    279.9      0.0    197.8     65.6    227.6      0.0
    19     1    26     1     8    19     0     1   -12.0   24.297  120.780    295.3    911.8    290.3    282.6      0.0    287.2     55.1    411.4      0.0
    20     1    26     1     8    19     0     1   -12.0   23.667  120.613    225.9    942.4    288.2    283.4      0.0    218.0     58.3    193.3      0.0
    21     1    26     1     8    19     0     1   -12.0   24.564  120.748    287.6    927.4    289.1    282.9      0.0    353.5     55.1    268.7      0.0
    22     1    26     1     8    19     0     1   -12.0   23.061  120.208     22.0    968.0    288.4    285.7      0.0     71.6     59.2    162.5      0.0
    23     1    26     1     8    19     0     1   -12.0   22.597  120.307     87.4    942.6    290.0    285.1      0.0     85.2     62.2    327.7      0.0
    24     1    26     1     8    19     0     1   -12.0   23.728  120.118     95.7    968.9    286.3    283.7      0.0    320.8     58.3     93.3      0.0
    25     1    26     1     8    19     0     1   -12.0   25.334  122.061    743.7    908.3    284.0    276.3      0.0   1718.0     77.9     11.8      0.0
    26     1    26     1     8    19     0     1   -12.0   25.475  122.251    462.6    940.6    283.3    278.4      0.0   1702.4     66.3      0.0      0.0
    27     1    26     1     8    19     0     1   -12.0   25.384  121.935    810.4    883.5    284.3    274.4      0.0    890.2     86.8    166.1      0.0