    10     1
    GFSQ    26     2     3     0     0
    GFSQ    26     2     4     0     0
    GFSQ    26     2     5     0     0
    GFSQ    26     2     6     0     0
    GFSQ    26     2     7     0     0
    GFSQ    26     2     8     0     0
    GFSQ    26     2     9     0     0
    GFSQ    26     2    10     0     0
    GFSQ    26     2    11     0     0
    GFSQ    26     2    12     0     0
    27 BACKWARD OMEGA   
    26     2    11     3   24.218  120.618    10.0
    26     2    11     3   24.218  120.618    10.0
    26     2    11     3   24.218  120.618    10.0
    26     2    11     3   24.218  120.618    10.0
    26     2    11     3   24.218  120.618    10.0
    26     2    11     3   24.218  120.618    10.0
    26     2    11     3   24.218  120.618    10.0
    26     2    11     3   24.218  120.618    10.0
    26     2    11     3   24.218  120.618    10.0
    26     2    11     3   24.218  120.618    10.0
    26     2    11     3   24.218  120.618    10.0
    26     2    11     3   24.218  120.618    10.0
    26     2    11     3   24.218  120.618    10.0
    26     2    11     3   24.218  120.618    10.0
    26     2    11     3   24.218  120.618    10.0
    26     2    11     3   24.218  120.618    10.0
    26     2    11     3   24.218  120.618    10.0
    26     2    11     3   24.218  120.618    10.0
    26     2    11     3   24.218  120.618    10.0
    26     2    11     3   24.218  120.618    10.0
    26     2    11     3   24.218  120.618    10.0
    26     2    11     3   24.218  120.618    10.0
    26     2    11     3   24.218  120.618    10.0
    26     2    11     3   24.218  120.618    10.0
    26     2    11     3   24.218  120.618    10.0
    26     2    11     3   24.218  120.618    10.0
    26     2    11     3   24.218  120.618    10.0
     8 PRESSURE THETA    AIR_TEMP RAINFALL MIXDEPTH RELHUMID TERR_MSL SUN_FLUX
     1     1    26     2    11     3     0     3     0.0   24.218  120.618     10.0   1001.8    291.9    292.0      0.0    715.1     64.9    157.4    531.4
     2     1    26     2    11     3     0     3     0.0   24.218  120.618     10.0   1011.8    289.9    290.9      0.0    684.3     74.2     82.7    500.4
     3     1    26     2    11     3     0     3     0.0   24.218  120.618     10.0    999.2    294.0    293.9      0.0    947.3     52.9    165.7    561.7
     4     1    26     2    11     3     0     3     0.0   24.218  120.618     10.0    930.1    297.1    290.8      0.0    912.7     53.6    810.8    533.9
     5     1    26     2    11     3     0     3     0.0   24.218  120.618     10.0    953.7    294.3    290.2      0.0    837.7     64.8    595.2    479.5
     6     1    26     2    11     3     0     3     0.0   24.218  120.618     10.0    943.5    297.8    292.8      0.0   1141.3     45.5    664.3    574.5
     7     1    26     2    11     3     0     3     0.0   24.218  120.618     10.0   1019.8    289.1    290.7      0.0    558.8     77.8     11.1    550.0
     8     1    26     2    11     3     0     3     0.0   24.218  120.618     10.0   1021.6    288.3    290.0      0.0    589.9     80.7      1.4    542.6
     9     1    26     2    11     3     0     3     0.0   24.218  120.618     10.0   1018.6    290.7    292.2      0.0    658.2     68.7     13.0    553.8
    10     1    26     2    11     3     0     3     0.0   24.218  120.618     10.0   1001.8    291.9    292.0      0.0    715.1     64.9    157.4    531.4
    11     1    26     2    11     3     0     3     0.0   24.218  120.618     10.0   1011.8    289.9    290.9      0.0    684.3     74.2     82.7    500.4
    12     1    26     2    11     3     0     3     0.0   24.218  120.618     10.0    999.2    294.0    293.9      0.0    947.3     52.9    165.7    561.7
    13     1    26     2    11     3     0     3     0.0   24.218  120.618     10.0    930.1    297.1    290.8      0.0    912.7     53.6    810.8    533.9
    14     1    26     2    11     3     0     3     0.0   24.218  120.618     10.0    953.8    294.3    290.2      0.0    837.7     64.8    595.2    479.5
    15     1    26     2    11     3     0     3     0.0   24.218  120.618     10.0    943.5    297.8    292.8      0.0   1141.3     45.5    664.3    574.5
    16     1    26     2    11     3     0     3     0.0   24.218  120.618     10.0   1019.8    289.1    290.7      0.0    558.8     77.8     11.1    550.0
    17     1    26     2    11     3     0     3     0.0   24.218  120.618     10.0   1021.6    288.3    290.0      0.0    589.9     80.7      1.4    542.6
    18     1    26     2    11     3     0     3     0.0   24.218  120.618     10.0   1018.6    290.7    292.2      0.0    658.2     68.7     13.0    553.8
    19     1    26     2    11     3     0     3     0.0   24.218  120.618     10.0    973.1    291.5    289.2      0.0    715.1     74.2    157.4    531.4
    20     1    26     2    11     3     0     3     0.0   24.218  120.618     10.0    982.7    289.6    288.2      0.0    684.3     83.6     82.7    500.4
    21     1    26     2    11     3     0     3     0.0   24.218  120.618     10.0    970.8    293.2    290.7      0.0    947.3     61.8    165.7    561.7
    22     1    26     2    11     3     0     3     0.0   24.218  120.618     10.0    903.9    296.3    287.7      0.0    912.7     62.6    810.8    533.9
    23     1    26     2    11     3     0     3     0.0   24.218  120.618     10.0    926.7    293.5    287.1      0.0    837.7     75.0    595.2    479.5
    24     1    26     2    11     3     0     3     0.0   24.218  120.618     10.0    917.0    296.9    289.6      0.0   1141.3     53.3    664.3    574.5
    25     1    26     2    11     3     0     3     0.0   24.218  120.618     10.0    990.3    288.9    288.1      0.0    558.8     87.0     11.1    550.0
    26     1    26     2    11     3     0     3     0.0   24.218  120.618     10.0    991.9    288.2    287.5      0.0    589.9     89.7      1.4    542.6
    27     1    26     2    11     3     0     3     0.0   24.218  120.618     10.0    989.3    290.3    289.4      0.0    658.2     78.0     13.0    553.8
     1     1    26     2    11     2     0     2    -1.0   24.337  120.599      0.0   1004.6    290.5    290.8      0.0    616.9     71.4    142.0    341.1
     2     1    26     2    11     2     0     2    -1.0   24.368  120.661      0.0   1017.4    288.9    290.3      0.0    604.7     79.0     38.3    333.4
     3     1    26     2    11     2     0     2    -1.0   24.280  120.536      0.0   1004.8    291.8    292.2      0.0    650.6     60.7    126.1    376.9
     4     1    26     2    11     2     0     2    -1.0   24.214  120.525      0.0    945.7    294.8    290.0      0.0    675.4     58.5    669.7    354.6
     5     1    26     2    11     2     0     2    -1.0   24.273  120.576      0.0    971.5    292.2    289.7      0.0    691.7     70.0    441.8    336.1
     6     1    26     2    11     2     0     2    -1.0   24.194  120.504      0.0    966.7    295.2    292.3      0.0    809.9     48.8    460.2    390.1
     7     1    26     2    11     2     0     2    -1.0   24.413  120.672     10.6   1021.4    288.4    290.2      0.0    525.8     80.2      2.3    371.8
     8     1    26     2    11     2     0     2    -1.0   24.406  120.721     14.4   1021.1    288.2    290.0      0.0    599.1     80.6      2.6    322.9
     9     1    26     2    11     2     0     2    -1.0   24.371  120.608      6.3   1018.8    289.6    291.1      0.0    532.3     74.3     15.7    377.6
    10     1    26     2    11     2     0     2    -1.0   24.337  120.599    248.6   1004.6    290.5    290.8      0.0    616.9     71.4    142.0    341.1
    11     1    26     2    11     2     0     2    -1.0   24.368  120.661    249.6   1017.4    288.9    290.3      0.0    604.7     79.0     38.3    333.4
    12     1    26     2    11     2     0     2    -1.0   24.280  120.536    248.7   1004.8    291.8    292.2      0.0    650.6     60.7    126.1    376.9
    13     1    26     2    11     2     0     2    -1.0   24.214  120.525    243.3    945.7    294.8    290.0      0.0    675.4     58.5    669.8    354.6
    14     1    26     2    11     2     0     2    -1.0   24.273  120.576    245.6    971.5    292.2    289.7      0.0    691.7     70.0    441.9    336.1
    15     1    26     2    11     2     0     2    -1.0   24.194  120.504    245.4    966.7    295.2    292.3      0.0    809.9     48.8    460.3    390.1
    16     1    26     2    11     2     0     2    -1.0   24.413  120.671    250.6   1021.5    288.4    290.2      0.0    525.8     80.2      2.3    371.8
    17     1    26     2    11     2     0     2    -1.0   24.405  120.720    254.8   1021.6    288.2    290.0      0.0    598.8     80.6      2.6    323.1
    18     1    26     2    11     2     0     2    -1.0   24.371  120.608    249.8   1018.8    289.6    291.1      0.0    532.3     74.3     15.7    377.6
    19     1    26     2    11     2     0     2    -1.0   24.371  120.629      9.3    975.1    290.2    288.1      0.0    636.2     81.0    149.4    331.0
    20     1    26     2    11     2     0     2    -1.0   24.405  120.702      0.6    989.8    288.8    288.0      0.0    604.5     85.8     32.9    340.3
    21     1    26     2    11     2     0     2    -1.0   24.321  120.552      0.0    976.0    291.4    289.4      0.0    640.6     69.9    145.6    372.8
    22     1    26     2    11     2     0     2    -1.0   24.231  120.534      0.0    923.3    294.3    287.5      0.0    676.0     66.1    690.7    353.3
    23     1    26     2    11     2     0     2    -1.0   24.311  120.603      0.0    954.9    291.6    287.6      0.0    716.2     77.0    415.7    342.9
    24     1    26     2    11     2     0     2    -1.0   24.214  120.492      0.0    947.7    294.5    290.0      0.0    795.6     55.3    438.3    386.6
    25     1    26     2    11     2     0     2    -1.0   24.434  120.695     73.9    984.4    288.5    287.2      0.0    529.2     90.5      3.9    370.0
    26     1    26     2    11     2     0     2    -1.0   24.424  120.745     51.1    987.2    288.3    287.2      0.0    601.6     89.9      2.1    322.1
    27     1    26     2    11     2     0     2    -1.0   24.404  120.628     21.9    987.9    289.3    288.3      0.0    526.3     84.5     17.6    377.2
     1     1    26     2    11     1     0     1    -2.0   24.505  120.671      0.0   1009.7    289.3    290.1      0.0    534.2     78.0    103.5    172.4
     2     1    26     2    11     1     0     1    -2.0   24.568  120.785      0.0   1018.4    288.4    289.9      0.0    582.9     79.8     32.6    150.7
     3     1    26     2    11     1     0     1    -2.0   24.427  120.558      0.0   1002.0    290.5    290.7      0.0    487.2     68.7    158.5    193.8
     4     1    26     2    11     1     0     1    -2.0   24.288  120.519      0.0    956.8    292.9    289.1      0.0    497.7     64.6    570.8    184.3
     5     1    26     2    11     1     0     1    -2.0   24.392  120.627      0.0    995.0    290.2    289.7      0.0    586.2     73.9    243.7    188.7
     6     1    26     2    11     1     0     1    -2.0   24.238  120.473      0.0    975.4    293.0    290.9      0.0    494.9     53.8    389.7    203.7
     7     1    26     2    11     1     0     1    -2.0   24.636  120.804      2.0   1020.3    288.3    290.0      0.0    512.9     80.4     15.0    177.6
     8     1    26     2    11     1     0     1    -2.0   24.626  120.882     14.7   1021.5    287.9    289.6      0.0    572.2     81.7      0.0    134.0
     9     1    26     2    11     1     0     1    -2.0   24.598  120.699      5.3   1019.7    288.8    290.4      0.0    477.9     78.9     15.9    198.1
    10     1    26     2    11     1     0     1    -2.0   24.505  120.671    249.0   1009.7    289.3    290.1      0.0    534.2     78.0    103.6    172.4
    11     1    26     2    11     1     0     1    -2.0   24.568  120.785    249.7   1018.4    288.4    289.9      0.0    582.9     79.8     32.6    150.7
    12     1    26     2    11     1     0     1    -2.0   24.426  120.558    248.4   1002.0    290.5    290.7      0.0    487.2     68.7    158.5    193.8
    13     1    26     2    11     1     0     1    -2.0   24.288  120.519    244.3    956.8    292.9    289.1      0.0    497.7     64.6    570.8    184.3
    14     1    26     2    11     1     0     1    -2.0   24.392  120.627    247.6    995.0    290.2    289.7      0.0    586.2     73.9    243.8    188.6
    15     1    26     2    11     1     0     1    -2.0   24.238  120.473    246.1    975.4    293.0    290.9      0.0    494.9     53.8    389.7    203.7
    16     1    26     2    11     1     0     1    -2.0   24.636  120.804    249.8   1020.3    288.3    290.0      0.0    512.9     80.4     15.0    177.6
    17     1    26     2    11     1     0     1    -2.0   24.622  120.878    256.0   1022.0    287.9    289.7      0.0    571.1     81.6      0.0    135.1
    18     1    26     2    11     1     0     1    -2.0   24.598  120.699    249.8   1019.7    288.8    290.4      0.0    477.9     78.9     15.9    198.1
    19     1    26     2    11     1     0     1    -2.0   24.577  120.736      0.0    977.9    289.4    287.5      0.0    535.0     84.8    155.4    178.6
    20     1    26     2    11     1     0     1    -2.0   24.613  120.860      1.6    988.6    288.4    287.4      0.0    608.3     89.0     42.8    138.5
    21     1    26     2    11     1     0     1    -2.0   24.511  120.600      6.1    972.0    290.3    287.9      0.0    498.2     78.6    176.6    186.8
    22     1    26     2    11     1     0     1    -2.0   24.332  120.544      0.0    933.2    292.7    286.9      0.0    497.8     71.7    627.4    182.8
    23     1    26     2    11     1     0     1    -2.0   24.456  120.690      0.0    983.7    289.4    288.0      0.0    641.3     82.7    143.3    187.9
    24     1    26     2    11     1     0     1    -2.0   24.295  120.465      0.0    954.8    292.6    288.7      0.0    493.3     61.3    380.4    198.7
    25     1    26     2    11     1     0     1    -2.0   24.659  120.841    107.9    979.7    288.5    286.8      0.0    515.1     89.9     11.5    178.4
    26     1    26     2    11     1     0     1    -2.0   24.648  120.927     71.3    985.2    287.8    286.6      0.0    577.4     93.5      0.0    127.3
    27     1    26     2    11     1     0     1    -2.0   24.654  120.742     56.6    982.4    288.8    287.3      0.0    487.2     88.2     38.6    192.3
     1     1    26     2    11     0     0     0    -3.0   24.660  120.759      0.0   1012.8    288.6    289.6      0.0    433.0     79.3     83.9     24.8
     2     1    26     2    11     0     0     0    -3.0   24.731  120.901      0.0   1019.3    288.1    289.6      0.0    593.7     80.8     16.5     24.8
     3     1    26     2    11     0     0     0    -3.0   24.576  120.609      0.0   1003.2    289.4    289.7      0.0    393.1     74.8    155.2     24.8
     4     1    26     2    11     0     0     0    -3.0   24.369  120.537      0.0    958.4    291.7    288.0      0.0    336.1     70.3    558.1     25.7
     5     1    26     2    11     0     0     0    -3.0   24.491  120.694      0.0   1007.8    288.8    289.4      0.0    447.7     78.5    132.5     24.8
     6     1    26     2    11     0     0     0    -3.0   24.290  120.466      0.0    976.9    291.4    289.4      0.0    239.5     58.5    381.5     25.6
     7     1    26     2    11     0     0     0    -3.0   24.830  120.926      0.0   1022.2    287.9    289.7      0.0    520.0     80.8      0.0     24.8
     8     1    26     2    11     0     0     0    -3.0   24.824  121.022     14.4   1021.0    287.8    289.5      0.0    629.7     80.9      3.6     24.8
     9     1    26     2    11     0     0     0    -3.0   24.796  120.812      0.0   1017.1    288.4    289.8      0.0    424.6     80.7     42.5     24.8
    10     1    26     2    11     0     0     0    -3.0   24.660  120.759    249.2   1012.8    288.6    289.6      0.0    433.0     79.3     83.9     24.8
    11     1    26     2    11     0     0     0    -3.0   24.731  120.901    249.8   1019.3    288.1    289.6      0.0    593.7     80.8     16.5     24.8
    12     1    26     2    11     0     0     0    -3.0   24.576  120.609    248.4   1003.2    289.4    289.7      0.0    393.1     74.8    155.2     24.8
    13     1    26     2    11     0     0     0    -3.0   24.369  120.537    244.4    958.4    291.7    288.0      0.0    336.1     70.3    558.1     25.7
    14     1    26     2    11     0     0     0    -3.0   24.491  120.694    248.7   1007.8    288.8    289.4      0.0    447.7     78.5    132.5     24.8
    15     1    26     2    11     0     0     0    -3.0   24.290  120.466    246.2    976.9    291.4    289.4      0.0    239.5     58.5    381.6     25.6
    16     1    26     2    11     0     0     0    -3.0   24.830  120.926    250.0   1022.2    287.9    289.7      0.0    519.7     80.8      0.0     24.8
    17     1    26     2    11     0     0     0    -3.0   24.818  121.016    255.8   1021.6    287.8    289.6      0.0    627.4     80.8      3.5     24.8
    18     1    26     2    11     0     0     0    -3.0   24.796  120.812    249.6   1017.1    288.4    289.8      0.0    424.6     80.7     42.5     24.8
    19     1    26     2    11     0     0     0    -3.0   24.736  120.848      0.0    985.9    288.4    287.3      0.0    457.4     88.4     80.5     24.8
    20     1    26     2    11     0     0     0    -3.0   24.790  121.006      0.0    992.2    288.1    287.5      0.0    584.6     90.3     29.2     23.6
    21     1    26     2    11     0     0     0    -3.0   24.696  120.687     41.8    972.1    289.0    286.7      0.0    418.8     89.8    146.3     24.8
    22     1    26     2    11     0     0     0    -3.0   24.436  120.581      0.0    927.0    291.9    285.5      0.0    326.6     77.2    644.9     24.9
    23     1    26     2    11     0     0     0    -3.0   24.575  120.787      0.0    973.9    288.9    286.7      0.0    436.9     88.8    199.0     23.1
    24     1    26     2    11     0     0     0    -3.0   24.399  120.471      0.0    944.9    291.7    286.9      0.0    290.5     68.1    436.3     25.8
    25     1    26     2    11     0     0     0    -3.0   24.846  120.972     96.1    981.4    287.9    286.4      0.0    528.5     93.6      9.3     24.8
    26     1    26     2    11     0     0     0    -3.0   24.848  121.088     61.9    985.6    287.8    286.6      0.0    638.6     93.2      5.1     24.8
    27     1    26     2    11     0     0     0    -3.0   24.856  120.861     72.8    981.2    288.4    286.9      0.0    432.6     89.9     34.7     24.8
     1     1    26     2    10    23     0     1    -4.0   24.785  120.824      0.0   1015.3    288.5    289.7      0.0    389.1     78.4     55.2     16.5
     2     1    26     2    10    23     0     1    -4.0   24.883  120.982      0.0   1020.3    288.0    289.7      0.0    524.5     80.5      9.0     16.3
     3     1    26     2    10    23     0     1    -4.0   24.691  120.663      0.0   1005.4    289.2    289.7      0.0    293.7     75.5    134.6     16.5
     4     1    26     2    10    23     0     1    -4.0   24.434  120.562      0.0    954.8    291.7    287.8      0.0    233.3     68.4    581.6     16.6
     5     1    26     2    10    23     0     1    -4.0   24.575  120.743      0.0   1005.0    288.9    289.2      0.0    369.5     77.7    146.1     15.9
     6     1    26     2    10    23     0     1    -4.0   24.338  120.474      6.3    971.3    291.2    288.7      0.0    178.0     60.6    426.3     17.3
     7     1    26     2    10    23     0     1    -4.0   25.000  121.004      0.0   1020.7    287.9    289.6      0.0    496.6     80.4      4.5     16.5
     8     1    26     2    10    23     0     1    -4.0   25.006  121.120     13.1   1021.1    287.8    289.5      0.0    563.8     80.4      0.0     16.5
     9     1    26     2    10    23     0     1    -4.0   24.955  120.889      0.0   1021.5    288.3    290.0      0.0    370.4     79.9      0.0     16.5
    10     1    26     2    10    23     0     1    -4.0   24.785  120.824    249.4   1015.3    288.5    289.7      0.0    389.1     78.4     55.2     16.5
    11     1    26     2    10    23     0     1    -4.0   24.883  120.982    249.9   1020.3    288.0    289.7      0.0    524.5     80.5      9.0     16.3
    12     1    26     2    10    23     0     1    -4.0   24.691  120.663    248.7   1005.4    289.2    289.7      0.0    293.7     75.5    134.6     16.5
    13     1    26     2    10    23     0     1    -4.0   24.434  120.562    244.2    954.8    291.7    287.8      0.0    233.3     68.4    581.6     16.6
    14     1    26     2    10    23     0     1    -4.0   24.575  120.743    248.5   1005.0    288.9    289.2      0.0    369.4     77.7    146.1     15.9
    15     1    26     2    10    23     0     1    -4.0   24.338  120.474    252.1    971.3    291.2    288.7      0.0    178.0     60.6    426.3     17.3
    16     1    26     2    10    23     0     1    -4.0   25.000  121.004    250.0   1020.7    287.9    289.6      0.0    496.5     80.4      4.5     16.5
    17     1    26     2    10    23     0     1    -4.0   24.997  121.112    254.9   1021.5    287.8    289.5      0.0    560.9     80.4      0.0     16.5
    18     1    26     2    10    23     0     1    -4.0   24.955  120.889    250.0   1021.5    288.3    290.0      0.0    370.4     79.9      0.0     16.5
    19     1    26     2    10    23     0     1    -4.0   24.865  120.926      0.0    989.2    288.6    287.7      0.0    429.7     86.7     58.4     16.5
    20     1    26     2    10    23     0     1    -4.0   24.958  121.105      0.0    996.2    288.1    287.8      0.0    538.5     88.2      0.0     16.5
    21     1    26     2    10    23     0     1    -4.0   24.825  120.757     38.4    966.8    289.9    287.1      0.0    308.0     81.8    198.0     16.5
    22     1    26     2    10    23     0     1    -4.0   24.509  120.611      0.0    935.6    291.9    286.3      0.0    242.4     73.9    565.4     16.5
    23     1    26     2    10    23     0     1    -4.0   24.684  120.843      0.0    987.4    288.6    287.6      0.0    394.0     88.1     91.7     13.4
    24     1    26     2    10    23     0     1    -4.0   24.488  120.488      8.6    937.7    292.3    286.9      0.0    219.3     68.3    486.8     17.4
    25     1    26     2    10    23     0     1    -4.0   25.006  121.058     67.0    983.8    288.3    287.0      0.0    498.5     88.8      8.2     16.5
    26     1    26     2    10    23     0     1    -4.0   25.031  121.197     17.2    991.0    287.9    287.1      0.0    573.8     89.1      0.0     16.5
    27     1    26     2    10    23     0     1    -4.0   25.007  120.941     38.9    988.4    288.4    287.5      0.0    397.3     86.7      0.5     16.5
     1     1    26     2    10    22     0     2    -5.0   24.899  120.836      0.0   1017.3    288.3    289.7      0.0    361.3     79.1     26.1      8.3
     2     1    26     2    10    22     0     2    -5.0   25.052  121.013      0.0   1020.8    288.0    289.7      0.0    460.6     80.0      0.0      8.3
     3     1    26     2    10    22     0     2    -5.0   24.767  120.686      0.0   1008.5    289.3    290.0      0.0    200.8     72.6    103.3      8.3
     4     1    26     2    10    22     0     2    -5.0   24.471  120.580      0.0    955.9    291.7    287.9      0.0    136.8     65.6    566.9      8.3
     5     1    26     2    10    22     0     2    -5.0   24.661  120.751      0.0   1011.9    288.6    289.5      0.0    336.3     78.6     74.6      7.7
     6     1    26     2    10    22     0     2    -5.0   24.365  120.494     65.2    954.5    292.1    288.1      0.0     99.5     59.7    517.9      8.9
     7     1    26     2    10    22     0     2    -5.0   25.152  121.018      0.0   1020.6    287.9    289.6      0.0    403.0     79.8      1.1      8.3
     8     1    26     2    10    22     0     2    -5.0   25.195  121.171     11.9   1020.6    287.7    289.4      0.0    506.0     80.2      0.0      8.2
     9     1    26     2    10    22     0     2    -5.0   25.095  120.900      0.0   1020.8    288.2    289.9      0.0    343.0     79.8      0.0      8.3
    10     1    26     2    10    22     0     2    -5.0   24.899  120.836    249.7   1017.3    288.3    289.7      0.0    361.3     79.1     26.1      8.3
    11     1    26     2    10    22     0     2    -5.0   25.052  121.013    250.0   1020.8    288.0    289.7      0.0    460.6     80.0      0.0      8.3
    12     1    26     2    10    22     0     2    -5.0   24.767  120.686    249.0   1008.5    289.3    290.0      0.0    200.8     72.6    103.4      8.3
    13     1    26     2    10    22     0     2    -5.0   24.470  120.580    244.3    955.9    291.7    287.9      0.0    136.8     65.5    567.0      8.3
    14     1    26     2    10    22     0     2    -5.0   24.661  120.751    249.3   1011.9    288.6    289.5      0.0    336.3     78.6     74.7      7.7
    15     1    26     2    10    22     0     2    -5.0   24.365  120.494    310.0    954.5    292.1    288.1      0.0     99.5     59.7    517.9      8.9
    16     1    26     2    10    22     0     2    -5.0   25.151  121.018    250.0   1020.6    287.9    289.6      0.0    402.9     79.8      1.1      8.3
    17     1    26     2    10    22     0     2    -5.0   25.184  121.161    253.8   1020.8    287.7    289.4      0.0    501.2     80.2      0.0      8.3
    18     1    26     2    10    22     0     2    -5.0   25.095  120.900    250.0   1020.8    288.2    289.9      0.0    343.0     79.8      0.0      8.3
    19     1    26     2    10    22     0     2    -5.0   24.993  120.939      0.0    997.9    288.3    288.2      0.0    395.0     86.0     18.4      8.3
    20     1    26     2    10    22     0     2    -5.0   25.146  121.150      0.0    996.9    287.9    287.7      0.0    486.3     87.1      0.0      8.3
    21     1    26     2    10    22     0     2    -5.0   24.909  120.766      0.0    987.7    289.3    288.3      0.0    238.7     79.3     91.7      8.3
    22     1    26     2    10    22     0     2    -5.0   24.561  120.611      0.0    957.7    291.4    287.7      0.0    164.0     70.6    432.7      8.3
    23     1    26     2    10    22     0     2    -5.0   24.807  120.843      0.0    998.3    288.5    288.3      0.0    371.1     84.6     43.8      7.4
    24     1    26     2    10    22     0     2    -5.0   24.530  120.493      0.0    941.5    292.6    287.5      0.0    124.8     65.0    470.8      8.6
    25     1    26     2    10    22     0     2    -5.0   25.144  121.070     20.8    989.5    288.4    287.5      0.0    406.0     83.7      2.3      8.3
    26     1    26     2    10    22     0     2    -5.0   25.227  121.255      0.0    994.7    287.6    287.1      0.0    516.0     88.0      0.0      7.6
    27     1    26     2    10    22     0     2    -5.0   25.133  120.949      0.0    993.4    288.4    287.8      0.0    363.1     84.2      2.0      8.3
     1     1    26     2    10    21     0     3    -6.0   25.013  120.784      0.0   1019.0    288.1    289.7      0.0    287.6     79.4      6.2      0.0
     2     1    26     2    10    21     0     3    -6.0   25.245  120.998      0.0   1020.1    287.8    289.4      0.0    408.8     79.9      0.0      0.0
     3     1    26     2    10    21     0     3    -6.0   24.816  120.664      0.0   1012.0    289.3    290.3      0.0    123.2     71.9     67.1      0.0
     4     1    26     2    10    21     0     3    -6.0   24.479  120.579     54.2    952.8    292.2    288.1      0.0     38.4     61.7    544.6      0.0
     5     1    26     2    10    21     0     3    -6.0   24.759  120.709      0.0   1016.8    288.3    289.7      0.0    289.6     79.2     22.1      0.0
     6     1    26     2    10    21     0     3    -6.0   24.364  120.513    127.1    938.8    293.3    287.9      0.0     18.0     57.8    593.5      0.0
     7     1    26     2    10    21     0     3    -6.0   25.288  120.971      0.0   1020.1    287.7    289.4      0.0    303.2     79.5      0.0      0.0
     8     1    26     2    10    21     0     3    -6.0   25.401  121.183     11.8   1019.9    287.5    289.2      0.0    469.8     79.3      0.0      0.0
     9     1    26     2    10    21     0     3    -6.0   25.214  120.837      0.0   1020.1    287.9    289.6      0.0    265.4     80.2      0.0      0.0
    10     1    26     2    10    21     0     3    -6.0   25.013  120.784    249.9   1019.0    288.1    289.7      0.0    287.6     79.4      6.2      0.0
    11     1    26     2    10    21     0     3    -6.0   25.245  120.998    250.0   1020.1    287.8    289.4      0.0    408.8     79.9      0.0      0.0
    12     1    26     2    10    21     0     3    -6.0   24.816  120.664    249.3   1012.0    289.3    290.3      0.0    123.2     71.9     67.1      0.0
    13     1    26     2    10    21     0     3    -6.0   24.479  120.579    298.8    952.8    292.2    288.1      0.0     38.4     61.7    544.8      0.0
    14     1    26     2    10    21     0     3    -6.0   24.759  120.708    249.8   1016.8    288.3    289.7      0.0    289.6     79.2     22.1      0.0
    15     1    26     2    10    21     0     3    -6.0   24.364  120.513    371.2    938.8    293.3    287.9      0.0     18.0     57.8    593.6      0.0
    16     1    26     2    10    21     0     3    -6.0   25.288  120.970    250.0   1020.1    287.7    289.4      0.0    302.9     79.5      0.0      0.0
    17     1    26     2    10    21     0     3    -6.0   25.387  121.171    253.5   1020.1    287.5    289.2      0.0    462.8     79.4      0.0      0.0
    18     1    26     2    10    21     0     3    -6.0   25.214  120.837    250.0   1020.1    287.9    289.6      0.0    265.4     80.2      0.0      0.0
    19     1    26     2    10    21     0     3    -6.0   25.120  120.882      0.0    994.6    288.2    287.8      0.0    288.0     85.2      5.0      0.0
    20     1    26     2    10    21     0     3    -6.0   25.356  121.147      0.0    993.1    287.8    287.2      0.0    435.6     87.8      0.0      0.0
    21     1    26     2    10    21     0     3    -6.0   24.974  120.708      0.0    997.7    289.0    288.8      0.0    202.4     79.8      9.7      0.0
    22     1    26     2    10    21     0     3    -6.0   24.591  120.567      0.0    970.0    291.0    288.4      0.0     89.5     70.3    278.7      0.0
    23     1    26     2    10    21     0     3    -6.0   24.945  120.787      0.0    996.4    288.2    287.9      0.0    319.7     86.5      0.0      0.0
    24     1    26     2    10    21     0     3    -6.0   24.524  120.480      0.0    946.8    292.9    288.3      0.0     20.6     60.2    423.5      0.0
    25     1    26     2    10    21     0     3    -6.0   25.268  121.007      0.0    994.4    288.0    287.6      0.0    300.1     83.5      0.0      0.0
    26     1    26     2    10    21     0     3    -6.0   25.442  121.274      0.0    993.4    287.5    286.9      0.0    475.5     87.5      0.0      0.0
    27     1    26     2    10    21     0     3    -6.0   25.235  120.870      0.0    993.7    288.5    287.9      0.0    271.4     81.3      0.0      0.0
     1     1    26     2    10    20     0     2    -7.0   25.097  120.689      0.0   1020.1    288.3    289.9      0.0    227.2     76.9      0.0      0.0
     2     1    26     2    10    20     0     2    -7.0   25.419  120.958      0.0   1020.1    287.9    289.6      0.0    407.3     77.3      0.0      0.0
     3     1    26     2    10    20     0     2    -7.0   24.841  120.607      0.2   1014.9    289.2    290.4      0.0    119.4     71.8     40.1      0.0
     4     1    26     2    10    20     0     2    -7.0   24.459  120.558     88.9    951.3    292.6    288.3      0.0     32.6     59.8    521.4      0.0
     5     1    26     2    10    20     0     2    -7.0   24.846  120.630      0.0   1018.9    288.6    290.1      0.0    219.1     74.9      6.7      0.0
     6     1    26     2    10    20     0     2    -7.0   24.345  120.529    167.0    929.7    294.0    287.8      0.0     20.6     58.1    639.9      0.0
     7     1    26     2    10    20     0     2    -7.0   25.399  120.890      0.0   1020.1    287.7    289.4      0.0    299.0     78.8      0.0      0.0
     8     1    26     2    10    20     0     2    -7.0   25.588  121.169      8.4   1020.1    287.5    289.2      0.0    453.3     78.2      0.0      0.0
     9     1    26     2    10    20     0     2    -7.0   25.286  120.728      0.0   1020.1    288.0    289.6      0.0    213.9     79.0      0.0      0.0
    10     1    26     2    10    20     0     2    -7.0   25.097  120.689    250.0   1020.1    288.3    289.9      0.0    227.2     76.9      0.0      0.0
    11     1    26     2    10    20     0     2    -7.0   25.419  120.958    250.0   1020.1    287.9    289.6      0.0    407.3     77.3      0.0      0.0
    12     1    26     2    10    20     0     2    -7.0   24.841  120.607    249.8   1014.9    289.2    290.4      0.0    119.4     71.8     40.1      0.0
    13     1    26     2    10    20     0     2    -7.0   24.459  120.558    333.7    951.3    292.6    288.3      0.0     32.6     59.8    521.7      0.0
    14     1    26     2    10    20     0     2    -7.0   24.846  120.630    249.9   1018.9    288.6    290.1      0.0    219.1     74.9      6.7      0.0
    15     1    26     2    10    20     0     2    -7.0   24.345  120.529    410.6    929.7    294.0    287.8      0.0     20.6     58.1    639.9      0.0
    16     1    26     2    10    20     0     2    -7.0   25.399  120.890    250.0   1020.1    287.7    289.4      0.0    298.7     78.8      0.0      0.0
    17     1    26     2    10    20     0     2    -7.0   25.571  121.154    250.2   1020.1    287.5    289.2      0.0    446.4     78.2      0.0      0.0
    18     1    26     2    10    20     0     2    -7.0   25.286  120.728    250.0   1020.1    288.0    289.6      0.0    213.9     79.0      0.0      0.0
    19     1    26     2    10    20     0     2    -7.0   25.197  120.774      0.0    995.0    288.9    288.5      0.0    226.2     76.5      0.0      0.0
    20     1    26     2    10    20     0     2    -7.0   25.540  121.127      0.0    994.9    288.0    287.6      0.0    428.8     82.9      0.0      0.0
    21     1    26     2    10    20     0     2    -7.0   25.000  120.606      0.0    995.7    289.6    289.3      0.0    176.0     73.3      0.0      0.0
    22     1    26     2    10    20     0     2    -7.0   24.593  120.496      0.0    980.4    290.9    289.2      0.0     92.1     67.3    155.1      0.0
    23     1    26     2    10    20     0     2    -7.0   25.056  120.700      0.0    995.0    288.8    288.4      0.0    261.4     78.2      0.0      0.0
    24     1    26     2    10    20     0     2    -7.0   24.488  120.463      0.0    950.2    293.1    288.7      0.0     16.3     58.8    380.5      0.0
    25     1    26     2    10    20     0     2    -7.0   25.355  120.908      0.0    995.1    288.2    287.8      0.0    286.7     80.6      0.0      0.0
    26     1    26     2    10    20     0     2    -7.0   25.636  121.270      0.0    994.6    287.6    287.1      0.0    469.2     85.0      0.0      0.0
    27     1    26     2    10    20     0     2    -7.0   25.275  120.737      0.0    993.2    289.1    288.6      0.0    213.0     75.1      0.0      0.0
     1     1    26     2    10    19     0     1    -8.0   25.127  120.574      0.0   1020.0    288.3    289.9      0.0    203.4     76.4      0.0      0.0
     2     1    26     2    10    19     0     1    -8.0   25.538  120.887      0.0   1020.0    287.8    289.5      0.0    371.3     76.7      0.0      0.0
     3     1    26     2    10    19     0     1    -8.0   24.832  120.545      4.6   1016.3    289.2    290.5      0.0     96.5     70.3     27.6      0.0
     4     1    26     2    10    19     0     1    -8.0   24.415  120.535    125.5    949.1    293.1    288.7      0.0     28.3     57.8    505.2      0.0
     5     1    26     2    10    19     0     1    -8.0   24.878  120.536      0.0   1019.7    288.8    290.4      0.0    167.5     72.6      2.2      0.0
     6     1    26     2    10    19     0     1    -8.0   24.327  120.541    207.8    921.6    294.5    287.6      0.0     22.9     58.6    674.2      0.0
     7     1    26     2    10    19     0     1    -8.0   25.463  120.778      0.0   1020.0    287.5    289.1      0.0    284.4     78.9      0.0      0.0
     8     1    26     2    10    19     0     1    -8.0   25.729  121.125      0.0   1020.0    287.4    289.0      0.0    396.3     78.0      0.0      0.0
     9     1    26     2    10    19     0     1    -8.0   25.306  120.602      0.0   1020.0    287.9    289.6      0.0    206.5     78.9      0.0      0.0
    10     1    26     2    10    19     0     1    -8.0   25.127  120.574    250.0   1020.0    288.3    289.9      0.0    203.4     76.4      0.0      0.0
    11     1    26     2    10    19     0     1    -8.0   25.538  120.887    250.0   1020.0    287.8    289.5      0.0    371.3     76.7      0.0      0.0
    12     1    26     2    10    19     0     1    -8.0   24.832  120.545    254.3   1016.3    289.2    290.5      0.0     96.5     70.3     27.6      0.0
    13     1    26     2    10    19     0     1    -8.0   24.415  120.535    370.5    949.1    293.1    288.7      0.0     28.3     57.8    505.4      0.0
    14     1    26     2    10    19     0     1    -8.0   24.878  120.536    250.0   1019.7    288.8    290.4      0.0    167.5     72.6      2.2      0.0
    15     1    26     2    10    19     0     1    -8.0   24.327  120.541    451.1    921.6    294.5    287.6      0.0     23.0     58.6    674.2      0.0
    16     1    26     2    10    19     0     1    -8.0   25.462  120.777    250.0   1020.0    287.5    289.1      0.0    284.3     78.9      0.0      0.0
    17     1    26     2    10    19     0     1    -8.0   25.707  121.107    250.0   1020.0    287.4    289.0      0.0    393.9     77.9      0.0      0.0
    18     1    26     2    10    19     0     1    -8.0   25.306  120.602    250.0   1020.0    287.9    289.6      0.0    206.5     78.9      0.0      0.0
    19     1    26     2    10    19     0     1    -8.0   25.201  120.651      0.0    996.0    289.2    288.8      0.0    204.8     72.6      0.0      0.0
    20     1    26     2    10    19     0     1    -8.0   25.663  121.082      0.0    995.8    288.1    287.7      0.0    401.5     81.6      0.0      0.0
    21     1    26     2    10    19     0     1    -8.0   24.969  120.501      0.0    993.6    290.4    289.9      0.0    135.1     66.7      0.0      0.0
    22     1    26     2    10    19     0     1    -8.0   24.554  120.428      0.0    985.1    291.4    290.1      0.0     68.7     62.0     78.6      0.0
    23     1    26     2    10    19     0     1    -8.0   25.091  120.604      0.0    995.7    289.3    289.0      0.0    216.0     72.1      0.0      0.0
    24     1    26     2    10    19     0     1    -8.0   24.449  120.455      0.0    950.1    293.3    289.0      0.0     12.0     57.8    373.5      0.0
    25     1    26     2    10    19     0     1    -8.0   25.379  120.786      0.0    994.6    288.2    287.8      0.0    268.5     78.9      0.0      0.0
    26     1    26     2    10    19     0     1    -8.0   25.776  121.236      0.0    994.7    287.5    287.1      0.0    407.4     84.2      0.0      0.0
    27     1    26     2    10    19     0     1    -8.0   25.251  120.592      0.0    993.4    289.4    288.8      0.0    191.2     72.1      0.0      0.0
     1     1    26     2    10    18     0     0    -9.0   25.118  120.433      0.0   1020.0    288.0    289.7      0.0    219.2     77.2      0.0      0.0
     2     1    26     2    10    18     0     0    -9.0   25.605  120.768      0.0   1020.0    287.6    289.2      0.0    299.9     76.9      0.0      0.0
     3     1    26     2    10    18     0     0    -9.0   24.786  120.482     10.3   1018.0    289.3    290.7      0.0     69.5     68.3     15.8      0.0
     4     1    26     2    10    18     0     0    -9.0   24.359  120.514    165.1    947.4    293.6    289.0      0.0     26.0     56.5    484.2      0.0
     5     1    26     2    10    18     0     0    -9.0   24.856  120.422      0.0   1020.0    288.9    290.5      0.0    142.4     72.5      0.0      0.0
     6     1    26     2    10    18     0     0    -9.0   24.309  120.553    254.6    913.5    295.0    287.3      0.0     25.3     59.4    703.2      0.0
     7     1    26     2    10    18     0     0    -9.0   25.478  120.628      0.0   1020.0    287.2    288.8      0.0    281.8     79.8      0.0      0.0
     8     1    26     2    10    18     0     0    -9.0   25.816  121.033      0.0   1020.0    287.1    288.7      0.0    288.5     78.2      0.0      0.0
     9     1    26     2    10    18     0     0    -9.0   25.290  120.462      0.0   1020.0    287.9    289.5      0.0    224.7     79.1      0.0      0.0
    10     1    26     2    10    18     0     0    -9.0   25.118  120.433    250.0   1020.0    288.0    289.7      0.0    219.1     77.2      0.0      0.0
    11     1    26     2    10    18     0     0    -9.0   25.605  120.768    250.0   1020.0    287.6    289.2      0.0    299.9     76.9      0.0      0.0
    12     1    26     2    10    18     0     0    -9.0   24.786  120.482    260.2   1018.0    289.3    290.7      0.0     69.5     68.3     15.8      0.0
    13     1    26     2    10    18     0     0    -9.0   24.359  120.514    410.3    947.3    293.6    289.0      0.0     26.0     56.5    484.4      0.0
    14     1    26     2    10    18     0     0    -9.0   24.855  120.422    250.0   1020.0    288.9    290.5      0.0    142.3     72.4      0.0      0.0
    15     1    26     2    10    18     0     0    -9.0   24.309  120.553    497.6    913.5    295.0    287.3      0.0     25.3     59.4    703.2      0.0
    16     1    26     2    10    18     0     0    -9.0   25.477  120.628    250.0   1020.0    287.2    288.8      0.0    282.0     79.8      0.0      0.0
    17     1    26     2    10    18     0     0    -9.0   25.791  121.011    250.0   1020.0    287.1    288.7      0.0    288.3     78.2      0.0      0.0
    18     1    26     2    10    18     0     0    -9.0   25.290  120.462    250.0   1020.0    287.9    289.5      0.0    224.7     79.1      0.0      0.0
    19     1    26     2    10    18     0     0    -9.0   25.152  120.507      0.0    999.3    288.9    288.9      0.0    212.1     72.8      0.0      0.0
    20     1    26     2    10    18     0     0    -9.0   25.735  120.983      0.0    998.6    287.9    287.8      0.0    335.6     81.0      0.0      0.0
    21     1    26     2    10    18     0     0    -9.0   24.889  120.404      0.0    993.6    291.0    290.5      0.0     97.4     61.0      0.0      0.0
    22     1    26     2    10    18     0     0    -9.0   24.481  120.369      0.0    983.5    292.0    290.6      0.0     45.0     57.6     90.8      0.0
    23     1    26     2    10    18     0     0    -9.0   25.055  120.478      0.0    999.4    289.4    289.3      0.0    188.4     70.0      0.0      0.0
    24     1    26     2    10    18     0     0    -9.0   24.411  120.456      5.7    949.5    293.5    289.1      0.0     13.5     57.5    375.3      0.0
    25     1    26     2    10    18     0     0    -9.0   25.352  120.629      0.0    995.2    287.9    287.5      0.0    278.1     79.3      0.0      0.0
    26     1    26     2    10    18     0     0    -9.0   25.862  121.151      0.0    995.5    287.4    287.0      0.0    300.1     82.7      0.0      0.0
    27     1    26     2    10    18     0     0    -9.0   25.180  120.440      0.0    996.2    289.0    288.7      0.0    189.4     72.7      0.0      0.0
     1     1    26     2    10    17     0     1   -10.0   25.086  120.308      0.0   1020.0    287.9    289.5      0.0    178.8     76.5      0.0      0.0
     2     1    26     2    10    17     0     1   -10.0   25.611  120.646      0.0   1020.0    287.3    288.9      0.0    262.1     76.5      0.0      0.0
     3     1    26     2    10    17     0     1   -10.0   24.740  120.440     13.2   1019.6    289.2    290.8      0.0     62.1     68.9      0.0      0.0
     4     1    26     2    10    17     0     1   -10.0   24.310  120.499    191.4    946.2    293.7    289.0      0.0     22.4     57.0    469.7      0.0
     5     1    26     2    10    17     0     1   -10.0   24.807  120.320      0.0   1020.0    288.5    290.2      0.0    122.6     72.1      0.0      0.0
     6     1    26     2    10    17     0     1   -10.0   24.295  120.562    290.2    907.5    295.3    287.1      0.0     25.0     60.1    722.0      0.0
     7     1    26     2    10    17     0     1   -10.0   25.450  120.490      0.0   1020.0    287.0    288.7      0.0    241.6     79.6      0.0      0.0
     8     1    26     2    10    17     0     1   -10.0   25.838  120.931      0.0   1020.0    287.0    288.6      0.0    252.6     77.6      0.0      0.0
     9     1    26     2    10    17     0     1   -10.0   25.250  120.338      0.0   1020.0    287.7    289.3      0.0    178.0     78.2      0.0      0.0
    10     1    26     2    10    17     0     1   -10.0   25.086  120.308    250.0   1020.0    287.9    289.5      0.0    178.8     76.5      0.0      0.0
    11     1    26     2    10    17     0     1   -10.0   25.611  120.646    250.0   1020.0    287.3    288.9      0.0    262.1     76.5      0.0      0.0
    12     1    26     2    10    17     0     1   -10.0   24.740  120.440    263.2   1019.6    289.2    290.8      0.0     62.1     68.9      0.0      0.0
    13     1    26     2    10    17     0     1   -10.0   24.310  120.499    436.8    946.2    293.7    289.0      0.0     22.4     57.0    469.9      0.0
    14     1    26     2    10    17     0     1   -10.0   24.806  120.320    250.0   1020.0    288.5    290.2      0.0    122.5     72.1      0.0      0.0
    15     1    26     2    10    17     0     1   -10.0   24.295  120.562    533.0    907.5    295.3    287.1      0.0     25.0     60.1    722.0      0.0
    16     1    26     2    10    17     0     1   -10.0   25.449  120.489    250.0   1020.0    287.0    288.7      0.0    241.6     79.6      0.0      0.0
    17     1    26     2    10    17     0     1   -10.0   25.809  120.907    250.0   1020.0    287.0    288.6      0.0    251.8     77.7      0.0      0.0
    18     1    26     2    10    17     0     1   -10.0   25.250  120.338    250.0   1020.0    287.7    289.3      0.0    178.0     78.2      0.0      0.0
    19     1    26     2    10    17     0     1   -10.0   25.073  120.381      0.0    998.1    289.3    289.2      0.0    163.1     69.8      0.0      0.0
    20     1    26     2    10    17     0     1   -10.0   25.747  120.871      0.0    996.7    287.7    287.5      0.0    295.1     79.5      0.0      0.0
    21     1    26     2    10    17     0     1   -10.0   24.810  120.331      0.0    991.8    291.2    290.5      0.0     88.4     60.4      0.0      0.0
    22     1    26     2    10    17     0     1   -10.0   24.414  120.330      0.0    980.9    292.2    290.6      0.0     40.2     57.7     95.5      0.0
    23     1    26     2    10    17     0     1   -10.0   24.977  120.360      0.0    998.4    289.5    289.4      0.0    168.8     68.1      0.0      0.0
    24     1    26     2    10    17     0     1   -10.0   24.382  120.464     20.8    944.8    293.8    289.0      0.0     18.3     57.7    402.3      0.0
    25     1    26     2    10    17     0     1   -10.0   25.286  120.479      0.0    994.1    288.5    288.0      0.0    232.7     74.5      0.0      0.0
    26     1    26     2    10    17     0     1   -10.0   25.880  121.052      0.0    994.2    287.5    287.0      0.0    264.4     79.3      0.0      0.0
    27     1    26     2    10    17     0     1   -10.0   25.089  120.306      0.0    995.6    289.3    288.9      0.0    161.8     70.6      0.0      0.0
     1     1    26     2    10    16     0     2   -11.0   25.040  120.237      0.0   1020.0    287.8    289.4      0.0    124.2     75.1      0.0      0.0
     2     1    26     2    10    16     0     2   -11.0   25.556  120.571      0.0   1020.0    287.3    289.0      0.0    232.6     75.6      0.0      0.0
     3     1    26     2    10    16     0     2   -11.0   24.725  120.435     12.3   1019.7    289.1    290.7      0.0     56.6     69.1      0.0      0.0
     4     1    26     2    10    16     0     2   -11.0   24.281  120.493    199.5    945.2    293.9    289.1      0.0     21.7     57.2    472.0      0.0
     5     1    26     2    10    16     0     2   -11.0   24.761  120.267      0.0   1020.0    288.4    290.0      0.0     80.4     70.9      0.0      0.0
     6     1    26     2    10    16     0     2   -11.0   24.288  120.567    303.0    905.1    295.4    287.0      0.0     23.9     60.7    731.4      0.0
     7     1    26     2    10    16     0     2   -11.0   25.388  120.399      0.0   1020.0    287.0    288.6      0.0    194.5     78.6      0.0      0.0
     8     1    26     2    10    16     0     2   -11.0   25.804  120.865      0.0   1020.0    287.1    288.7      0.0    231.2     76.5      0.0      0.0
     9     1    26     2    10    16     0     2   -11.0   25.198  120.255      0.0   1020.0    287.5    289.2      0.0    140.8     76.8      0.0      0.0
    10     1    26     2    10    16     0     2   -11.0   25.040  120.237    250.0   1020.0    287.8    289.4      0.0    124.2     75.1      0.0      0.0
    11     1    26     2    10    16     0     2   -11.0   25.556  120.571    250.0   1020.0    287.3    289.0      0.0    232.6     75.6      0.0      0.0
    12     1    26     2    10    16     0     2   -11.0   24.725  120.435    262.3   1019.7    289.1    290.7      0.0     56.6     69.1      0.0      0.0
    13     1    26     2    10    16     0     2   -11.0   24.281  120.493    444.8    945.1    293.9    289.1      0.0     21.7     57.2    472.2      0.0
    14     1    26     2    10    16     0     2   -11.0   24.761  120.267    250.0   1020.0    288.4    290.0      0.0     80.3     70.9      0.0      0.0
    15     1    26     2    10    16     0     2   -11.0   24.288  120.567    545.7    905.1    295.4    287.0      0.0     23.9     60.7    731.4      0.0
    16     1    26     2    10    16     0     2   -11.0   25.387  120.399    250.0   1020.0    287.0    288.6      0.0    194.5     78.6      0.0      0.0
    17     1    26     2    10    16     0     2   -11.0   25.770  120.839    250.0   1020.0    287.1    288.7      0.0    232.6     76.6      0.0      0.0
    18     1    26     2    10    16     0     2   -11.0   25.198  120.255    250.0   1020.0    287.5    289.2      0.0    140.8     76.8      0.0      0.0
    19     1    26     2    10    16     0     2   -11.0   24.988  120.296      0.0    994.8    290.1    289.7      0.0     98.8     65.0      0.0      0.0
    20     1    26     2    10    16     0     2   -11.0   25.696  120.798      0.0    994.0    288.2    287.7      0.0    268.5     73.5      0.0      0.0
    21     1    26     2    10    16     0     2   -11.0   24.764  120.284      0.0    991.8    291.3    290.7      0.0     80.7     59.7      0.0      0.0
    22     1    26     2    10    16     0     2   -11.0   24.380  120.316      0.0    980.8    292.3    290.7      0.0     39.0     57.5     98.1      0.0
    23     1    26     2    10    16     0     2   -11.0   24.893  120.287      0.0    995.9    290.1    289.8      0.0    126.4     64.4      0.0      0.0
    24     1    26     2    10    16     0     2   -11.0   24.367  120.476     35.5    938.6    294.2    288.8      0.0     21.0     58.0    445.0      0.0
    25     1    26     2    10    16     0     2   -11.0   25.204  120.371      0.0    994.0    289.0    288.5      0.0    178.8     70.9      0.0      0.0
    26     1    26     2    10    16     0     2   -11.0   25.836  120.985      0.0    993.8    287.8    287.3      0.0    246.2     75.0      0.0      0.0
    27     1    26     2    10    16     0     2   -11.0   25.013  120.204      0.0    993.9    289.6    289.0      0.0    135.5     68.6      0.0      0.0
     1     1    26     2    10    15     0     3   -12.0   24.987  120.217      0.0   1020.0    287.8    289.4      0.0     63.6     73.1      0.0      0.0
     2     1    26     2    10    15     0     3   -12.0   25.445  120.544      0.0   1020.0    287.5    289.2      0.0    201.7     73.6      0.0      0.0
     3     1    26     2    10    15     0     3   -12.0   24.737  120.468     13.6   1017.9    289.0    290.5      0.0     45.6     68.7     13.6      0.0
     4     1    26     2    10    15     0     3   -12.0   24.270  120.495    195.9    943.7    294.0    289.1      0.0     22.5     57.3    489.3      0.0
     5     1    26     2    10    15     0     3   -12.0   24.722  120.265      0.0   1020.0    288.4    290.0      0.0     33.5     68.9      0.0      0.0
     6     1    26     2    10    15     0     3   -12.0   24.287  120.569    296.2    905.1    295.5    287.1      0.0     22.5     61.2    737.7      0.0
     7     1    26     2    10    15     0     3   -12.0   25.299  120.350      0.0   1020.0    287.1    288.7      0.0    149.1     76.9      0.0      0.0
     8     1    26     2    10    15     0     3   -12.0   25.716  120.835      0.0   1020.0    287.3    288.9      0.0    228.4     74.6      0.0      0.0
     9     1    26     2    10    15     0     3   -12.0   25.139  120.203      0.0   1020.0    287.4    289.1      0.0    108.9     75.2      0.0      0.0
    10     1    26     2    10    15     0     3   -12.0   24.987  120.217    250.0   1020.0    287.8    289.4      0.0     63.5     73.1      0.0      0.0
    11     1    26     2    10    15     0     3   -12.0   25.445  120.544    250.0   1020.0    287.5    289.2      0.0    201.7     73.6      0.0      0.0
    12     1    26     2    10    15     0     3   -12.0   24.737  120.468    263.5   1017.9    289.0    290.5      0.0     45.6     68.7     13.7      0.0
    13     1    26     2    10    15     0     3   -12.0   24.270  120.495    441.0    943.7    294.0    289.1      0.0     22.5     57.3    489.4      0.0
    14     1    26     2    10    15     0     3   -12.0   24.722  120.265    250.0   1020.0    288.4    290.0      0.0     33.4     68.9      0.0      0.0
    15     1    26     2    10    15     0     3   -12.0   24.287  120.569    538.9    905.1    295.5    287.1      0.0     22.5     61.2    737.8      0.0
    16     1    26     2    10    15     0     3   -12.0   25.299  120.349    250.0   1020.0    287.1    288.7      0.0    149.1     76.9      0.0      0.0
    17     1    26     2    10    15     0     3   -12.0   25.674  120.811    250.0   1020.0    287.3    289.0      0.0    227.9     74.6      0.0      0.0
    18     1    26     2    10    15     0     3   -12.0   25.139  120.203    250.0   1020.0    287.4    289.1      0.0    108.9     75.2      0.0      0.0
    19     1    26     2    10    15     0     3   -12.0   24.912  120.248      0.0    992.6    290.6    290.0      0.0     47.1     61.9      0.0      0.0
    20     1    26     2    10    15     0     3   -12.0   25.581  120.764      3.2    991.2    289.6    288.8      0.0    222.6     62.6      0.0      0.0
    21     1    26     2    10    15     0     3   -12.0   24.748  120.259      0.0    991.8    291.5    290.8      0.0     70.3     59.0      0.0      0.0
    22     1    26     2    10    15     0     3   -12.0   24.375  120.320      0.0    980.5    292.4    290.8      0.0     37.8     57.0    103.5      0.0
    23     1    26     2    10    15     0     3   -12.0   24.809  120.261      0.0    993.3    290.8    290.2      0.0     63.8     61.5      0.0      0.0
    24     1    26     2    10    15     0     3   -12.0   24.362  120.488     42.4    933.1    294.5    288.6      0.0     22.5     58.3    490.1      0.0
    25     1    26     2    10    15     0     3   -12.0   25.111  120.300      0.0    993.9    289.3    288.8      0.0    121.7     67.8      0.0      0.0
    26     1    26     2    10    15     0     3   -12.0   25.734  120.956      0.0    993.5    288.5    287.9      0.0    241.2     68.1      0.0      0.0
    27     1    26     2    10    15     0     3   -12.0   24.954  120.126      0.0    992.5    289.8    289.1      0.0    103.8     66.5      0.0      0.0
