    10     1
    GFSQ    26     1     1     0     0
    GFSQ    26     1     2     0     0
    GFSQ    26     1     3     0     0
    GFSQ    26     1     4     0     0
    GFSQ    26     1     5     0     0
    GFSQ    26     1     6     0     0
    GFSQ    26     1     7     0     0
    GFSQ    26     1     8     0     0
    GFSQ    26     1     9     0     0
    GFSQ    26     1    10     0     0
    27 BACKWARD OMEGA   
    26     1     9    14   22.711  120.310    10.0
    26     1     9    14   22.711  120.310    10.0
    26     1     9    14   22.711  120.310    10.0
    26     1     9    14   22.711  120.310    10.0
    26     1     9    14   22.711  120.310    10.0
    26     1     9    14   22.711  120.310    10.0
    26     1     9    14   22.711  120.310    10.0
    26     1     9    14   22.711  120.310    10.0
    26     1     9    14   22.711  120.310    10.0
    26     1     9    14   22.711  120.310    10.0
    26     1     9    14   22.711  120.310    10.0
    26     1     9    14   22.711  120.310    10.0
    26     1     9    14   22.711  120.310    10.0
    26     1     9    14   22.711  120.310    10.0
    26     1     9    14   22.711  120.310    10.0
    26     1     9    14   22.711  120.310    10.0
    26     1     9    14   22.711  120.310    10.0
    26     1     9    14   22.711  120.310    10.0
    26     1     9    14   22.711  120.310    10.0
    26     1     9    14   22.711  120.310    10.0
    26     1     9    14   22.711  120.310    10.0
    26     1     9    14   22.711  120.310    10.0
    26     1     9    14   22.711  120.310    10.0
    26     1     9    14   22.711  120.310    10.0
    26     1     9    14   22.711  120.310    10.0
    26     1     9    14   22.711  120.310    10.0
    26     1     9    14   22.711  120.310    10.0
     8 PRESSURE THETA    AIR_TEMP RAINFALL MIXDEPTH RELHUMID TERR_MSL SUN_FLUX
     1     1    26     1     9    14     0     2     0.0   22.711  120.310     10.0   1015.4    288.8    290.1      0.0    316.2     51.7     34.8     58.7
     2     1    26     1     9    14     0     2     0.0   22.711  120.310     10.0   1013.9    287.5    288.7      0.0    239.1     54.8     51.7     25.4
     3     1    26     1     9    14     0     2     0.0   22.711  120.310     10.0   1016.9    290.3    291.7      0.0    582.3     55.8     11.2     52.5
     4     1    26     1     9    14     0     2     0.0   22.711  120.310     10.0    983.9    289.6    288.2      0.0    134.2     59.4    288.6     58.6
     5     1    26     1     9    14     0     2     0.0   22.711  120.310     10.0    974.2    288.5    286.2      0.0     33.7     63.1    381.9     30.8
     6     1    26     1     9    14     0     2     0.0   22.711  120.310     10.0    996.3    290.0    289.7      0.0    357.6     65.5    194.3     48.9
     7     1    26     1     9    14     0     2     0.0   22.711  120.310     10.0   1019.4    289.1    290.7      0.0    641.9     56.9      4.7     47.5
     8     1    26     1     9    14     0     2     0.0   22.711  120.310     10.0   1019.5    288.3    289.9      0.0    595.6     59.0      5.6     21.0
     9     1    26     1     9    14     0     2     0.0   22.711  120.310     10.0   1018.5    290.2    291.7      0.0    770.8     55.6      0.0     58.4
    10     1    26     1     9    14     0     2     0.0   22.711  120.310     10.0   1015.4    288.8    290.1      0.0    316.2     51.7     34.8     58.7
    11     1    26     1     9    14     0     2     0.0   22.711  120.310     10.0   1013.9    287.5    288.7      0.0    239.1     54.8     51.7     25.4
    12     1    26     1     9    14     0     2     0.0   22.711  120.310     10.0   1016.9    290.3    291.7      0.0    582.3     55.8     11.2     52.5
    13     1    26     1     9    14     0     2     0.0   22.711  120.310     10.0    983.9    289.6    288.2      0.0    134.2     59.4    288.6     58.6
    14     1    26     1     9    14     0     2     0.0   22.711  120.310     10.0    974.2    288.5    286.2      0.0     33.7     63.1    381.9     30.8
    15     1    26     1     9    14     0     2     0.0   22.711  120.310     10.0    996.3    290.0    289.7      0.0    357.6     65.5    194.3     48.9
    16     1    26     1     9    14     0     2     0.0   22.711  120.310     10.0   1019.4    289.1    290.7      0.0    641.9     56.9      4.7     47.5
    17     1    26     1     9    14     0     2     0.0   22.711  120.310     10.0   1019.5    288.3    289.9      0.0    595.6     59.0      5.6     21.0
    18     1    26     1     9    14     0     2     0.0   22.711  120.310     10.0   1018.5    290.2    291.7      0.0    770.8     55.6      0.0     58.4
    19     1    26     1     9    14     0     2     0.0   22.711  120.310     10.0    986.0    289.2    288.1      0.0    316.2     56.0     34.8     58.7
    20     1    26     1     9    14     0     2     0.0   22.711  120.310     10.0    984.4    288.5    287.3      0.0    239.1     56.7     51.7     25.4
    21     1    26     1     9    14     0     2     0.0   22.711  120.310     10.0    987.6    290.3    289.3      0.0    582.3     62.5     11.2     52.5
    22     1    26     1     9    14     0     2     0.0   22.711  120.310     10.0    955.6    290.8    287.0      0.0    134.2     60.7    288.6     58.6
    23     1    26     1     9    14     0     2     0.0   22.711  120.310     10.0    946.1    291.0    286.3      0.0     33.7     58.9    381.9     30.8
    24     1    26     1     9    14     0     2     0.0   22.711  120.310     10.0    967.6    290.7    287.9      0.0    357.6     70.1    194.3     48.9
    25     1    26     1     9    14     0     2     0.0   22.711  120.310     10.0    989.8    289.0    288.1      0.0    641.9     62.6      4.7     47.5
    26     1    26     1     9    14     0     2     0.0   22.711  120.310     10.0    989.9    288.3    287.5      0.0    595.6     64.2      5.6     21.0
    27     1    26     1     9    14     0     2     0.0   22.711  120.310     10.0    989.1    290.0    289.1      0.0    770.8     61.8      0.0     58.4
     1     1    26     1     9    13     0     1    -1.0   22.802  120.321     26.5   1012.4    288.8    289.8      0.0    274.8     50.6     45.3    101.3
     2     1    26     1     9    13     0     1    -1.0   22.805  120.325     26.4   1009.6    287.9    288.7      0.0    269.2     54.3     72.6     36.6
     3     1    26     1     9    13     0     1    -1.0   22.748  120.329     17.6   1015.7    290.4    291.7      0.0    547.3     54.0     17.3    102.1
     4     1    26     1     9    13     0     1    -1.0   22.731  120.319     91.3    970.2    290.4    287.8      0.0    125.3     59.0    326.7    117.4
     5     1    26     1     9    13     0     1    -1.0   22.734  120.318     85.3    961.0    290.2    286.8      0.0     29.1     60.1    424.1     53.9
     6     1    26     1     9    13     0     1    -1.0   22.714  120.339     84.1    979.5    290.4    288.6      0.0    352.5     68.3    268.7     97.4
     7     1    26     1     9    13     0     1    -1.0   22.890  120.356      9.8   1019.2    288.7    290.2      0.0    560.6     55.9     10.0     60.4
     8     1    26     1     9    13     0     1    -1.0   22.911  120.367     10.0   1019.1    288.0    289.6      0.0    571.0     58.2     10.9     41.8
     9     1    26     1     9    13     0     1    -1.0   22.843  120.350      7.9   1019.0    289.9    291.4      0.0    678.7     54.4      3.5    106.7
    10     1    26     1     9    13     0     1    -1.0   22.799  120.321    265.1   1013.7    288.8    289.9      0.0    275.0     50.4     45.1    102.2
    11     1    26     1     9    13     0     1    -1.0   22.800  120.325    266.1   1011.0    287.8    288.7      0.0    269.1     54.3     71.1     36.7
    12     1    26     1     9    13     0     1    -1.0   22.748  120.329    258.0   1016.6    290.4    291.8      0.0    547.2     53.8     17.3    102.0
    13     1    26     1     9    13     0     1    -1.0   22.731  120.319    332.2    970.6    290.4    287.9      0.0    125.0     59.0    329.2    117.4
    14     1    26     1     9    13     0     1    -1.0   22.734  120.319    327.5    960.9    290.2    286.8      0.0     29.1     60.2    428.8     53.9
    15     1    26     1     9    13     0     1    -1.0   22.714  120.339    323.4    980.4    290.3    288.6      0.0    352.7     68.3    268.9     97.4
    16     1    26     1     9    13     0     1    -1.0   22.890  120.356    249.9   1019.2    288.7    290.2      0.0    560.6     55.9     10.0     60.4
    17     1    26     1     9    13     0     1    -1.0   22.911  120.367    249.9   1019.1    288.0    289.6      0.0    571.0     58.2     10.9     41.8
    18     1    26     1     9    13     0     1    -1.0   22.843  120.350    250.0   1019.0    289.9    291.4      0.0    678.7     54.4      3.5    106.7
    19     1    26     1     9    13     0     1    -1.0   22.803  120.327     28.2    982.5    289.4    288.0      0.0    269.1     54.2     47.3    101.2
    20     1    26     1     9    13     0     1    -1.0   22.849  120.345     32.4    977.0    289.0    287.0      0.0    252.4     57.2     96.0     36.0
    21     1    26     1     9    13     0     1    -1.0   22.731  120.328      0.0    990.4    290.4    289.6      0.0    561.1     60.0     15.9    102.2
    22     1    26     1     9    13     0     1    -1.0   22.717  120.308     10.3    956.3    291.0    287.2      0.0    144.7     60.2    282.8    115.8
    23     1    26     1     9    13     0     1    -1.0   22.731  120.308     15.5    945.9    291.2    286.5      0.0     30.2     58.4    380.2     55.2
    24     1    26     1     9    13     0     1    -1.0   22.706  120.328      0.0    964.8    290.7    287.7      0.0    381.0     70.6    234.3     97.1
    25     1    26     1     9    13     0     1    -1.0   22.898  120.364      6.1    990.1    288.7    287.8      0.0    549.5     60.7     10.6     58.9
    26     1    26     1     9    13     0     1    -1.0   22.943  120.382     28.2    987.3    288.0    286.9      0.0    560.0     63.8     12.3     41.9
    27     1    26     1     9    13     0     1    -1.0   22.829  120.357      0.0    991.9    289.8    289.1      0.0    680.6     59.3      3.2    107.8
     1     1    26     1     9    12     0     0    -2.0   22.897  120.337     44.4   1008.7    288.9    289.6      0.0    277.2     51.1     58.9    108.0
     2     1    26     1     9    12     0     0    -2.0   22.928  120.342     40.2   1003.8    288.5    288.8      0.0    312.0     53.9    112.5     48.4
     3     1    26     1     9    12     0     0    -2.0   22.779  120.354     30.3   1013.7    290.4    291.5      0.0    515.6     53.2     26.2    153.6
     4     1    26     1     9    12     0     0    -2.0   22.749  120.331    145.6    958.3    291.1    287.5      0.0    113.4     59.5    377.8    179.1
     5     1    26     1     9    12     0     0    -2.0   22.767  120.317    113.5    957.1    290.8    287.0      0.0     26.0     58.9    433.9     72.5
     6     1    26     1     9    12     0     0    -2.0   22.714  120.381    146.7    960.4    290.6    287.2      0.0    321.9     72.9    373.7    149.0
     7     1    26     1     9    12     0     0    -2.0   23.078  120.395      9.6   1019.0    288.4    290.0      0.0    561.5     55.2     13.6     53.4
     8     1    26     1     9    12     0     0    -2.0   23.127  120.415     10.0   1018.8    287.9    289.5      0.0    593.0     57.7      7.6    108.3
     9     1    26     1     9    12     0     0    -2.0   22.994  120.386      6.0   1019.1    289.5    291.1      0.0    540.4     51.8     12.4    151.5
    10     1    26     1     9    12     0     0    -2.0   22.889  120.337    283.4   1010.0    288.9    289.7      0.0    277.9     50.9     58.0    111.5
    11     1    26     1     9    12     0     0    -2.0   22.916  120.340    280.3   1005.3    288.4    288.9      0.0    312.3     53.7    107.8     49.1
    12     1    26     1     9    12     0     0    -2.0   22.779  120.354    271.4   1014.7    290.4    291.6      0.0    515.2     53.1     26.3    153.6
    13     1    26     1     9    12     0     0    -2.0   22.749  120.332    389.2    958.2    291.1    287.4      0.0    113.0     59.6    381.7    179.1
    14     1    26     1     9    12     0     0    -2.0   22.767  120.318    357.5    956.6    290.8    287.0      0.0     26.0     59.0    439.6     72.4
    15     1    26     1     9    12     0     0    -2.0   22.714  120.382    388.0    960.8    290.6    287.2      0.0    321.4     72.9    374.6    149.1
    16     1    26     1     9    12     0     0    -2.0   23.078  120.395    249.9   1019.0    288.4    290.0      0.0    561.5     55.2     13.6     53.4
    17     1    26     1     9    12     0     0    -2.0   23.127  120.415    249.9   1018.8    287.9    289.5      0.0    593.0     57.7      7.6    108.3
    18     1    26     1     9    12     0     0    -2.0   22.994  120.386    249.9   1019.1    289.5    291.1      0.0    540.4     51.8     12.4    151.5
    19     1    26     1     9    12     0     0    -2.0   22.908  120.350     33.2    979.8    289.6    287.9      0.0    260.9     54.4     65.3    103.8
    20     1    26     1     9    12     0     0    -2.0   22.995  120.383     53.9    966.3    289.4    286.6      0.0    249.9     58.2    174.8     45.3
    21     1    26     1     9    12     0     0    -2.0   22.748  120.353      0.0    992.0    290.5    289.8      0.0    550.4     58.5     22.8    150.7
    22     1    26     1     9    12     0     0    -2.0   22.725  120.316     18.0    952.0    291.3    287.2      0.0    145.8     60.3    315.0    175.1
    23     1    26     1     9    12     0     0    -2.0   22.765  120.305     18.0    945.2    291.4    286.6      0.0     26.0     57.8    386.7     73.6
    24     1    26     1     9    12     0     0    -2.0   22.701  120.363      8.9    954.6    290.9    287.0      0.0    370.8     73.2    316.2    147.9
    25     1    26     1     9    12     0     0    -2.0   23.124  120.415     11.2    989.1    288.3    287.4      0.0    549.8     60.9     15.5     54.0
    26     1    26     1     9    12     0     0    -2.0   23.212  120.455     43.6    984.9    287.7    286.4      0.0    568.5     65.4      2.9    138.2
    27     1    26     1     9    12     0     0    -2.0   22.973  120.400      0.0    992.6    289.6    289.0      0.0    533.6     55.3     12.5    155.5
     1     1    26     1     9    11     0     1    -3.0   22.996  120.351     61.9   1004.2    288.8    289.2      0.0    273.0     52.4     74.7     84.5
     2     1    26     1     9    11     0     1    -3.0   23.065  120.351     32.9   1002.8    288.9    289.1      0.0    350.4     52.5    123.2     97.4
     3     1    26     1     9    11     0     1    -3.0   22.809  120.368     40.0   1011.6    290.3    291.3      0.0    488.8     54.1     32.6    205.6
     4     1    26     1     9    11     0     1    -3.0   22.769  120.337    167.2    952.6    291.5    287.4      0.0    180.0     59.7    408.4    227.3
     5     1    26     1     9    11     0     1    -3.0   22.805  120.311    121.8    956.0    290.8    286.9      0.0     39.4     59.2    433.5     92.5
     6     1    26     1     9    11     0     1    -3.0   22.721  120.423    181.9    943.3    291.1    286.2      0.0    352.9     75.4    485.2    200.4
     7     1    26     1     9    11     0     1    -3.0   23.270  120.426      7.3   1018.2    288.6    290.1      0.0    572.7     53.7     15.1     88.8
     8     1    26     1     9    11     0     1    -3.0   23.357  120.471      9.9   1018.9    287.8    289.4      0.0    601.6     57.1      0.0    209.1
     9     1    26     1     9    11     0     1    -3.0   23.152  120.410      4.8   1018.3    289.2    290.7      0.0    550.8     51.9     15.0    121.2
    10     1    26     1     9    11     0     1    -3.0   22.984  120.351    301.3   1005.5    288.8    289.3      0.0    277.5     52.2     73.4     91.6
    11     1    26     1     9    11     0     1    -3.0   23.046  120.349    275.1   1003.4    288.9    289.2      0.0    342.9     52.3    125.3     86.9
    12     1    26     1     9    11     0     1    -3.0   22.809  120.368    282.6   1012.4    290.3    291.3      0.0    488.6     54.0     32.6    205.6
    13     1    26     1     9    11     0     1    -3.0   22.769  120.338    411.7    952.3    291.5    287.4      0.0    179.6     59.8    412.5    227.4
    14     1    26     1     9    11     0     1    -3.0   22.804  120.313    366.2    955.6    290.8    286.9      0.0     39.6     59.3    438.9     92.5
    15     1    26     1     9    11     0     1    -3.0   22.721  120.424    423.2    943.5    291.0    286.2      0.0    352.2     75.3    486.9    200.5
    16     1    26     1     9    11     0     1    -3.0   23.270  120.426    249.8   1018.2    288.6    290.1      0.0    572.7     53.7     15.1     88.8
    17     1    26     1     9    11     0     1    -3.0   23.357  120.471    250.0   1018.9    287.8    289.4      0.0    601.6     57.1      0.0    209.1
    18     1    26     1     9    11     0     1    -3.0   23.152  120.410    249.9   1018.3    289.2    290.7      0.0    550.8     51.9     15.0    121.2
    19     1    26     1     9    11     0     1    -3.0   23.023  120.366     35.4    976.3    289.5    287.5      0.0    250.4     55.2     89.7     82.4
    20     1    26     1     9    11     0     1    -3.0   23.142  120.419     51.5    967.1    289.5    286.8      0.0    308.5     56.9    164.7    139.4
    21     1    26     1     9    11     0     1    -3.0   22.765  120.367      0.0    990.8    290.4    289.6      0.0    522.5     60.1     27.5    198.8
    22     1    26     1     9    11     0     1    -3.0   22.737  120.322     21.1    948.6    291.6    287.2      0.0    211.8     60.3    341.7    235.2
    23     1    26     1     9    11     0     1    -3.0   22.807  120.303     23.7    942.9    291.4    286.4      0.0     38.1     58.6    400.9     93.1
    24     1    26     1     9    11     0     1    -3.0   22.705  120.399     14.2    943.3    291.1    286.3      0.0    394.2     74.9    407.8    197.9
    25     1    26     1     9    11     0     1    -3.0   23.373  120.466      2.9    989.4    288.3    287.4      0.0    558.8     59.5     10.2    136.2
    26     1    26     1     9    11     0     1    -3.0   23.514  120.550     88.2    979.2    287.5    285.8      0.0    575.7     66.6     10.6    205.4
    27     1    26     1     9    11     0     1    -3.0   23.139  120.430      0.0    990.2    289.2    288.4      0.0    525.2     55.8     16.8    131.0
     1     1    26     1     9    10     0     2    -4.0   23.087  120.356     68.4   1000.1    289.3    289.3      0.0    287.2     51.7    101.0     94.7
     2     1    26     1     9    10     0     2    -4.0   23.198  120.356      3.0   1008.5    289.3    290.0      0.0    424.1     49.8     92.1    215.3
     3     1    26     1     9    10     0     2    -4.0   22.855  120.353     38.5   1011.2    290.3    291.3      0.0    491.5     53.5     34.2    266.1
     4     1    26     1     9    10     0     2    -4.0   22.798  120.330    151.6    955.9    291.6    287.7      0.0    236.2     58.9    395.0    262.8
     5     1    26     1     9    10     0     2    -4.0   22.839  120.302    114.8    958.5    290.6    287.0      0.0     48.7     59.5    415.9    111.7
     6     1    26     1     9    10     0     2    -4.0   22.730  120.449    135.5    939.3    291.4    286.2      0.0    439.4     73.8    563.4    252.6
     7     1    26     1     9    10     0     2    -4.0   23.470  120.457      2.9   1018.2    288.5    290.0      0.0    605.3     53.4      2.3    241.1
     8     1    26     1     9    10     0     2    -4.0   23.599  120.538      8.5   1017.9    287.6    289.1      0.0    629.0     58.0      6.5    238.6
     9     1    26     1     9    10     0     2    -4.0   23.298  120.426      4.0   1017.5    289.2    290.6      0.0    557.2     50.7     16.5     84.3
    10     1    26     1     9    10     0     2    -4.0   23.072  120.356    309.3   1001.4    289.2    289.3      0.0    285.7     51.7     97.1     96.2
    11     1    26     1     9    10     0     2    -4.0   23.170  120.353    249.7   1007.9    289.3    290.0      0.0    411.0     49.9     96.9    196.6
    12     1    26     1     9    10     0     2    -4.0   22.855  120.353    282.3   1011.9    290.3    291.3      0.0    491.5     53.4     34.2    266.0
    13     1    26     1     9    10     0     2    -4.0   22.798  120.331    396.3    955.6    291.6    287.7      0.0    236.0     58.9    399.0    263.1
    14     1    26     1     9    10     0     2    -4.0   22.838  120.303    359.1    958.1    290.6    286.9      0.0     49.1     59.6    420.8    111.8
    15     1    26     1     9    10     0     2    -4.0   22.730  120.450    376.3    939.4    291.4    286.2      0.0    438.9     73.8    566.3    252.7
    16     1    26     1     9    10     0     2    -4.0   23.470  120.457    250.0   1018.2    288.5    290.0      0.0    605.3     53.4      2.3    241.1
    17     1    26     1     9    10     0     2    -4.0   23.599  120.538    249.9   1017.9    287.6    289.1      0.0    629.0     58.0      6.5    238.6
    18     1    26     1     9    10     0     2    -4.0   23.298  120.426    249.8   1017.5    289.2    290.6      0.0    557.2     50.7     16.5     84.3
    19     1    26     1     9    10     0     2    -4.0   23.129  120.375     35.6    971.9    289.9    287.5      0.0    256.4     54.8    128.3     93.1
    20     1    26     1     9    10     0     2    -4.0   23.295  120.433      0.0    981.6    289.6    288.1      0.0    389.1     52.2    117.2    246.0
    21     1    26     1     9    10     0     2    -4.0   22.797  120.352      0.0    989.5    290.3    289.4      0.0    510.1     60.7     27.7    255.0
    22     1    26     1     9    10     0     2    -4.0   22.760  120.316      4.2    951.9    291.7    287.5      0.0    278.0     59.3    329.2    289.1
    23     1    26     1     9    10     0     2    -4.0   22.847  120.297     32.1    941.5    291.3    286.2      0.0     47.2     59.3    403.0    110.9
    24     1    26     1     9    10     0     2    -4.0   22.715  120.420      0.0    941.4    291.3    286.3      0.0    465.1     74.0    470.7    248.1
    25     1    26     1     9    10     0     2    -4.0   23.648  120.526     23.4    986.2    288.0    286.8      0.0    595.9     61.8     11.3    259.0
    26     1    26     1     9    10     0     2    -4.0   23.818  120.660    125.1    973.6    287.3    285.1      0.0    597.4     66.6     15.0    199.1
    27     1    26     1     9    10     0     2    -4.0   23.310  120.446      0.0    989.0    289.2    288.3      0.0    533.7     54.9     18.4     83.5
     1     1    26     1     9     9     0     3    -5.0   23.163  120.355     50.1    999.7    289.8    289.8      0.0    298.6     49.8    120.6    105.5
     2     1    26     1     9     9     0     3    -5.0   23.351  120.353      0.0   1012.0    289.3    290.3      0.0    513.6     49.2     54.3    303.1
     3     1    26     1     9     9     0     3    -5.0   22.925  120.320     31.1   1011.9    290.5    291.5      0.0    543.6     51.1     33.6    336.9
     4     1    26     1     9     9     0     3    -5.0   22.839  120.311    111.1    966.3    291.3    288.4      0.0    266.3     57.4    341.4    281.7
     5     1    26     1     9     9     0     3    -5.0   22.869  120.288     94.4    964.5    290.2    287.2      0.0     53.1     59.4    378.7    130.5
     6     1    26     1     9     9     0     3    -5.0   22.731  120.457      0.0    950.8    291.9    287.7      0.0    562.2     67.6    585.2    303.0
     7     1    26     1     9     9     0     3    -5.0   23.700  120.494      2.5   1018.3    288.0    289.5      0.0    668.5     55.8      0.0    313.1
     8     1    26     1     9     9     0     3    -5.0   23.877  120.627      1.6   1016.8    287.3    288.7      0.0    629.8     58.2     11.9    261.0
     9     1    26     1     9     9     0     3    -5.0   23.431  120.439      0.0   1016.8    289.8    291.2      0.0    552.6     47.9     17.7    109.5
    10     1    26     1     9     9     0     3    -5.0   23.145  120.355    294.4   1000.7    289.7    289.8      0.0    298.6     49.9    115.8    107.5
    11     1    26     1     9     9     0     3    -5.0   23.317  120.348    249.4   1011.7    289.4    290.4      0.0    500.5     48.7     58.7    303.6
    12     1    26     1     9     9     0     3    -5.0   22.924  120.320    275.3   1012.6    290.5    291.5      0.0    543.3     51.0     33.5    336.7
    13     1    26     1     9     9     0     3    -5.0   22.838  120.312    355.8    966.1    291.3    288.4      0.0    266.7     57.4    345.2    282.1
    14     1    26     1     9     9     0     3    -5.0   22.867  120.289    338.1    964.4    290.2    287.2      0.0     53.7     59.4    383.1    130.7
    15     1    26     1     9     9     0     3    -5.0   22.731  120.459    244.1    950.4    291.9    287.7      0.0    562.5     67.7    589.1    303.2
    16     1    26     1     9     9     0     3    -5.0   23.700  120.494    250.0   1018.3    288.0    289.5      0.0    668.5     55.8      0.0    313.1
    17     1    26     1     9     9     0     3    -5.0   23.877  120.627    249.9   1016.8    287.3    288.7      0.0    629.8     58.2     11.9    261.0
    18     1    26     1     9     9     0     3    -5.0   23.431  120.439    249.8   1016.8    289.8    291.2      0.0    552.6     47.9     17.7    109.5
    19     1    26     1     9     9     0     3    -5.0   23.222  120.380      6.0    971.2    290.3    287.9      0.0    253.6     53.2    163.5    101.1
    20     1    26     1     9     9     0     3    -5.0   23.477  120.440      0.0    986.8    289.4    288.3      0.0    513.3     52.2     50.9    294.8
    21     1    26     1     9     9     0     3    -5.0   22.854  120.316      0.0    988.5    290.2    289.2      0.0    528.4     60.3     25.3    322.3
    22     1    26     1     9     9     0     3    -5.0   22.798  120.299      0.0    959.7    291.5    288.0      0.0    322.9     57.9    281.5    315.7
    23     1    26     1     9     9     0     3    -5.0   22.886  120.287     35.0    942.9    291.1    286.1      0.0     52.0     59.7    384.1    127.3
    24     1    26     1     9     9     0     3    -5.0   22.724  120.423      0.0    944.2    291.6    286.8      0.0    564.2     70.7    488.1    297.1
    25     1    26     1     9     9     0     3    -5.0   23.941  120.611     56.0    981.1    287.6    286.0      0.0    615.0     63.8     13.7    248.6
    26     1    26     1     9     9     0     3    -5.0   24.139  120.812    215.4    958.2    287.3    283.8      0.0    639.8     68.6     62.7    306.6
    27     1    26     1     9     9     0     3    -5.0   23.471  120.464      0.0    992.3    290.1    289.5      0.0    524.6     49.5     20.0    103.3
     1     1    26     1     9     8     0     2    -6.0   23.221  120.356     24.5   1001.1    289.7    289.8      0.0    364.0     49.2    137.2    136.9
     2     1    26     1     9     8     0     2    -6.0   23.532  120.366      0.0   1014.9    288.8    290.0      0.0    711.8     50.1     23.8    355.3
     3     1    26     1     9     8     0     2    -6.0   23.005  120.282     24.3   1013.3    290.2    291.3      0.0    585.5     48.1     31.9    341.3
     4     1    26     1     9     8     0     2    -6.0   22.886  120.291     67.9    977.4    290.7    288.8      0.0    328.6     55.6    282.3    250.1
     5     1    26     1     9     8     0     2    -6.0   22.895  120.278     73.2    970.0    289.8    287.3      0.0    119.4     58.7    352.8    142.0
     6     1    26     1     9     8     0     2    -6.0   22.727  120.450      0.0    953.1    292.3    288.3      0.0    675.3     64.0    560.4    352.0
     7     1    26     1     9     8     0     2    -6.0   23.963  120.561      0.0   1017.3    287.6    289.0      0.0    704.4     56.5      6.9    362.1
     8     1    26     1     9     8     0     2    -6.0   24.185  120.750      0.0   1017.9    286.7    288.2      0.0    736.7     57.6      6.1    414.9
     9     1    26     1     9     8     0     2    -6.0   23.557  120.455      0.0   1017.0    289.6    291.0      0.0    637.8     46.8     14.8    201.8
    10     1    26     1     9     8     0     2    -6.0   23.201  120.355    271.7   1001.9    289.7    289.8      0.0    363.8     49.2    131.6    137.7
    11     1    26     1     9     8     0     2    -6.0   23.493  120.357    249.7   1014.8    288.9    290.1      0.0    710.9     49.7     25.4    355.6
    12     1    26     1     9     8     0     2    -6.0   23.003  120.282    268.2   1014.0    290.2    291.4      0.0    586.7     48.0     31.8    343.2
    13     1    26     1     9     8     0     2    -6.0   22.885  120.292    311.9    977.4    290.8    288.8      0.0    329.7     55.6    285.7    250.8
    14     1    26     1     9     8     0     2    -6.0   22.893  120.279    314.4    970.1    289.9    287.3      0.0    120.3     58.7    356.7    142.3
    15     1    26     1     9     8     0     2    -6.0   22.727  120.452    244.3    952.5    292.4    288.3      0.0    675.2     64.1    566.2    352.0
    16     1    26     1     9     8     0     2    -6.0   23.963  120.561    249.9   1017.3    287.6    289.0      0.0    704.4     56.5      6.9    362.1
    17     1    26     1     9     8     0     2    -6.0   24.185  120.750    249.9   1017.9    286.7    288.2      0.0    736.7     57.6      6.1    414.9
    18     1    26     1     9     8     0     2    -6.0   23.557  120.455    249.9   1017.0    289.6    291.0      0.0    637.8     46.8     14.8    201.8
    19     1    26     1     9     8     0     2    -6.0   23.306  120.384      0.0    975.7    289.9    287.9      0.0    355.1     52.8    160.4    171.6
    20     1    26     1     9     8     0     2    -6.0   23.694  120.469      1.0    985.7    288.5    287.3      0.0    697.5     55.1     26.7    337.1
    21     1    26     1     9     8     0     2    -6.0   22.929  120.272      0.4    987.9    289.8    288.8      0.0    566.1     58.2     22.2    355.0
    22     1    26     1     9     8     0     2    -6.0   22.843  120.281      0.0    964.3    291.1    288.0      0.0    394.0     56.9    226.9    283.2
    23     1    26     1     9     8     0     2    -6.0   22.924  120.280     48.9    942.1    290.8    285.8      0.0    113.0     60.4    379.6    138.6
    24     1    26     1     9     8     0     2    -6.0   22.735  120.407      0.0    949.6    292.0    287.6      0.0    678.0     66.3    461.5    352.1
    25     1    26     1     9     8     0     2    -6.0   24.265  120.730    115.4    974.7    286.9    284.8      0.0    667.9     64.5     20.2    378.7
    26     1    26     1     9     8     0     2    -6.0   24.398  120.985    335.1    945.0    287.2    282.6      0.0    788.4     68.2     57.8    425.1
    27     1    26     1     9     8     0     2    -6.0   23.635  120.489      0.0    992.9    289.4    288.8      0.0    658.2     50.5     10.3    249.6
     1     1    26     1     9     7     0     1    -7.0   23.271  120.360     10.4   1002.1    289.6    289.7      0.0    444.0     48.6    144.2    186.8
     2     1    26     1     9     7     0     1    -7.0   23.744  120.401      0.0   1016.0    288.4    289.8      0.0    801.2     49.8     14.6    469.7
     3     1    26     1     9     7     0     1    -7.0   23.071  120.246     17.7   1015.6    289.5    290.8      0.0    563.9     48.5     23.0    288.9
     4     1    26     1     9     7     0     1    -7.0   22.929  120.284     36.8    982.5    290.3    288.8      0.0    376.5     55.1    266.9    220.9
     5     1    26     1     9     7     0     1    -7.0   22.922  120.276     64.3    970.0    289.7    287.1      0.0    177.1     58.7    364.1    155.9
     6     1    26     1     9     7     0     1    -7.0   22.731  120.433      0.0    957.0    292.7    289.0      0.0    790.9     60.1    522.6    405.8
     7     1    26     1     9     7     0     1    -7.0   24.264  120.660      0.0   1017.3    287.0    288.4      0.0    714.5     55.4     14.2    495.8
     8     1    26     1     9     7     0     1    -7.0   24.469  120.895      0.0   1018.0    286.5    288.0      0.0    869.3     54.6     11.0    513.7
     9     1    26     1     9     7     0     1    -7.0   23.702  120.473      0.0   1017.2    289.5    290.9      0.0    796.2     45.6      4.0    333.4
    10     1    26     1     9     7     0     1    -7.0   23.250  120.360    259.3   1001.5    289.5    289.7      0.0    424.2     49.0    150.0    174.9
    11     1    26     1     9     7     0     1    -7.0   23.696  120.389    249.8   1015.8    288.5    289.8      0.0    804.5     49.7     16.9    457.8
    12     1    26     1     9     7     0     1    -7.0   23.068  120.245    260.7   1016.4    289.5    290.9      0.0    565.0     48.3     23.0    290.8
    13     1    26     1     9     7     0     1    -7.0   22.928  120.285    279.0    982.8    290.4    288.9      0.0    378.4     55.0    269.2    221.9
    14     1    26     1     9     7     0     1    -7.0   22.920  120.277    300.7    970.9    289.7    287.2      0.0    178.5     58.5    366.0    156.2
    15     1    26     1     9     7     0     1    -7.0   22.731  120.436    244.7    955.9    292.7    289.0      0.0    789.8     60.3    531.7    405.2
    16     1    26     1     9     7     0     1    -7.0   24.264  120.660    249.9   1017.3    287.0    288.4      0.0    714.5     55.4     14.2    495.8
    17     1    26     1     9     7     0     1    -7.0   24.469  120.895    249.9   1018.0    286.5    288.0      0.0    869.3     54.6     11.0    513.7
    18     1    26     1     9     7     0     1    -7.0   23.702  120.473    250.0   1017.2    289.5    290.9      0.0    796.2     45.6      4.0    333.4
    19     1    26     1     9     7     0     1    -7.0   23.393  120.390      0.0    977.2    289.7    287.7      0.0    505.5     51.9    137.7    246.7
    20     1    26     1     9     7     0     1    -7.0   23.963  120.539     31.7    978.9    288.0    286.3      0.0    733.7     56.4     67.9    481.2
    21     1    26     1     9     7     0     1    -7.0   23.000  120.231      6.2    987.7    289.4    288.3      0.0    583.1     56.9     21.6    332.4
    22     1    26     1     9     7     0     1    -7.0   22.888  120.273      5.9    963.6    290.6    287.5      0.0    444.2     57.7    211.4    250.7
    23     1    26     1     9     7     0     1    -7.0   22.958  120.286     90.4    933.0    291.1    285.3      0.0    165.7     61.5    424.0    157.5
    24     1    26     1     9     7     0     1    -7.0   22.755  120.369      0.0    959.9    292.1    288.7      0.0    807.1     61.3    377.9    416.3
    25     1    26     1     9     7     0     1    -7.0   24.566  120.894    208.3    958.8    287.1    283.7      0.0    828.6     63.4     64.2    513.8
    26     1    26     1     9     7     0     1    -7.0   24.603  121.164    453.2    931.6    287.1    281.4      0.0    997.9     69.9     64.7    510.5
    27     1    26     1     9     7     0     1    -7.0   23.827  120.520      0.0    989.9    288.9    288.1      0.0    803.1     52.7     11.5    373.8
     1     1    26     1     9     6     0     0    -8.0   23.322  120.365      3.0   1003.1    289.4    289.7      0.0    559.4     47.5    135.8    243.4
     2     1    26     1     9     6     0     0    -8.0   24.014  120.468      0.0   1017.0    287.4    288.8      0.0    748.7     51.7     19.3    600.4
     3     1    26     1     9     6     0     0    -8.0   23.128  120.216      9.4   1016.9    289.0    290.4      0.0    579.0     49.0     20.3    264.7
     4     1    26     1     9     6     0     0    -8.0   22.967  120.289     16.6    981.3    290.2    288.6      0.0    419.7     55.3    298.7    197.9
     5     1    26     1     9     6     0     0    -8.0   22.953  120.282     69.6    965.2    289.7    286.7      0.0    224.9     59.4    403.9    177.1
     6     1    26     1     9     6     0     0    -8.0   22.746  120.397      0.0    965.4    293.0    290.0      0.0    925.3     55.5    445.4    474.2
     7     1    26     1     9     6     0     0    -8.0   24.576  120.795      0.0   1016.9    286.5    287.9      0.0    860.2     53.9     18.8    600.4
     8     1    26     1     9     6     0     0    -8.0   24.730  121.058      0.0   1019.3    286.0    287.6      0.0   1055.4     53.9      7.9    598.7
     9     1    26     1     9     6     0     0    -8.0   23.871  120.496      0.0   1017.6    289.2    290.7      0.0    904.1     45.8      0.0    436.1
    10     1    26     1     9     6     0     0    -8.0   23.297  120.366    254.3   1002.2    289.4    289.6      0.0    530.1     48.2    143.7    232.3
    11     1    26     1     9     6     0     0    -8.0   23.949  120.447    249.8   1016.7    287.8    289.1      0.0    785.8     50.5     18.5    599.2
    12     1    26     1     9     6     0     0    -8.0   23.125  120.215    251.9   1016.9    289.0    290.4      0.0    580.1     49.1     20.1    266.0
    13     1    26     1     9     6     0     0    -8.0   22.966  120.289    257.1    982.0    290.2    288.7      0.0    422.0     55.0    299.0    198.9
    14     1    26     1     9     6     0     0    -8.0   22.950  120.281    297.8    967.6    289.7    286.9      0.0    226.5     58.9    401.0    176.8
    15     1    26     1     9     6     0     0    -8.0   22.745  120.403    245.4    963.6    293.1    289.9      0.0    922.0     55.8    460.7    472.3
    16     1    26     1     9     6     0     0    -8.0   24.576  120.795    249.8   1016.9    286.5    287.9      0.0    860.2     53.9     18.8    600.4
    17     1    26     1     9     6     0     0    -8.0   24.730  121.058    249.9   1019.3    286.0    287.6      0.0   1055.4     53.9      7.9    598.7
    18     1    26     1     9     6     0     0    -8.0   23.871  120.496    250.0   1017.6    289.2    290.7      0.0    904.1     45.8      0.0    436.1
    19     1    26     1     9     6     0     0    -8.0   23.466  120.394      0.0    978.3    289.5    287.6      0.0    674.0     50.3    117.1    292.7
    20     1    26     1     9     6     0     0    -8.0   24.230  120.656     61.4    971.1    287.8    285.4      0.0    889.7     54.8    103.0    600.4
    21     1    26     1     9     6     0     0    -8.0   23.068  120.196      4.0    988.3    288.8    287.8      0.0    588.1     57.8     18.3    291.4
    22     1    26     1     9     6     0     0    -8.0   22.929  120.281     46.9    954.2    290.5    286.6      0.0    487.3     59.9    254.4    224.2
    23     1    26     1     9     6     0     0    -8.0   22.978  120.300    161.9    918.1    291.9    284.7      0.0    220.5     62.3    491.1    188.2
    24     1    26     1     9     6     0     0    -8.0   22.792  120.303      0.0    975.4    291.9    289.8      0.0    946.1     56.3    210.9    473.1
    25     1    26     1     9     6     0     0    -8.0   24.813  121.069    325.4    949.2    286.7    282.4      0.0    987.4     65.3     33.0    599.9
    26     1    26     1     9     6     0     0    -8.0   24.756  121.356    569.4    918.9    286.8    280.0      0.0   1174.6     73.8     62.7    592.4
    27     1    26     1     9     6     0     0    -8.0   24.048  120.573      0.0    989.1    288.2    287.3      0.0    907.7     54.5     14.3    498.9
     1     1    26     1     9     5     0     1    -9.0   23.375  120.368      0.0   1005.5    289.1    289.5      0.0    590.6     46.3    122.5    271.2
     2     1    26     1     9     5     0     1    -9.0   24.317  120.599      0.0   1014.5    286.7    287.9      0.0    875.8     51.6     43.7    565.8
     3     1    26     1     9     5     0     1    -9.0   23.194  120.203      2.9   1017.8    288.4    289.9      0.0    555.8     48.2     19.1    195.1
     4     1    26     1     9     5     0     1    -9.0   23.001  120.292      0.0    980.1    289.6    287.9      0.0    317.8     56.3    325.6    167.9
     5     1    26     1     9     5     0     1    -9.0   22.978  120.280     55.9    966.7    289.6    286.8      0.0    270.3     58.7    413.4    191.8
     6     1    26     1     9     5     0     1    -9.0   22.770  120.344      0.0    981.6    292.0    290.4      0.0    904.7     54.0    317.2    413.0
     7     1    26     1     9     5     0     1    -9.0   24.859  120.963      0.0   1020.4    285.8    287.4      0.0    991.1     53.2      0.0    565.8
     8     1    26     1     9     5     0     1    -9.0   24.941  121.250      1.3   1020.4    285.5    287.2      0.0   1197.7     51.2      5.6    559.8
     9     1    26     1     9     5     0     1    -9.0   24.099  120.543      0.0   1018.3    287.7    289.2      0.0    820.7     50.3      7.4    494.9
    10     1    26     1     9     5     0     1    -9.0   23.348  120.369    248.7   1004.6    289.1    289.4      0.0    561.6     47.0    131.7    259.8
    11     1    26     1     9     5     0     1    -9.0   24.257  120.570    249.6   1014.5    286.7    287.9      0.0    846.2     52.1     41.1    565.8
    12     1    26     1     9     5     0     1    -9.0   23.192  120.201    249.8   1017.8    288.4    289.9      0.0    558.1     48.3     18.8    195.8
    13     1    26     1     9     5     0     1    -9.0   23.000  120.292    246.7    980.1    289.6    287.9      0.0    318.6     56.3    325.0    168.0
    14     1    26     1     9     5     0     1    -9.0   22.975  120.278    271.9    971.3    289.6    287.2      0.0    269.5     57.8    403.1    190.3
    15     1    26     1     9     5     0     1    -9.0   22.768  120.354    246.6    978.7    292.0    290.2      0.0    900.8     54.5    342.6    413.4
    16     1    26     1     9     5     0     1    -9.0   24.859  120.963    250.0   1020.4    285.8    287.4      0.0    991.1     53.2      0.0    565.8
    17     1    26     1     9     5     0     1    -9.0   24.941  121.250    251.2   1020.4    285.5    287.2      0.0   1197.7     51.2      5.6    559.8
    18     1    26     1     9     5     0     1    -9.0   24.099  120.543    249.9   1018.3    287.7    289.2      0.0    820.7     50.3      7.4    494.9
    19     1    26     1     9     5     0     1    -9.0   23.531  120.394      0.0    981.5    288.8    287.3      0.0    707.3     50.2     96.6    323.8
    20     1    26     1     9     5     0     1    -9.0   24.494  120.813     66.0    978.2    286.6    284.8      0.0    962.7     55.2     46.2    565.9
    21     1    26     1     9     5     0     1    -9.0   23.143  120.177      0.0    990.3    288.2    287.4      0.0    580.4     56.2     16.5    211.6
    22     1    26     1     9     5     0     1    -9.0   22.958  120.289     92.4    945.5    290.4    285.7      0.0    377.4     61.3    296.2    186.0
    23     1    26     1     9     5     0     1    -9.0   22.977  120.309    251.6    905.7    292.3    284.1      0.0    287.6     64.0    523.5    205.9
    24     1    26     1     9     5     0     1    -9.0   22.843  120.231      0.0    986.9    290.4    289.3      0.0    850.2     55.8     62.8    374.4
    25     1    26     1     9     5     0     1    -9.0   25.010  121.283    465.4    933.8    286.0    280.4      0.0   1128.5     70.1     34.8    558.2
    26     1    26     1     9     5     0     1    -9.0   24.854  121.559    642.3    908.6    286.3    278.5      0.0   1295.7     76.8     90.3    558.9
    27     1    26     1     9     5     0     1    -9.0   24.309  120.658      0.0    989.5    287.5    286.6      0.0    831.4     53.2     14.8    561.9
     1     1    26     1     9     4     0     2   -10.0   23.440  120.364      0.0   1008.9    288.7    289.4      0.0    622.8     44.9    101.0    301.0
     2     1    26     1     9     4     0     2   -10.0   24.594  120.784      0.0   1019.4    285.9    287.4      0.0   1019.4     50.9     13.9    530.7
     3     1    26     1     9     4     0     2   -10.0   23.275  120.210      0.0   1018.6    287.8    289.3      0.0    511.3     46.5     19.7    154.4
     4     1    26     1     9     4     0     2   -10.0   23.028  120.282      0.0    984.1    289.1    287.7      0.0    279.1     55.7    297.8    163.3
     5     1    26     1     9     4     0     2   -10.0   22.993  120.259      0.0    980.7    289.2    287.5      0.0    327.4     56.2    342.6    200.4
     6     1    26     1     9     4     0     2   -10.0   22.802  120.289      0.0    999.3    290.8    290.7      0.0    863.9     52.0    174.7    329.6
     7     1    26     1     9     4     0     2   -10.0   25.096  121.177      3.1   1020.4    285.5    287.1      0.0   1178.3     50.2     10.2    526.9
     8     1    26     1     9     4     0     2   -10.0   25.116  121.465      0.0   1022.1    285.0    286.8      0.0   1339.4     50.8      0.0    526.0
     9     1    26     1     9     4     0     2   -10.0   24.377  120.645      0.0   1018.4    286.9    288.5      0.0    787.5     49.9     13.6    528.8
    10     1    26     1     9     4     0     2   -10.0   23.408  120.365    248.9   1007.9    288.7    289.3      0.0    595.5     45.5    110.6    289.3
    11     1    26     1     9     4     0     2   -10.0   24.540  120.749    250.0   1020.5    285.8    287.5      0.0    970.3     51.3      0.0    531.1
    12     1    26     1     9     4     0     2   -10.0   23.273  120.208    249.8   1018.6    287.8    289.3      0.0    513.6     46.6     19.5    153.7
    13     1    26     1     9     4     0     2   -10.0   23.027  120.282    247.0    984.2    289.1    287.7      0.0    278.8     55.7    297.3    163.1
    14     1    26     1     9     4     0     2   -10.0   22.988  120.257    246.7    982.1    289.1    287.6      0.0    325.0     56.0    329.9    198.3
    15     1    26     1     9     4     0     2   -10.0   22.797  120.303    247.9    994.9    290.9    290.5      0.0    860.7     52.7    213.4    332.8
    16     1    26     1     9     4     0     2   -10.0   25.096  121.177    253.0   1020.4    285.5    287.1      0.0   1178.3     50.2     10.2    526.9
    17     1    26     1     9     4     0     2   -10.0   25.116  121.465    250.0   1022.1    285.0    286.8      0.0   1339.4     50.8      0.0    526.0
    18     1    26     1     9     4     0     2   -10.0   24.377  120.645    249.9   1018.4    286.9    288.5      0.0    787.5     49.9     13.6    528.8
    19     1    26     1     9     4     0     2   -10.0   23.621  120.400      0.0    984.3    288.0    286.7      0.0    700.6     50.9     72.8    346.3
    20     1    26     1     9     4     0     2   -10.0   24.728  121.043    133.9    970.2    285.8    283.4      0.0   1143.6     57.2     58.0    524.9
    21     1    26     1     9     4     0     2   -10.0   23.236  120.180      0.0    990.9    287.5    286.8      0.0    537.2     54.0     16.9    144.2
    22     1    26     1     9     4     0     2   -10.0   22.967  120.285    107.3    945.8    290.0    285.3      0.0    307.9     61.9    285.1    164.2
    23     1    26     1     9     4     0     2   -10.0   22.948  120.310    320.6    899.8    292.3    283.5      0.0    340.0     66.0    512.4    213.2
    24     1    26     1     9     4     0     2   -10.0   22.884  120.171      0.0    986.9    289.3    288.2      0.0    698.5     58.2     53.5    278.3
    25     1    26     1     9     4     0     2   -10.0   25.142  121.528    564.7    921.0    285.6    278.9      0.0   1291.4     73.2     62.5    527.4
    26     1    26     1     9     4     0     2   -10.0   24.912  121.753    704.9    895.5    285.7    276.9      0.0   1293.7     83.3    141.8    518.0
    27     1    26     1     9     4     0     2   -10.0   24.632  120.819     40.3    978.8    286.7    284.9      0.0    802.2     54.9     70.9    531.1
     1     1    26     1     9     3     0     3   -11.0   23.522  120.361      0.0   1012.5    288.1    289.1      0.0    633.4     43.9     76.6    327.2
     2     1    26     1     9     3     0     3   -11.0   24.814  121.008      7.8   1019.7    285.6    287.2      0.0   1204.6     47.7     19.7    490.7
     3     1    26     1     9     3     0     3   -11.0   23.368  120.222      0.0   1020.0    287.3    288.9      0.0    480.7     45.2     20.8    183.4
     4     1    26     1     9     3     0     3   -11.0   23.049  120.254      0.0    995.8    288.2    287.8      0.0    250.5     54.2    200.7    154.2
     5     1    26     1     9     3     0     3   -11.0   23.000  120.225      0.0    988.5    288.8    287.8      0.0    411.8     53.8    283.0    221.1
     6     1    26     1     9     3     0     3   -11.0   22.836  120.232      0.0   1013.4    289.5    290.6      0.0    774.1     50.9     62.3    233.0
     7     1    26     1     9     3     0     3   -11.0   25.282  121.412      4.4   1022.9    284.9    286.8      0.0   1344.0     50.3      0.0    495.4
     8     1    26     1     9     3     0     3   -11.0   25.267  121.669      0.0   1022.9    284.7    286.6      0.0   1419.0     49.6      0.0    493.5
     9     1    26     1     9     3     0     3   -11.0   24.698  120.814      0.0   1014.9    286.2    287.4      0.0    818.8     50.8     51.1    496.4
    10     1    26     1     9     3     0     3   -11.0   23.484  120.360    249.2   1011.7    288.2    289.1      0.0    619.4     44.0     84.7    319.3
    11     1    26     1     9     3     0     3   -11.0   24.773  120.973    254.4   1019.7    285.6    287.2      0.0   1178.5     47.7     19.0    490.0
    12     1    26     1     9     3     0     3   -11.0   23.368  120.220    249.8   1020.0    287.3    288.9      0.0    483.0     45.3     20.6    183.4
    13     1    26     1     9     3     0     3   -11.0   23.048  120.254    248.0    995.9    288.2    287.8      0.0    249.7     54.2    200.5    153.8
    14     1    26     1     9     3     0     3   -11.0   22.997  120.223    247.2    989.0    288.7    287.8      0.0    410.3     53.7    278.7    220.4
    15     1    26     1     9     3     0     3   -11.0   22.830  120.251    249.3   1012.7    289.6    290.7      0.0    794.0     50.4     68.3    235.3
    16     1    26     1     9     3     0     3   -11.0   25.282  121.412    254.4   1022.9    284.9    286.8      0.0   1344.0     50.3      0.0    495.4
    17     1    26     1     9     3     0     3   -11.0   25.267  121.669    250.0   1022.9    284.7    286.6      0.0   1419.0     49.6      0.0    493.5
    18     1    26     1     9     3     0     3   -11.0   24.698  120.814    249.5   1014.9    286.2    287.4      0.0    818.8     50.8     51.1    496.4
    19     1    26     1     9     3     0     3   -11.0   23.736  120.420      0.0    986.6    287.1    286.0      0.0    623.1     50.9     42.6    341.5
    20     1    26     1     9     3     0     3   -11.0   24.881  121.310    186.2    963.0    285.2    282.2      0.0   1289.3     59.6     79.1    494.4
    21     1    26     1     9     3     0     3   -11.0   23.350  120.198      8.0    990.5    287.0    286.2      0.0    502.0     52.7     18.6    171.5
    22     1    26     1     9     3     0     3   -11.0   22.962  120.270     83.5    956.1    289.1    285.3      0.0    247.9     61.1    220.7    140.2
    23     1    26     1     9     3     0     3   -11.0   22.897  120.306    338.9    903.1    291.8    283.3      0.0    347.9     67.5    465.0    206.4
    24     1    26     1     9     3     0     3   -11.0   22.911  120.116      0.0    989.0    288.4    287.5      0.0    604.6     59.3     43.2    197.0
    25     1    26     1     9     3     0     3   -11.0   25.225  121.755    632.3    905.9    285.2    277.2      0.0   1300.9     79.7    124.5    482.3
    26     1    26     1     9     3     0     3   -11.0   24.968  121.924    792.5    893.9    285.2    276.1      0.0   1384.0     85.5     83.9    490.1
    27     1    26     1     9     3     0     3   -11.0   24.939  121.046    103.1    969.5    286.1    283.6      0.0    946.7     54.5     96.3    497.5
     1     1    26     1     9     2     0     2   -12.0   23.631  120.377      0.0   1014.0    286.8    287.9      0.0    565.7     47.0     58.8    228.6
     2     1    26     1     9     2     0     2   -12.0   24.989  121.250      9.5   1022.5    284.8    286.6      0.0   1393.4     50.4      5.3    338.8
     3     1    26     1     9     2     0     2   -12.0   23.473  120.233      0.0   1020.4    286.6    288.3      0.0    459.5     45.7     21.8    167.9
     4     1    26     1     9     2     0     2   -12.0   23.071  120.227      0.0    998.6    287.6    287.5      0.0    223.3     53.9    180.8    107.9
     5     1    26     1     9     2     0     2   -12.0   23.015  120.197      0.0    992.9    287.8    287.2      0.0    339.5     53.7    244.3    154.7
     6     1    26     1     9     2     0     2   -12.0   22.865  120.182      2.2   1013.9    288.9    290.1      0.0    602.2     52.0     54.0    148.4
     7     1    26     1     9     2     0     2   -12.0   25.448  121.637      0.0   1021.4    284.5    286.3      0.0   1418.9     50.1     13.7    334.4
     8     1    26     1     9     2     0     2   -12.0   25.417  121.851      0.4   1023.1    284.5    286.4      0.0   1486.1     49.1      0.0    334.2
     9     1    26     1     9     2     0     2   -12.0   24.984  121.033      0.0   1017.1    285.5    286.9      0.0    967.6     50.2     35.8    336.8
    10     1    26     1     9     2     0     2   -12.0   23.584  120.369    249.3   1013.4    286.9    288.0      0.0    557.1     46.8     66.7    225.0
    11     1    26     1     9     2     0     2   -12.0   24.949  121.213    263.1   1020.3    284.8    286.5      0.0   1334.3     50.0     21.6    338.3
    12     1    26     1     9     2     0     2   -12.0   23.474  120.232    249.8   1020.4    286.6    288.3      0.0    461.5     45.8     21.7    168.4
    13     1    26     1     9     2     0     2   -12.0   23.070  120.227    248.2    998.6    287.6    287.5      0.0    222.7     53.9    180.3    107.7
    14     1    26     1     9     2     0     2   -12.0   23.013  120.195    247.6    993.0    287.8    287.2      0.0    338.9     53.7    243.2    154.4
    15     1    26     1     9     2     0     2   -12.0   22.859  120.203    252.6   1013.4    289.0    290.1      0.0    608.1     51.6     58.1    149.1
    16     1    26     1     9     2     0     2   -12.0   25.448  121.637    249.9   1021.4    284.5    286.3      0.0   1418.9     50.1     13.7    334.4
    17     1    26     1     9     2     0     2   -12.0   25.417  121.851    250.4   1023.1    284.5    286.4      0.0   1486.1     49.1      0.0    334.2
    18     1    26     1     9     2     0     2   -12.0   24.984  121.033    249.6   1017.1    285.5    286.9      0.0    967.6     50.2     35.8    336.8
    19     1    26     1     9     2     0     2   -12.0   23.891  120.469      0.4    987.5    286.2    285.2      0.0    594.0     52.0     32.8    283.9
    20     1    26     1     9     2     0     2   -12.0   24.990  121.544    219.7    955.5    284.8    281.1      0.0   1327.5     63.6    106.7    327.7
    21     1    26     1     9     2     0     2   -12.0   23.481  120.220     43.3    986.7    286.5    285.4      0.0    478.3     53.5     20.6    171.1
    22     1    26     1     9     2     0     2   -12.0   22.955  120.253     54.8    967.0    288.5    285.8      0.0    202.0     59.5    150.5     90.4
    23     1    26     1     9     2     0     2   -12.0   22.834  120.300    327.8    910.0    291.5    283.6      0.0    232.4     67.6    405.4    124.9
    24     1    26     1     9     2     0     2   -12.0   22.928  120.067      0.0    990.3    288.0    287.2      0.0    531.7     58.8     33.1    131.8
    25     1    26     1     9     2     0     2   -12.0   25.308  121.944    720.0    907.6    284.6    276.8      0.0   1452.4     80.1     34.6    334.9
    26     1    26     1     9     2     0     2   -12.0   25.054  122.082    888.6    891.4    284.8    275.6      0.0   1511.4     86.0     12.4    334.3
    27     1    26     1     9     2     0     2   -12.0   25.171  121.330    228.4    951.2    285.5    281.4      0.0   1056.6     60.6    140.7    336.2