    10     1
    GFSQ    26     1     1     0     0
    GFSQ    26     1     2     0     0
    GFSQ    26     1     3     0     0
    GFSQ    26     1     4     0     0
    GFSQ    26     1     5     0     0
    GFSQ    26     1     6     0     0
    GFSQ    26     1     7     0     0
    GFSQ    26     1     8     0     0
    GFSQ    26     1     9     0     0
    GFSQ    26     1    10     0     0
    27 BACKWARD OMEGA   
    26     1     9    20   22.711  120.310    10.0
    26     1     9    20   22.711  120.310    10.0
    26     1     9    20   22.711  120.310    10.0
    26     1     9    20   22.711  120.310    10.0
    26     1     9    20   22.711  120.310    10.0
    26     1     9    20   22.711  120.310    10.0
    26     1     9    20   22.711  120.310    10.0
    26     1     9    20   22.711  120.310    10.0
    26     1     9    20   22.711  120.310    10.0
    26     1     9    20   22.711  120.310    10.0
    26     1     9    20   22.711  120.310    10.0
    26     1     9    20   22.711  120.310    10.0
    26     1     9    20   22.711  120.310    10.0
    26     1     9    20   22.711  120.310    10.0
    26     1     9    20   22.711  120.310    10.0
    26     1     9    20   22.711  120.310    10.0
    26     1     9    20   22.711  120.310    10.0
    26     1     9    20   22.711  120.310    10.0
    26     1     9    20   22.711  120.310    10.0
    26     1     9    20   22.711  120.310    10.0
    26     1     9    20   22.711  120.310    10.0
    26     1     9    20   22.711  120.310    10.0
    26     1     9    20   22.711  120.310    10.0
    26     1     9    20   22.711  120.310    10.0
    26     1     9    20   22.711  120.310    10.0
    26     1     9    20   22.711  120.310    10.0
    26     1     9    20   22.711  120.310    10.0
     8 PRESSURE THETA    AIR_TEMP RAINFALL MIXDEPTH RELHUMID TERR_MSL SUN_FLUX
     1     1    26     1     9    20     0     2     0.0   22.711  120.310     10.0   1014.0    287.3    288.4      0.0    188.4     58.4     34.8      0.0
     2     1    26     1     9    20     0     2     0.0   22.711  120.310     10.0   1011.8    286.1    287.1      0.0    129.4     60.4     51.7      0.0
     3     1    26     1     9    20     0     2     0.0   22.711  120.310     10.0   1015.4    289.0    290.3      0.0    374.0     60.1     11.2      0.0
     4     1    26     1     9    20     0     2     0.0   22.711  120.310     10.0    983.2    288.5    287.0      0.0     72.2     61.7    288.6      0.0
     5     1    26     1     9    20     0     2     0.0   22.711  120.310     10.0    972.3    288.0    285.5      0.0     25.2     66.1    381.9      0.0
     6     1    26     1     9    20     0     2     0.0   22.711  120.310     10.0    995.0    289.0    288.6      0.0    162.7     63.2    194.3      0.0
     7     1    26     1     9    20     0     2     0.0   22.711  120.310     10.0   1017.4    288.4    289.8      0.0    487.8     58.9      4.7      0.0
     8     1    26     1     9    20     0     2     0.0   22.711  120.310     10.0   1017.2    287.8    289.3      0.0    445.7     59.5      5.6      0.0
     9     1    26     1     9    20     0     2     0.0   22.711  120.310     10.0   1017.2    289.3    290.7      0.0    587.9     61.2      0.0      0.0
    10     1    26     1     9    20     0     2     0.0   22.711  120.310     10.0   1014.0    287.3    288.4      0.0    188.4     58.4     34.8      0.0
    11     1    26     1     9    20     0     2     0.0   22.711  120.310     10.0   1011.8    286.1    287.1      0.0    129.4     60.4     51.7      0.0
    12     1    26     1     9    20     0     2     0.0   22.711  120.310     10.0   1015.4    289.0    290.3      0.0    374.0     60.1     11.2      0.0
    13     1    26     1     9    20     0     2     0.0   22.711  120.310     10.0    983.2    288.5    287.0      0.0     72.2     61.7    288.6      0.0
    14     1    26     1     9    20     0     2     0.0   22.711  120.310     10.0    972.3    288.0    285.5      0.0     25.2     66.1    381.9      0.0
    15     1    26     1     9    20     0     2     0.0   22.711  120.310     10.0    995.0    289.0    288.6      0.0    162.7     63.2    194.3      0.0
    16     1    26     1     9    20     0     2     0.0   22.711  120.310     10.0   1017.4    288.4    289.8      0.0    487.8     58.9      4.7      0.0
    17     1    26     1     9    20     0     2     0.0   22.711  120.310     10.0   1017.2    287.8    289.3      0.0    445.7     59.5      5.6      0.0
    18     1    26     1     9    20     0     2     0.0   22.711  120.310     10.0   1017.2    289.3    290.7      0.0    587.9     61.2      0.0      0.0
    19     1    26     1     9    20     0     2     0.0   22.711  120.310     10.0    984.5    288.8    287.5      0.0    188.4     61.2     34.8      0.0
    20     1    26     1     9    20     0     2     0.0   22.711  120.310     10.0    982.3    288.7    287.3      0.0    129.4     57.3     51.7      0.0
    21     1    26     1     9    20     0     2     0.0   22.711  120.310     10.0    986.0    289.2    288.1      0.0    374.0     67.5     11.2      0.0
    22     1    26     1     9    20     0     2     0.0   22.711  120.310     10.0    954.8    290.7    286.8      0.0     72.2     62.0    288.6      0.0
    23     1    26     1     9    20     0     2     0.0   22.711  120.310     10.0    944.2    291.3    286.4      0.0     25.2     60.5    381.9      0.0
    24     1    26     1     9    20     0     2     0.0   22.711  120.310     10.0    966.2    290.1    287.2      0.0    162.7     68.0    194.3      0.0
    25     1    26     1     9    20     0     2     0.0   22.711  120.310     10.0    987.8    288.6    287.6      0.0    487.8     64.7      4.7      0.0
    26     1    26     1     9    20     0     2     0.0   22.711  120.310     10.0    987.7    288.3    287.3      0.0    445.7     63.4      5.6      0.0
    27     1    26     1     9    20     0     2     0.0   22.711  120.310     10.0    987.8    289.2    288.2      0.0    587.9     68.8      0.0      0.0
     1     1    26     1     9    19     0     1    -1.0   22.797  120.327     28.5   1010.7    287.1    287.9      0.0    154.8     58.2     47.0      0.0
     2     1    26     1     9    19     0     1    -1.0   22.792  120.336     34.4   1005.8    286.4    286.8      0.0    119.3     60.6     76.7      0.0
     3     1    26     1     9    19     0     1    -1.0   22.793  120.320     26.8   1013.3    288.7    289.8      0.0    306.3     59.0     19.8      0.0
     4     1    26     1     9    19     0     1    -1.0   22.755  120.327    103.3    963.6    289.9    286.8      0.0     61.0     60.0    366.9      0.0
     5     1    26     1     9    19     0     1    -1.0   22.759  120.326    103.9    952.3    290.3    286.1      0.0     17.7     61.4    467.6      0.0
     6     1    26     1     9    19     0     1    -1.0   22.756  120.340     96.5    973.1    289.8    287.5      0.0     95.8     63.8    299.5      0.0
     7     1    26     1     9    19     0     1    -1.0   22.851  120.352     10.0   1017.2    287.8    289.2      0.0    420.5     58.4      9.5      0.0
     8     1    26     1     9    19     0     1    -1.0   22.858  120.367     10.0   1017.0    287.2    288.6      0.0    397.9     59.8     11.0      0.0
     9     1    26     1     9    19     0     1    -1.0   22.830  120.331      9.9   1017.5    288.9    290.3      0.0    527.4     59.5      2.4      0.0
    10     1    26     1     9    19     0     1    -1.0   22.795  120.327    268.1   1011.9    287.0    288.0      0.0    155.4     58.2     46.6      0.0
    11     1    26     1     9    19     0     1    -1.0   22.788  120.335    274.7   1007.0    286.3    286.8      0.0    119.4     60.8     75.3      0.0
    12     1    26     1     9    19     0     1    -1.0   22.792  120.320    266.8   1014.4    288.7    289.9      0.0    305.9     58.8     20.0      0.0
    13     1    26     1     9    19     0     1    -1.0   22.755  120.328    345.9    963.8    289.9    286.8      0.0     60.9     60.1    368.5      0.0
    14     1    26     1     9    19     0     1    -1.0   22.758  120.327    345.8    952.1    290.3    286.1      0.0     17.7     61.4    473.2      0.0
    15     1    26     1     9    19     0     1    -1.0   22.756  120.340    337.1    973.8    289.8    287.5      0.0     95.7     63.8    300.3      0.0
    16     1    26     1     9    19     0     1    -1.0   22.851  120.352    249.9   1017.2    287.8    289.2      0.0    420.5     58.4      9.5      0.0
    17     1    26     1     9    19     0     1    -1.0   22.858  120.367    249.9   1017.0    287.2    288.6      0.0    397.9     59.8     11.0      0.0
    18     1    26     1     9    19     0     1    -1.0   22.830  120.331    250.0   1017.5    288.9    290.3      0.0    527.4     59.5      2.4      0.0
    19     1    26     1     9    19     0     1    -1.0   22.787  120.333      9.5    983.3    288.8    287.4      0.0    153.6     59.6     47.9      0.0
    20     1    26     1     9    19     0     1    -1.0   22.814  120.342     24.7    976.7    288.9    286.9      0.0    117.5     58.0     85.5      0.0
    21     1    26     1     9    19     0     1    -1.0   22.777  120.318      0.0    988.0    289.2    288.2      0.0    319.0     64.8     17.8      0.0
    22     1    26     1     9    19     0     1    -1.0   22.748  120.311     12.0    952.7    290.8    286.7      0.0     66.4     61.4    305.7      0.0
    23     1    26     1     9    19     0     1    -1.0   22.752  120.307     22.5    942.3    291.3    286.3      0.0     17.7     60.6    388.3      0.0
    24     1    26     1     9    19     0     1    -1.0   22.746  120.331     47.5    953.9    290.6    286.7      0.0    106.9     68.8    269.5      0.0
    25     1    26     1     9    19     0     1    -1.0   22.849  120.348     18.4    986.7    288.5    287.4      0.0    425.9     62.6      9.2      0.0
    26     1    26     1     9    19     0     1    -1.0   22.881  120.369     15.2    986.9    288.1    287.0      0.0    400.2     62.6     11.1      0.0
    27     1    26     1     9    19     0     1    -1.0   22.821  120.327      0.0    989.3    289.0    288.1      0.0    534.9     66.2      2.1      0.0
     1     1    26     1     9    18     0     0    -2.0   22.887  120.341     50.1   1006.3    287.0    287.5      0.0    139.4     58.6     59.4      0.0
     2     1    26     1     9    18     0     0    -2.0   22.878  120.365     68.2    997.4    286.9    286.7      0.0    113.3     60.4    119.7      0.0
     3     1    26     1     9    18     0     0    -2.0   22.882  120.314     43.6   1011.4    288.3    289.2      0.0    264.0     58.0     27.6      0.0
     4     1    26     1     9    18     0     0    -2.0   22.797  120.331    135.8    956.7    290.4    286.6      0.0     53.0     60.3    397.3      0.0
     5     1    26     1     9    18     0     0    -2.0   22.801  120.327    123.4    947.8    290.5    285.9      0.0     17.8     61.3    493.8      0.0
     6     1    26     1     9    18     0     0    -2.0   22.805  120.347    150.6    962.0    290.4    287.1      0.0     87.4     64.1    343.1      0.0
     7     1    26     1     9    18     0     0    -2.0   22.984  120.389     10.0   1016.7    287.2    288.6      0.0    365.0     58.5     13.0      0.0
     8     1    26     1     9    18     0     0    -2.0   22.988  120.418     10.0   1017.7    286.7    288.1      0.0    354.7     59.2     15.7      0.0
     9     1    26     1     9    18     0     0    -2.0   22.953  120.346      9.9   1017.7    288.4    289.8      0.0    482.8     57.8      7.3      0.0
    10     1    26     1     9    18     0     0    -2.0   22.882  120.340    290.5   1007.5    287.0    287.6      0.0    140.8     58.6     58.6      0.0
    11     1    26     1     9    18     0     0    -2.0   22.871  120.364    308.9    998.6    286.8    286.7      0.0    113.6     60.5    116.7      0.0
    12     1    26     1     9    18     0     0    -2.0   22.881  120.315    284.7   1012.4    288.2    289.3      0.0    263.4     57.9     27.8      0.0
    13     1    26     1     9    18     0     0    -2.0   22.797  120.332    379.5    956.7    290.4    286.6      0.0     52.9     60.3    400.0      0.0
    14     1    26     1     9    18     0     0    -2.0   22.801  120.328    366.4    947.4    290.5    285.9      0.0     17.8     61.3    499.3      0.0
    15     1    26     1     9    18     0     0    -2.0   22.805  120.348    394.1    962.1    290.4    287.1      0.0     87.1     64.1    345.4      0.0
    16     1    26     1     9    18     0     0    -2.0   22.984  120.389    249.9   1016.7    287.2    288.6      0.0    365.0     58.5     13.0      0.0
    17     1    26     1     9    18     0     0    -2.0   22.988  120.418    249.8   1017.7    286.7    288.1      0.0    354.7     59.2     15.7      0.0
    18     1    26     1     9    18     0     0    -2.0   22.953  120.346    249.9   1017.7    288.4    289.8      0.0    482.8     57.8      7.3      0.0
    19     1    26     1     9    18     0     0    -2.0   22.859  120.345     10.1    981.9    288.8    287.3      0.0    141.9     58.9     58.4      0.0
    20     1    26     1     9    18     0     0    -2.0   22.897  120.363     52.0    969.9    289.0    286.4      0.0    116.0     59.3    123.6      0.0
    21     1    26     1     9    18     0     0    -2.0   22.848  120.307      0.0    991.0    289.0    288.2      0.0    294.7     62.3     22.6      0.0
    22     1    26     1     9    18     0     0    -2.0   22.776  120.307     13.7    953.3    290.7    286.7      0.0     62.3     61.5    299.5      0.0
    23     1    26     1     9    18     0     0    -2.0   22.781  120.299     20.2    944.6    291.1    286.3      0.0     17.8     60.9    371.9      0.0
    24     1    26     1     9    18     0     0    -2.0   22.778  120.327     71.6    950.9    290.9    286.6      0.0    101.5     69.4    273.6      0.0
    25     1    26     1     9    18     0     0    -2.0   22.991  120.384     20.3    985.9    288.3    287.1      0.0    371.8     61.1     12.6      0.0
    26     1    26     1     9    18     0     0    -2.0   23.051  120.423     40.9    984.4    287.7    286.4      0.0    357.9     62.2     13.0      0.0
    27     1    26     1     9    18     0     0    -2.0   22.936  120.336      0.0    990.3    288.7    287.9      0.0    502.7     63.5      6.0      0.0
     1     1    26     1     9    17     0     1    -3.0   22.979  120.355     70.9   1001.9    287.1    287.2      0.0    127.8     59.0     75.0      0.0
     2     1    26     1     9    17     0     1    -3.0   22.962  120.397    108.7    986.7    287.7    286.6      0.0    111.1     60.1    178.9      0.0
     3     1    26     1     9    17     0     1    -3.0   22.981  120.306     59.4   1009.3    287.8    288.5      0.0    225.2     56.1     35.8      0.0
     4     1    26     1     9    17     0     1    -3.0   22.832  120.328    150.6    954.8    290.5    286.6      0.0     52.5     60.1    401.8      0.0
     5     1    26     1     9    17     0     1    -3.0   22.836  120.329    141.4    943.2    290.8    285.8      0.0     18.1     61.1    524.5      0.0
     6     1    26     1     9    17     0     1    -3.0   22.847  120.342    184.2    957.8    290.6    287.0      0.0    113.2     64.4    346.3      0.0
     7     1    26     1     9    17     0     1    -3.0   23.111  120.427     10.0   1017.4    286.9    288.3      0.0    342.8     58.3     16.6      0.0
     8     1    26     1     9    17     0     1    -3.0   23.104  120.467     10.0   1017.9    286.5    288.0      0.0    326.7     57.8     11.9      0.0
     9     1    26     1     9    17     0     1    -3.0   23.087  120.369     10.3   1017.9    287.9    289.3      0.0    441.2     57.5     11.2      0.0
    10     1    26     1     9    17     0     1    -3.0   22.972  120.354    312.3   1003.0    287.0    287.3      0.0    130.0     58.9     73.9      0.0
    11     1    26     1     9    17     0     1    -3.0   22.954  120.396    349.4    988.0    287.6    286.6      0.0    111.4     60.1    174.8      0.0
    12     1    26     1     9    17     0     1    -3.0   22.979  120.308    301.4   1010.1    287.8    288.6      0.0    225.8     56.0     36.1      0.0
    13     1    26     1     9    17     0     1    -3.0   22.832  120.329    395.0    954.6    290.5    286.6      0.0     52.3     60.1    405.0      0.0
    14     1    26     1     9    17     0     1    -3.0   22.836  120.331    384.9    942.8    290.8    285.8      0.0     18.1     61.2    529.8      0.0
    15     1    26     1     9    17     0     1    -3.0   22.847  120.343    428.7    957.6    290.6    286.9      0.0    112.5     64.4    350.0      0.0
    16     1    26     1     9    17     0     1    -3.0   23.111  120.427    249.8   1017.4    286.9    288.3      0.0    342.8     58.3     16.6      0.0
    17     1    26     1     9    17     0     1    -3.0   23.104  120.467    249.9   1017.9    286.5    288.0      0.0    326.7     57.8     11.9      0.0
    18     1    26     1     9    17     0     1    -3.0   23.087  120.369    250.3   1017.9    287.9    289.3      0.0    441.2     57.5     11.2      0.0
    19     1    26     1     9    17     0     1    -3.0   22.934  120.356     16.0    979.8    288.8    287.1      0.0    137.3     58.3     70.6      0.0
    20     1    26     1     9    17     0     1    -3.0   22.967  120.384     85.7    962.1    289.4    286.2      0.0    123.5     59.6    166.8      0.0
    21     1    26     1     9    17     0     1    -3.0   22.925  120.296      0.0    989.8    288.7    287.9      0.0    281.5     59.8     27.6      0.0
    22     1    26     1     9    17     0     1    -3.0   22.795  120.299     15.4    955.3    290.6    286.7      0.0     67.3     60.5    279.8      0.0
    23     1    26     1     9    17     0     1    -3.0   22.799  120.294     20.1    946.6    290.9    286.2      0.0     18.1     60.3    359.9      0.0
    24     1    26     1     9    17     0     1    -3.0   22.802  120.309     72.4    955.3    290.7    286.9      0.0    147.9     68.7    232.6      0.0
    25     1    26     1     9    17     0     1    -3.0   23.147  120.429     31.4    985.4    287.9    286.7      0.0    347.4     60.9     16.8      0.0
    26     1    26     1     9    17     0     1    -3.0   23.225  120.484     85.1    979.3    287.6    285.9      0.0    324.6     61.9      2.2      0.0
    27     1    26     1     9    17     0     1    -3.0   23.067  120.355      1.5    989.4    288.4    287.5      0.0    467.7     62.2      9.8      0.0
     1     1    26     1     9    16     0     2    -4.0   23.068  120.376     93.3    996.1    287.5    287.1      0.0    128.6     59.0    110.0      0.0
     2     1    26     1     9    16     0     2    -4.0   23.038  120.439    167.5    975.0    288.6    286.5      0.0     96.4     59.5    225.3      0.0
     3     1    26     1     9    16     0     2    -4.0   23.089  120.309     80.4   1005.9    287.6    288.0      0.0    212.5     56.4     43.8      0.0
     4     1    26     1     9    16     0     2    -4.0   22.860  120.322    158.9    955.5    290.4    286.6      0.0     52.5     59.8    389.0      0.0
     5     1    26     1     9    16     0     2    -4.0   22.860  120.336    166.7    936.7    291.2    285.7      0.0     18.4     60.8    564.5      0.0
     6     1    26     1     9    16     0     2    -4.0   22.875  120.330    200.6    958.6    290.6    287.1      0.0    138.0     63.9    322.0      0.0
     7     1    26     1     9    16     0     2    -4.0   23.229  120.467     10.0   1018.0    286.7    288.2      0.0    337.3     57.2     20.4      0.0
     8     1    26     1     9    16     0     2    -4.0   23.213  120.519     13.2   1015.8    286.6    287.9      0.0    313.2     57.2     18.5      0.0
     9     1    26     1     9    16     0     2    -4.0   23.225  120.405     10.9   1017.9    287.4    288.8      0.0    383.3     57.8     14.5      0.0
    10     1    26     1     9    16     0     2    -4.0   23.059  120.375    334.8    997.4    287.4    287.1      0.0    128.7     59.0    106.4      0.0
    11     1    26     1     9    16     0     2    -4.0   23.031  120.438    407.2    975.7    288.5    286.5      0.0     95.4     59.6    227.4      0.0
    12     1    26     1     9    16     0     2    -4.0   23.086  120.310    322.3   1006.7    287.5    288.1      0.0    212.2     56.2     44.2      0.0
    13     1    26     1     9    16     0     2    -4.0   22.860  120.323    403.7    955.2    290.4    286.5      0.0     52.2     59.8    392.8      0.0
    14     1    26     1     9    16     0     2    -4.0   22.860  120.337    409.9    936.3    291.2    285.7      0.0     18.4     60.9    569.4      0.0
    15     1    26     1     9    16     0     2    -4.0   22.875  120.331    446.2    958.1    290.6    287.0      0.0    136.9     64.0    326.9      0.0
    16     1    26     1     9    16     0     2    -4.0   23.229  120.467    249.8   1018.0    286.7    288.2      0.0    337.4     57.2     20.4      0.0
    17     1    26     1     9    16     0     2    -4.0   23.213  120.519    253.0   1016.2    286.6    287.9      0.0    313.2     57.2     18.5      0.0
    18     1    26     1     9    16     0     2    -4.0   23.224  120.405    250.8   1018.0    287.4    288.8      0.0    383.4     57.8     14.5      0.0
    19     1    26     1     9    16     0     2    -4.0   23.012  120.378     32.6    975.7    288.9    286.9      0.0    119.3     58.0     92.7      0.0
    20     1    26     1     9    16     0     2    -4.0   23.029  120.418    120.8    954.2    290.0    286.1      0.0    116.9     59.1    206.0      0.0
    21     1    26     1     9    16     0     2    -4.0   23.013  120.298     13.6    985.5    288.5    287.3      0.0    238.5     57.8     36.3      0.0
    22     1    26     1     9    16     0     2    -4.0   22.807  120.290     16.4    958.4    290.4    286.8      0.0     73.5     59.4    251.8      0.0
    23     1    26     1     9    16     0     2    -4.0   22.810  120.296     35.8    943.8    290.9    286.1      0.0     18.4     59.9    375.3      0.0
    24     1    26     1     9    16     0     2    -4.0   22.813  120.287     44.7    965.4    290.5    287.5      0.0    202.6     66.4    169.9      0.0
    25     1    26     1     9    16     0     2    -4.0   23.318  120.491     56.4    982.8    287.6    286.2      0.0    319.9     60.1     16.4      0.0
    26     1    26     1     9    16     0     2    -4.0   23.411  120.560    121.7    972.6    287.9    285.6      0.0    350.2     63.5     24.2      0.0
    27     1    26     1     9    16     0     2    -4.0   23.223  120.398     22.8    986.9    288.1    287.1      0.0    396.0     61.3     13.8      0.0
     1     1    26     1     9    15     0     3    -5.0   23.151  120.410    130.9    986.0    288.1    286.9      0.0    120.1     58.8    167.3      0.0
     2     1    26     1     9    15     0     3    -5.0   23.097  120.488    251.3    962.8    289.5    286.3      0.0     70.3     57.5    249.6      0.0
     3     1    26     1     9    15     0     3    -5.0   23.202  120.321    100.5   1002.4    287.5    287.7      0.0    193.2     57.6     56.2      0.0
     4     1    26     1     9    15     0     3    -5.0   22.879  120.313    165.8    957.8    290.3    286.6      0.0     53.2     59.4    364.4      0.0
     5     1    26     1     9    15     0     3    -5.0   22.874  120.346    208.5    927.4    291.8    285.4      0.0     18.6     60.4    613.0      0.0
     6     1    26     1     9    15     0     3    -5.0   22.891  120.313    203.6    963.5    290.5    287.4      0.0    167.1     62.9    274.5      0.0
     7     1    26     1     9    15     0     3    -5.0   23.342  120.509     11.7   1016.6    286.8    288.2      0.0    339.3     56.5     24.1      0.0
     8     1    26     1     9    15     0     3    -5.0   23.330  120.578     26.3   1011.1    286.9    287.8      0.0    328.3     57.9     44.6      0.0
     9     1    26     1     9    15     0     3    -5.0   23.357  120.445     11.1   1018.2    287.1    288.6      0.0    366.9     57.1     18.2      0.0
    10     1    26     1     9    15     0     3    -5.0   23.142  120.407    369.8    987.8    288.0    287.0      0.0    122.2     58.8    161.0      0.0
    11     1    26     1     9    15     0     3    -5.0   23.089  120.487    491.6    963.3    289.4    286.4      0.0     68.3     57.5    252.7      0.0
    12     1    26     1     9    15     0     3    -5.0   23.197  120.322    341.4   1003.4    287.4    287.7      0.0    194.1     57.4     56.2      0.0
    13     1    26     1     9    15     0     3    -5.0   22.880  120.314    411.0    957.5    290.3    286.6      0.0     53.0     59.4    368.5      0.0
    14     1    26     1     9    15     0     3    -5.0   22.874  120.347    451.0    927.1    291.8    285.4      0.0     18.6     60.4    617.5      0.0
    15     1    26     1     9    15     0     3    -5.0   22.891  120.315    450.4    962.9    290.5    287.3      0.0    165.5     63.0    280.4      0.0
    16     1    26     1     9    15     0     3    -5.0   23.342  120.509    251.5   1016.8    286.8    288.2      0.0    339.3     56.5     24.1      0.0
    17     1    26     1     9    15     0     3    -5.0   23.324  120.576    266.9   1012.2    286.9    287.9      0.0    328.4     57.7     43.9      0.0
    18     1    26     1     9    15     0     3    -5.0   23.356  120.444    250.9   1018.4    287.1    288.6      0.0    366.9     57.1     18.2      0.0
    19     1    26     1     9    15     0     3    -5.0   23.080  120.411     61.8    967.9    289.3    286.6      0.0    108.8     58.0    139.0      0.0
    20     1    26     1     9    15     0     3    -5.0   23.075  120.461    161.1    946.8    290.7    286.2      0.0     93.7     57.5    233.5      0.0
    21     1    26     1     9    15     0     3    -5.0   23.112  120.316     52.3    979.6    288.7    287.0      0.0    223.2     57.4     48.0      0.0
    22     1    26     1     9    15     0     3    -5.0   22.813  120.280     17.9    962.3    290.2    287.0      0.0     81.8     58.0    215.9      0.0
    23     1    26     1     9    15     0     3    -5.0   22.812  120.305     64.1    937.3    291.3    285.8      0.0     18.6     59.5    412.9      0.0
    24     1    26     1     9    15     0     3    -5.0   22.815  120.255      0.0    981.6    290.3    288.7      0.0    275.2     63.0     79.2      0.0
    25     1    26     1     9    15     0     3    -5.0   23.496  120.567     99.4    972.5    288.1    285.9      0.0    301.0     60.6     50.1      0.0
    26     1    26     1     9    15     0     3    -5.0   23.604  120.647    132.0    971.8    287.9    285.5      0.0    389.8     62.6     24.8      0.0
    27     1    26     1     9    15     0     3    -5.0   23.397  120.463     53.7    983.4    287.9    286.5      0.0    352.0     60.1     20.0      0.0
     1     1    26     1     9    14     0     2    -6.0   23.226  120.452    189.7    970.9    289.2    286.8      0.0     91.2     57.6    243.4     16.6
     2     1    26     1     9    14     0     2    -6.0   23.141  120.532    321.0    941.5    290.8    285.7      0.0    110.4     57.7    376.8     32.2
     3     1    26     1     9    14     0     2    -6.0   23.315  120.341    113.9    997.6    287.9    287.7      0.0    213.2     56.9     85.3     18.6
     4     1    26     1     9    14     0     2    -6.0   22.897  120.306    172.3    959.4    290.4    286.9      0.0     55.2     58.8    344.3     39.3
     5     1    26     1     9    14     0     2    -6.0   22.884  120.356    255.0    917.8    292.5    285.2      0.0     21.1     60.3    656.5     19.6
     6     1    26     1     9    14     0     2    -6.0   22.901  120.299    199.6    969.0    290.5    287.8      0.0    192.1     61.5    231.4     54.5
     7     1    26     1     9    14     0     2    -6.0   23.469  120.558     20.6   1011.8    287.3    288.2      0.0    366.4     56.7     48.3     45.7
     8     1    26     1     9    14     0     2    -6.0   23.478  120.643     36.0   1011.0    287.1    288.0      0.0    374.8     56.7     38.0     50.4
     9     1    26     1     9    14     0     2    -6.0   23.489  120.480     11.1   1018.0    287.3    288.8      0.0    413.2     55.3     21.6     15.1
    10     1    26     1     9    14     0     2    -6.0   23.218  120.447    424.5    973.3    289.1    286.9      0.0     97.1     57.6    234.9     16.8
    11     1    26     1     9    14     0     2    -6.0   23.133  120.531    563.0    941.7    290.8    285.8      0.0    105.2     57.8    378.9     31.2
    12     1    26     1     9    14     0     2    -6.0   23.308  120.340    351.2    999.2    287.9    287.8      0.0    212.6     56.8     83.0     18.8
    13     1    26     1     9    14     0     2    -6.0   22.897  120.307    417.9    959.1    290.4    286.9      0.0     54.9     58.8    348.5     39.2
    14     1    26     1     9    14     0     2    -6.0   22.884  120.357    496.6    917.6    292.5    285.2      0.0     21.1     60.4    660.0     19.6
    15     1    26     1     9    14     0     2    -6.0   22.901  120.301    447.5    968.2    290.5    287.7      0.0    190.1     61.6    238.2     54.6
    16     1    26     1     9    14     0     2    -6.0   23.463  120.555    260.4   1013.1    287.2    288.3      0.0    367.2     56.5     47.5     44.9
    17     1    26     1     9    14     0     2    -6.0   23.466  120.638    278.6   1011.7    287.1    288.1      0.0    375.6     56.6     40.1     50.4
    18     1    26     1     9    14     0     2    -6.0   23.486  120.480    250.9   1018.2    287.3    288.8      0.0    413.1     55.2     21.5     15.1
    19     1    26     1     9    14     0     2    -6.0   23.132  120.449     93.6    958.5    290.1    286.6      0.0     87.4     57.9    192.7     19.9
    20     1    26     1     9    14     0     2    -6.0   23.105  120.505    197.2    938.3    291.2    285.9      0.0     96.1     57.2    276.7     29.5
    21     1    26     1     9    14     0     2    -6.0   23.206  120.346     81.5    973.8    289.2    287.0      0.0    201.0     56.8     68.5     27.1
    22     1    26     1     9    14     0     2    -6.0   22.818  120.274     19.8    964.6    290.3    287.3      0.0     91.3     57.4    193.6     50.1
    23     1    26     1     9    14     0     2    -6.0   22.817  120.314     92.3    930.0    291.8    285.7      0.0     21.1     59.5    453.3     22.5
    24     1    26     1     9    14     0     2    -6.0   22.815  120.228      0.0    986.8    290.2    289.1      0.0    335.5     61.1     58.6     49.5
    25     1    26     1     9    14     0     2    -6.0   23.668  120.643    134.1    968.4    288.3    285.7      0.0    354.6     61.2     55.7     50.1
    26     1    26     1     9    14     0     2    -6.0   23.814  120.749    144.8    970.8    287.7    285.2      0.0    452.5     62.4     23.3     37.0
    27     1    26     1     9    14     0     2    -6.0   23.583  120.536     67.2    977.6    288.1    286.2      0.0    358.4     60.4     52.1     26.1
     1     1    26     1     9    13     0     1    -7.0   23.298  120.491    243.9    961.2    289.8    286.6      0.0     88.8     56.9    276.9     44.5
     2     1    26     1     9    13     0     1    -7.0   23.194  120.561    351.2    926.3    291.5    285.0      0.0    179.3     58.5    491.0     70.8
     3     1    26     1     9    13     0     1    -7.0   23.443  120.368    132.3    989.3    288.5    287.6      0.0    236.4     56.3    142.5     32.6
     4     1    26     1     9    13     0     1    -7.0   22.920  120.303    178.3    959.3    290.6    287.1      0.0     53.0     58.3    341.1     72.2
     5     1    26     1     9    13     0     1    -7.0   22.899  120.362    293.2    910.2    293.0    285.0      0.0     23.5     60.1    690.1     38.1
     6     1    26     1     9    13     0     1    -7.0   22.908  120.296    196.5    970.2    290.6    288.0      0.0    208.9     60.8    225.4    109.7
     7     1    26     1     9    13     0     1    -7.0   23.625  120.610     22.1   1011.6    287.5    288.5      0.0    427.3     56.2     52.6    100.9
     8     1    26     1     9    13     0     1    -7.0   23.659  120.707     33.6   1012.7    287.1    288.1      0.0    441.2     56.2     28.9     81.8
     9     1    26     1     9    13     0     1    -7.0   23.638  120.513     11.3   1016.6    287.6    288.9      0.0    451.9     55.1     22.9     68.2
    10     1    26     1     9    13     0     1    -7.0   23.294  120.485    474.2    963.6    289.7    286.7      0.0     93.6     56.8    272.7     43.4
    11     1    26     1     9    13     0     1    -7.0   23.184  120.562    594.0    926.2    291.5    285.0      0.0    171.6     58.5    494.0     68.9
    12     1    26     1     9    13     0     1    -7.0   23.433  120.366    367.0    991.5    288.5    287.8      0.0    238.3     56.2    137.4     32.9
    13     1    26     1     9    13     0     1    -7.0   22.921  120.304    424.1    958.9    290.6    287.1      0.0     52.7     58.3    345.2     72.0
    14     1    26     1     9    13     0     1    -7.0   22.899  120.363    534.4    910.1    293.0    285.0      0.0     23.5     60.1    692.8     38.1
    15     1    26     1     9    13     0     1    -7.0   22.909  120.298    445.3    969.3    290.6    287.9      0.0    206.7     60.9    232.6    109.8
    16     1    26     1     9    13     0     1    -7.0   23.610  120.604    263.6   1012.4    287.6    288.6      0.0    428.2     56.0     53.1    100.9
    17     1    26     1     9    13     0     1    -7.0   23.641  120.699    277.0   1013.4    287.1    288.2      0.0    440.1     56.0     29.8     84.1
    18     1    26     1     9    13     0     1    -7.0   23.634  120.512    251.1   1016.8    287.6    289.0      0.0    452.7     55.1     22.2     67.1
    19     1    26     1     9    13     0     1    -7.0   23.180  120.488    126.4    948.2    290.7    286.3      0.0     42.9     57.7    254.6     37.9
    20     1    26     1     9    13     0     1    -7.0   23.142  120.542    216.2    921.6    291.8    285.0      0.0    149.6     58.2    420.2     63.2
    21     1    26     1     9    13     0     1    -7.0   23.306  120.380     87.2    968.8    289.5    286.9      0.0    192.6     57.1    108.4     40.5
    22     1    26     1     9    13     0     1    -7.0   22.831  120.276     22.8    963.1    290.6    287.4      0.0     94.6     57.2    206.1     96.9
    23     1    26     1     9    13     0     1    -7.0   22.833  120.322    114.3    923.4    292.2    285.5      0.0     23.5     59.4    494.6     43.5
    24     1    26     1     9    13     0     1    -7.0   22.814  120.219      0.0    987.3    290.3    289.3      0.0    376.9     60.3     56.5     99.4
    25     1    26     1     9    13     0     1    -7.0   23.853  120.716    149.5    968.7    288.1    285.5      0.0    411.5     61.2     36.4     87.2
    26     1    26     1     9    13     0     1    -7.0   24.028  120.875    206.3    949.9    288.6    284.4      0.0    443.9     63.3    156.7     91.4
    27     1    26     1     9    13     0     1    -7.0   23.778  120.606     95.1    971.6    288.3    285.9      0.0    407.5     62.0     71.7     99.8
     1     1    26     1     9    12     0     0    -8.0   23.383  120.523    263.8    952.7    290.2    286.2      0.0    196.6     57.2    340.7     95.5
     2     1    26     1     9    12     0     0    -8.0   23.260  120.584    358.4    917.8    291.7    284.4      0.0    261.2     59.5    566.1    115.8
     3     1    26     1     9    12     0     0    -8.0   23.592  120.393    138.1    987.0    288.7    287.6      0.0    310.7     56.1    157.4     83.0
     4     1    26     1     9    12     0     0    -8.0   22.953  120.302    183.2    958.2    290.9    287.3      0.0     45.2     57.8    348.0     95.1
     5     1    26     1     9    12     0     0    -8.0   22.921  120.367    317.3    904.7    293.3    284.9      0.0     26.0     59.8    719.9     55.1
     6     1    26     1     9    12     0     0    -8.0   22.914  120.306    198.8    966.4    290.8    287.9      0.0    215.8     61.1    259.5    165.9
     7     1    26     1     9    12     0     0    -8.0   23.807  120.662     13.0   1015.2    287.6    288.9      0.0    483.5     55.0     31.2    141.8
     8     1    26     1     9    12     0     0    -8.0   23.879  120.783     37.6   1009.7    287.1    287.9      0.0    507.8     57.6     59.3    118.0
     9     1    26     1     9    12     0     0    -8.0   23.813  120.556      7.0   1015.2    287.8    289.1      0.0    509.9     55.8     34.1    152.4
    10     1    26     1     9    12     0     0    -8.0   23.384  120.515    485.6    959.1    289.9    286.4      0.0    203.5     56.6    308.3     97.3
    11     1    26     1     9    12     0     0    -8.0   23.248  120.584    601.7    916.6    291.8    284.4      0.0    258.8     59.5    579.7    114.8
    12     1    26     1     9    12     0     0    -8.0   23.581  120.389    373.6    988.6    288.7    287.7      0.0    306.4     56.0    157.6     78.5
    13     1    26     1     9    12     0     0    -8.0   22.953  120.303    429.1    957.9    290.9    287.2      0.0     45.0     57.8    351.7     94.9
    14     1    26     1     9    12     0     0    -8.0   22.921  120.368    558.1    904.7    293.3    284.9      0.0     26.0     59.8    721.7     55.1
    15     1    26     1     9    12     0     0    -8.0   22.914  120.308    447.9    965.4    290.8    287.9      0.0    213.4     61.3    266.7    166.0
    16     1    26     1     9    12     0     0    -8.0   23.782  120.653    255.4   1015.6    287.7    289.0      0.0    481.7     54.8     31.5    146.0
    17     1    26     1     9    12     0     0    -8.0   23.851  120.770    278.2   1012.2    287.1    288.1      0.0    508.9     57.1     45.1    115.0
    18     1    26     1     9    12     0     0    -8.0   23.808  120.555    249.7   1015.2    287.8    289.1      0.0    510.5     55.8     33.6    152.3
    19     1    26     1     9    12     0     0    -8.0   23.225  120.528    168.5    928.1    291.8    285.6      0.0     26.0     57.9    404.1     51.5
    20     1    26     1     9    12     0     0    -8.0   23.188  120.573    230.7    907.2    292.3    284.1      0.0    213.4     59.9    545.9    101.5
    21     1    26     1     9    12     0     0    -8.0   23.416  120.416     95.8    960.5    289.9    286.5      0.0    177.1     57.8    178.5     53.9
    22     1    26     1     9    12     0     0    -8.0   22.852  120.285     27.1    958.5    291.0    287.4      0.0     91.1     57.3    246.1    136.7
    23     1    26     1     9    12     0     0    -8.0   22.860  120.331    133.7    916.5    292.6    285.3      0.0     26.0     59.3    543.1     62.2
    24     1    26     1     9    12     0     0    -8.0   22.808  120.226      0.0    987.7    290.4    289.4      0.0    413.8     59.8     57.3    147.6
    25     1    26     1     9    12     0     0    -8.0   24.073  120.806    163.5    962.6    288.2    285.1      0.0    437.1     62.1     82.7    113.4
    26     1    26     1     9    12     0     0    -8.0   24.200  121.010    283.2    934.2    288.5    282.9      0.0    444.0     65.9    221.4    162.4
    27     1    26     1     9    12     0     0    -8.0   23.992  120.676    108.7    973.2    287.9    285.7      0.0    456.2     62.6     41.9    149.2
     1     1    26     1     9    11     0     1    -9.0   23.483  120.537    216.2    955.4    290.6    286.7      0.0    267.4     54.4    363.9    168.3
     2     1    26     1     9    11     0     1    -9.0   23.329  120.597    346.3    922.3    291.7    284.9      0.0    235.8     58.4    524.7    155.7
     3     1    26     1     9    11     0     1    -9.0   23.768  120.413     94.1    996.7    288.9    288.6      0.0    416.9     53.0    113.3    197.5
     4     1    26     1     9    11     0     1    -9.0   22.991  120.298    187.9    957.8    290.8    287.1      0.0     44.3     58.4    344.4    105.9
     5     1    26     1     9    11     0     1    -9.0   22.948  120.367    319.8    902.7    293.3    284.7      0.0     42.2     60.9    735.3     72.6
     6     1    26     1     9    11     0     1    -9.0   22.923  120.314    193.3    963.6    291.1    288.0      0.0    275.6     60.8    288.4    222.1
     7     1    26     1     9    11     0     1    -9.0   24.008  120.715      4.4   1016.1    287.4    288.8      0.0    527.1     55.4     20.1    142.8
     8     1    26     1     9    11     0     1    -9.0   24.131  120.900     70.6    996.3    287.2    286.8      0.0    540.8     58.7    140.8    204.2
     9     1    26     1     9    11     0     1    -9.0   24.008  120.604      0.0   1016.3    287.9    289.3      0.0    537.0     54.9     22.7    202.2
    10     1    26     1     9    11     0     1    -9.0   23.493  120.527    424.2    965.4    290.3    287.3      0.0    289.0     53.2    314.7    177.1
    11     1    26     1     9    11     0     1    -9.0   23.316  120.597    589.8    920.7    291.9    284.9      0.0    232.9     58.4    541.5    154.7
    12     1    26     1     9    11     0     1    -9.0   23.755  120.408    333.2    997.8    288.9    288.7      0.0    416.9     52.7    114.2    197.7
    13     1    26     1     9    11     0     1    -9.0   22.992  120.299    433.7    957.5    290.8    287.1      0.0     44.3     58.4    347.8    105.7
    14     1    26     1     9    11     0     1    -9.0   22.947  120.368    560.3    902.8    293.3    284.7      0.0     42.2     60.9    736.2     72.6
    15     1    26     1     9    11     0     1    -9.0   22.924  120.316    442.3    962.6    291.1    287.9      0.0    273.8     61.0    295.5    222.3
    16     1    26     1     9    11     0     1    -9.0   23.981  120.705    249.8   1016.0    287.5    288.8      0.0    525.2     55.2     21.2    147.0
    17     1    26     1     9    11     0     1    -9.0   24.099  120.880    303.2    998.8    287.2    287.1      0.0    538.2     58.3    135.4    197.4
    18     1    26     1     9    11     0     1    -9.0   24.003  120.602    249.8   1016.3    287.9    289.3      0.0    537.1     54.9     22.5    203.3
    19     1    26     1     9    11     0     1    -9.0   23.266  120.557    197.2    911.9    292.6    284.9      0.0     49.3     59.1    526.9     73.7
    20     1    26     1     9    11     0     1    -9.0   23.230  120.592    234.5    898.3    293.0    283.9      0.0    204.6     59.8    622.3    144.0
    21     1    26     1     9    11     0     1    -9.0   23.520  120.452    113.0    950.7    290.4    286.2      0.0    139.5     57.5    248.0     75.6
    22     1    26     1     9    11     0     1    -9.0   22.881  120.290     29.9    955.1    291.1    287.3      0.0    123.7     57.9    273.8    166.2
    23     1    26     1     9    11     0     1    -9.0   22.892  120.336    147.2    910.7    292.8    285.0      0.0     40.6     60.4    582.2     80.0
    24     1    26     1     9    11     0     1    -9.0   22.800  120.228      0.0    987.6    290.6    289.5      0.0    456.1     60.1     56.7    192.9
    25     1    26     1     9    11     0     1    -9.0   24.271  120.918    234.6    941.3    289.2    284.2      0.0    430.4     62.5    206.8    182.7
    26     1    26     1     9    11     0     1    -9.0   24.339  121.134    310.8    909.5    289.9    282.0      0.0    443.5     64.6    425.9    228.4
    27     1    26     1     9    11     0     1    -9.0   24.231  120.752    123.8    972.1    287.7    285.4      0.0    491.1     62.3     28.4    141.0
     1     1    26     1     9    10     0     2   -10.0   23.596  120.525     97.1    982.8    290.3    288.8      0.0    319.3     49.2    227.7    229.6
     2     1    26     1     9    10     0     2   -10.0   23.406  120.599    293.7    938.7    291.3    285.9      0.0    260.8     55.9    415.4    203.2
     3     1    26     1     9    10     0     2   -10.0   23.955  120.424     33.3   1009.0    288.9    289.6      0.0    490.0     50.2     54.8    247.2
     4     1    26     1     9    10     0     2   -10.0   23.031  120.290    197.3    957.6    290.6    286.9      0.0     47.0     58.8    333.5    122.7
     5     1    26     1     9    10     0     2   -10.0   22.976  120.358    288.6    908.1    293.0    284.9      0.0     54.4     61.6    715.2     89.1
     6     1    26     1     9    10     0     2   -10.0   22.946  120.305    162.2    969.1    291.3    288.6      0.0    338.8     58.3    268.5    281.9
     7     1    26     1     9    10     0     2   -10.0   24.248  120.791      2.0   1011.3    287.4    288.3      0.0    572.2     57.8     71.2    216.1
     8     1    26     1     9    10     0     2   -10.0   24.365  121.020     22.2   1003.5    287.1    287.3      0.0    669.8     57.6    125.1    281.5
     9     1    26     1     9    10     0     2   -10.0   24.228  120.658      0.0   1016.1    287.7    289.0      0.0    575.1     55.8     16.6    191.1
    10     1    26     1     9    10     0     2   -10.0   23.615  120.513    307.2    993.4    290.0    289.4      0.0    346.8     47.8    171.4    235.2
    11     1    26     1     9    10     0     2   -10.0   23.390  120.598    538.5    936.9    291.4    285.9      0.0    254.7     55.9    434.7    202.0
    12     1    26     1     9    10     0     2   -10.0   23.934  120.418    274.2   1009.6    288.9    289.7      0.0    483.7     50.1     59.9    247.7
    13     1    26     1     9    10     0     2   -10.0   23.031  120.291    443.0    957.4    290.6    286.9      0.0     47.2     58.8    336.5    122.6
    14     1    26     1     9    10     0     2   -10.0   22.976  120.359    529.2    908.3    293.0    284.9      0.0     54.5     61.6    715.3     89.2
    15     1    26     1     9    10     0     2   -10.0   22.945  120.308    411.4    968.0    291.3    288.6      0.0    337.4     58.5    276.1    282.0
    16     1    26     1     9    10     0     2   -10.0   24.217  120.777    249.5   1013.1    287.4    288.5      0.0    576.4     57.5     53.5    209.7
    17     1    26     1     9    10     0     2   -10.0   24.333  120.997    266.4   1007.0    286.9    287.4      0.0    664.5     57.7    100.1    281.0
    18     1    26     1     9    10     0     2   -10.0   24.223  120.656    249.8   1016.1    287.7    289.0      0.0    575.3     55.8     16.8    192.8
    19     1    26     1     9    10     0     2   -10.0   23.306  120.566    185.3    910.4    292.7    284.9      0.0     83.5     59.5    549.9    112.6
    20     1    26     1     9    10     0     2   -10.0   23.263  120.595    201.2    902.2    293.1    284.4      0.0    193.3     58.9    612.5    188.8
    21     1    26     1     9    10     0     2   -10.0   23.612  120.474     83.0    956.0    290.4    286.7      0.0    185.1     55.3    228.8    155.5
    22     1    26     1     9    10     0     2   -10.0   22.916  120.284     32.7    955.5    291.0    287.2      0.0    134.3     58.1    265.0    184.6
    23     1    26     1     9    10     0     2   -10.0   22.925  120.334    142.7    910.1    292.8    284.9      0.0     52.7     61.1    591.2     96.6
    24     1    26     1     9    10     0     2   -10.0   22.806  120.206      0.0    987.5    290.6    289.6      0.0    489.2     60.0     52.6    243.8
    25     1    26     1     9    10     0     2   -10.0   24.417  121.031    310.9    920.4    289.7    282.8      0.0    448.2     63.6    320.4    263.7
    26     1    26     1     9    10     0     2   -10.0   24.456  121.252    294.9    924.3    288.9    282.4      0.0    559.2     65.6    305.9    283.2
    27     1    26     1     9    10     0     2   -10.0   24.487  120.856    180.5    953.7    288.4    284.5      0.0    491.6     64.2    144.6    217.4
     1     1    26     1     9     9     0     3   -11.0   23.728  120.500      0.2   1009.3    289.9    290.6      0.0    464.1     44.7     66.5    289.0
     2     1    26     1     9     9     0     3   -11.0   23.515  120.583    175.8    971.4    290.4    287.9      0.0    362.2     50.9    228.9    258.9
     3     1    26     1     9     9     0     3   -11.0   24.146  120.440      0.0   1014.0    288.5    289.6      0.0    561.0     51.6     27.8    247.8
     4     1    26     1     9     9     0     3   -11.0   23.069  120.279    205.0    958.7    290.4    286.8      0.0     51.1     59.0    312.9    141.5
     5     1    26     1     9     9     0     3   -11.0   23.006  120.338    215.0    923.0    292.2    285.4      0.0     63.4     61.7    649.1    108.1
     6     1    26     1     9     9     0     3   -11.0   22.994  120.280    107.4    983.2    291.4    290.0      0.0    403.1     53.1    193.5    351.8
     7     1    26     1     9     9     0     3   -11.0   24.494  120.896      0.0   1008.6    287.0    287.7      0.0    662.4     57.9     91.1    338.5
     8     1    26     1     9     9     0     3   -11.0   24.577  121.135      0.0   1012.2    287.2    288.2      0.0    830.8     54.0     60.6    335.7
     9     1    26     1     9     9     0     3   -11.0   24.494  120.737      0.0   1016.3    287.2    288.6      0.0    615.9     58.5     22.2    259.2
    10     1    26     1     9     9     0     3   -11.0   23.746  120.492    249.4   1010.4    289.7    290.6      0.0    488.9     45.2     55.4    289.8
    11     1    26     1     9     9     0     3   -11.0   23.495  120.581    423.0    970.4    290.5    288.0      0.0    357.9     50.6    238.5    262.5
    12     1    26     1     9     9     0     3   -11.0   24.119  120.431    249.7   1013.9    288.6    289.7      0.0    561.1     51.2     29.2    257.9
    13     1    26     1     9     9     0     3   -11.0   23.068  120.280    450.6    958.6    290.4    286.8      0.0     51.4     59.0    315.5    141.5
    14     1    26     1     9     9     0     3   -11.0   23.006  120.338    455.2    923.3    292.2    285.5      0.0     63.2     61.8    649.2    107.9
    15     1    26     1     9     9     0     3   -11.0   22.992  120.282    356.7    982.2    291.5    289.9      0.0    402.0     53.3    202.0    351.5
    16     1    26     1     9     9     0     3   -11.0   24.468  120.880    249.1   1008.5    287.1    287.8      0.0    650.9     57.6     90.8    331.2
    17     1    26     1     9     9     0     3   -11.0   24.546  121.109    249.4   1012.6    287.2    288.3      0.0    813.4     54.4     56.0    336.4
    18     1    26     1     9     9     0     3   -11.0   24.487  120.734    249.8   1016.3    287.2    288.6      0.0    615.3     58.4     21.9    258.7
    19     1    26     1     9     9     0     3   -11.0   23.350  120.558    122.9    922.0    292.3    285.5      0.0    106.5     57.9    501.5    163.4
    20     1    26     1     9     9     0     3   -11.0   23.303  120.584    116.6    921.7    292.6    285.7      0.0    206.4     56.1    508.8    238.8
    21     1    26     1     9     9     0     3   -11.0   23.708  120.462      0.0    976.5    290.7    288.7      0.0    258.5     48.9    174.1    260.6
    22     1    26     1     9     9     0     3   -11.0   22.954  120.273     48.2    956.7    290.8    287.1      0.0    114.7     58.5    232.4    192.5
    23     1    26     1     9     9     0     3   -11.0   22.963  120.323    109.5    915.9    292.4    285.0      0.0     59.6     61.0    569.1    111.3
    24     1    26     1     9     9     0     3   -11.0   22.836  120.165      0.0    987.3    290.6    289.5      0.0    514.5     59.8     46.5    305.9
    25     1    26     1     9     9     0     3   -11.0   24.513  121.126    366.0    888.3    291.1    281.3      0.0    407.9     62.7    561.1    344.7
    26     1    26     1     9     9     0     3   -11.0   24.597  121.390    209.9    933.1    288.2    282.5      0.0    633.7     68.6    308.9    331.1
    27     1    26     1     9     9     0     3   -11.0   24.704  120.986    270.4    940.8    288.2    283.2      0.0    576.0     66.1    170.7    325.5
     1     1    26     1     9     8     0     2   -12.0   23.870  120.487      0.0   1012.6    289.3    290.4      0.0    691.2     46.2     37.9    335.0
     2     1    26     1     9     8     0     2   -12.0   23.668  120.562     60.9    997.1    289.6    289.3      0.0    623.5     47.9    120.4    321.2
     3     1    26     1     9     8     0     2   -12.0   24.372  120.474      0.0   1015.7    288.0    289.2      0.0    681.8     52.7     21.0    355.5
     4     1    26     1     9     8     0     2   -12.0   23.106  120.273    223.9    957.2    290.2    286.5      0.0    127.2     59.8    309.3    146.6
     5     1    26     1     9     8     0     2   -12.0   23.033  120.317    124.9    942.6    291.2    286.2      0.0    134.0     59.9    559.2    151.5
     6     1    26     1     9     8     0     2   -12.0   23.062  120.253     65.0    996.3    290.7    290.4      0.0    449.1     50.8    113.6    305.1
     7     1    26     1     9     8     0     2   -12.0   24.733  121.011      0.0   1016.3    286.9    288.3      0.0    823.0     54.7     19.2    424.9
     8     1    26     1     9     8     0     2   -12.0   24.778  121.270      0.0   1016.1    286.7    288.1      0.0   1006.4     52.5     27.5    416.8
     9     1    26     1     9     8     0     2   -12.0   24.773  120.856      0.0   1012.1    287.0    288.0      0.0    757.4     55.9     58.2    427.9
    10     1    26     1     9     8     0     2   -12.0   23.898  120.483    249.7   1013.1    289.2    290.2      0.0    693.5     46.9     34.0    335.3
    11     1    26     1     9     8     0     2   -12.0   23.641  120.558    304.6    997.0    289.7    289.4      0.0    620.1     47.5    125.8    321.4
    12     1    26     1     9     8     0     2   -12.0   24.339  120.464    249.8   1015.6    288.1    289.3      0.0    687.4     52.2     20.0    352.0
    13     1    26     1     9     8     0     2   -12.0   23.105  120.273    469.0    957.2    290.2    286.5      0.0    127.6     59.8    311.3    146.7
    14     1    26     1     9     8     0     2   -12.0   23.032  120.317    365.7    943.0    291.1    286.2      0.0    133.5     59.9    559.5    151.2
    15     1    26     1     9     8     0     2   -12.0   23.061  120.255    313.2    995.5    290.8    290.4      0.0    451.5     50.9    121.6    306.8
    16     1    26     1     9     8     0     2   -12.0   24.707  120.994    249.7   1015.6    286.9    288.2      0.0    811.7     54.8     25.3    424.9
    17     1    26     1     9     8     0     2   -12.0   24.753  121.242    249.8   1016.6    286.7    288.1      0.0    981.2     52.6     22.4    417.1
    18     1    26     1     9     8     0     2   -12.0   24.768  120.853    249.4   1012.1    287.0    288.0      0.0    755.5     55.9     57.7    428.0
    19     1    26     1     9     8     0     2   -12.0   23.393  120.539     36.4    941.8    291.4    286.3      0.0    220.4     55.5    407.7    206.8
    20     1    26     1     9     8     0     2   -12.0   23.361  120.561      2.6    951.4    291.3    287.1      0.0    419.8     51.8    346.8    282.7
    21     1    26     1     9     8     0     2   -12.0   23.823  120.438      0.0    985.4    289.9    288.7      0.0    509.6     48.8    109.8    307.2
    22     1    26     1     9     8     0     2   -12.0   22.993  120.270     94.3    951.5    290.6    286.4      0.0    164.2     60.1    230.7    166.2
    23     1    26     1     9     8     0     2   -12.0   22.999  120.311     78.0    921.9    291.9    285.1      0.0    108.2     61.4    546.1    135.4
    24     1    26     1     9     8     0     2   -12.0   22.890  120.115      0.0    986.6    290.3    289.2      0.0    578.9     58.5     40.7    355.8
    25     1    26     1     9     8     0     2   -12.0   24.557  121.184    356.8    881.3    291.6    281.1      0.0    586.4     60.8    635.0    435.5
    26     1    26     1     9     8     0     2   -12.0   24.723  121.546    118.0    956.1    287.6    283.9      0.0   1025.6     62.1    194.6    408.2
    27     1    26     1     9     8     0     2   -12.0   24.871  121.115    335.4    917.7    289.2    282.1      0.0    717.2     64.2    316.1    429.2