    10     1
    GFSQ    26     1    30     0     0
    GFSQ    26     1    31     0     0
    GFSQ    26     2     1     0     0
    GFSQ    26     2     2     0     0
    GFSQ    26     2     3     0     0
    GFSQ    26     2     4     0     0
    GFSQ    26     2     5     0     0
    GFSQ    26     2     6     0     0
    GFSQ    26     2     7     0     0
    GFSQ    26     2     8     0     0
    27 BACKWARD OMEGA   
    26     2     7     3   24.218  120.618    10.0
    26     2     7     3   24.218  120.618    10.0
    26     2     7     3   24.218  120.618    10.0
    26     2     7     3   24.218  120.618    10.0
    26     2     7     3   24.218  120.618    10.0
    26     2     7     3   24.218  120.618    10.0
    26     2     7     3   24.218  120.618    10.0
    26     2     7     3   24.218  120.618    10.0
    26     2     7     3   24.218  120.618    10.0
    26     2     7     3   24.218  120.618    10.0
    26     2     7     3   24.218  120.618    10.0
    26     2     7     3   24.218  120.618    10.0
    26     2     7     3   24.218  120.618    10.0
    26     2     7     3   24.218  120.618    10.0
    26     2     7     3   24.218  120.618    10.0
    26     2     7     3   24.218  120.618    10.0
    26     2     7     3   24.218  120.618    10.0
    26     2     7     3   24.218  120.618    10.0
    26     2     7     3   24.218  120.618    10.0
    26     2     7     3   24.218  120.618    10.0
    26     2     7     3   24.218  120.618    10.0
    26     2     7     3   24.218  120.618    10.0
    26     2     7     3   24.218  120.618    10.0
    26     2     7     3   24.218  120.618    10.0
    26     2     7     3   24.218  120.618    10.0
    26     2     7     3   24.218  120.618    10.0
    26     2     7     3   24.218  120.618    10.0
     8 PRESSURE THETA    AIR_TEMP RAINFALL MIXDEPTH RELHUMID TERR_MSL SUN_FLUX
     1     1    26     2     7     3     0     3     0.0   24.218  120.618     10.0    998.1    291.4    291.2      0.0    745.0     65.0    157.4    531.9
     2     1    26     2     7     3     0     3     0.0   24.218  120.618     10.0   1008.9    288.5    289.2      0.0    845.0     74.1     82.7    532.0
     3     1    26     2     7     3     0     3     0.0   24.218  120.618     10.0    996.4    294.1    293.8      0.0    840.3     55.0    165.7    529.0
     4     1    26     2     7     3     0     3     0.0   24.218  120.618     10.0    926.3    298.2    291.5      0.0    854.9     54.5    810.8    542.6
     5     1    26     2     7     3     0     3     0.0   24.218  120.618     10.0    949.9    294.1    289.6      0.0    786.9     64.5    595.2    544.0
     6     1    26     2     7     3     0     3     0.0   24.218  120.618     10.0    940.7    299.2    293.9      0.0   1088.5     49.6    664.3    538.7
     7     1    26     2     7     3     0     3     0.0   24.218  120.618     10.0   1016.8    287.8    289.2      0.0    759.6     77.0     11.1    525.0
     8     1    26     2     7     3     0     3     0.0   24.218  120.618     10.0   1018.7    286.7    288.3      0.0    890.9     78.9      1.4    458.4
     9     1    26     2     7     3     0     3     0.0   24.218  120.618     10.0   1014.8    289.6    290.8      0.0    717.2     69.3     13.0    531.3
    10     1    26     2     7     3     0     3     0.0   24.218  120.618     10.0    998.1    291.4    291.2      0.0    745.0     65.0    157.4    531.9
    11     1    26     2     7     3     0     3     0.0   24.218  120.618     10.0   1008.9    288.5    289.2      0.0    845.0     74.1     82.7    532.0
    12     1    26     2     7     3     0     3     0.0   24.218  120.618     10.0    996.4    294.1    293.8      0.0    840.3     55.0    165.7    529.0
    13     1    26     2     7     3     0     3     0.0   24.218  120.618     10.0    926.4    298.2    291.5      0.0    854.9     54.5    810.8    542.6
    14     1    26     2     7     3     0     3     0.0   24.218  120.618     10.0    950.0    294.1    289.6      0.0    786.9     64.5    595.2    544.0
    15     1    26     2     7     3     0     3     0.0   24.218  120.618     10.0    940.7    299.2    294.0      0.0   1088.5     49.6    664.3    538.7
    16     1    26     2     7     3     0     3     0.0   24.218  120.618     10.0   1016.8    287.8    289.2      0.0    759.6     77.0     11.1    525.0
    17     1    26     2     7     3     0     3     0.0   24.218  120.618     10.0   1018.7    286.7    288.3      0.0    890.9     78.9      1.4    458.4
    18     1    26     2     7     3     0     3     0.0   24.218  120.618     10.0   1014.8    289.6    290.8      0.0    717.2     69.3     13.0    531.3
    19     1    26     2     7     3     0     3     0.0   24.218  120.618     10.0    969.4    290.6    288.0      0.0    745.0     74.2    157.4    531.9
    20     1    26     2     7     3     0     3     0.0   24.218  120.618     10.0    979.6    287.7    286.0      0.0    845.0     83.2     82.7    532.0
    21     1    26     2     7     3     0     3     0.0   24.218  120.618     10.0    968.0    293.2    290.5      0.0    840.3     65.0    165.7    529.0
    22     1    26     2     7     3     0     3     0.0   24.218  120.618     10.0    900.4    297.3    288.3      0.0    854.9     63.6    810.8    542.6
    23     1    26     2     7     3     0     3     0.0   24.218  120.618     10.0    922.9    293.0    286.2      0.0    786.9     76.5    595.2    544.0
    24     1    26     2     7     3     0     3     0.0   24.218  120.618     10.0    914.4    298.4    290.7      0.0   1088.5     57.8    664.3    538.7
    25     1    26     2     7     3     0     3     0.0   24.218  120.618     10.0    987.2    287.2    286.1      0.0    759.6     83.7     11.1    525.0
    26     1    26     2     7     3     0     3     0.0   24.218  120.618     10.0    989.0    286.3    285.3      0.0    890.9     85.4      1.4    458.4
    27     1    26     2     7     3     0     3     0.0   24.218  120.618     10.0    985.4    288.7    287.5      0.0    717.2     78.9     13.0    531.3
     1     1    26     2     7     2     0     2    -1.0   24.465  120.686      0.0    998.4    289.2    289.0      0.0    752.8     72.7    170.7    360.8
     2     1    26     2     7     2     0     2    -1.0   24.538  120.819      0.0   1013.7    287.0    288.1      0.0    966.6     75.8     54.2    241.0
     3     1    26     2     7     2     0     2    -1.0   24.368  120.575      0.0    993.5    291.5    291.0      0.0    626.0     66.2    197.6    363.6
     4     1    26     2     7     2     0     2    -1.0   24.241  120.531      0.0    935.5    295.5    289.7      0.0    632.5     63.7    730.0    372.4
     5     1    26     2     7     2     0     2    -1.0   24.352  120.655      0.0    977.5    290.7    288.7      0.0    797.8     70.5    366.7    352.6
     6     1    26     2     7     2     0     2    -1.0   24.173  120.484      0.0    962.9    296.3    293.1      0.0    750.9     56.8    462.5    363.6
     7     1    26     2     7     2     0     2    -1.0   24.635  120.828      1.7   1017.7    286.7    288.2      0.0    917.1     78.0     13.5    293.5
     8     1    26     2     7     2     0     2    -1.0   24.609  120.886      7.0   1020.1    285.9    287.5      0.0   1005.4     78.1      0.0    179.3
     9     1    26     2     7     2     0     2    -1.0   24.603  120.735      6.5   1011.6    287.9    288.9      0.0    752.0     76.8     55.0    362.6
    10     1    26     2     7     2     0     2    -1.0   24.465  120.686    248.3    998.4    289.2    289.0      0.0    752.8     72.7    170.7    360.8
    11     1    26     2     7     2     0     2    -1.0   24.538  120.819    249.5   1013.7    287.0    288.1      0.0    966.6     75.8     54.2    241.0
    12     1    26     2     7     2     0     2    -1.0   24.368  120.575    248.0    993.5    291.5    291.0      0.0    626.0     66.2    197.6    363.6
    13     1    26     2     7     2     0     2    -1.0   24.241  120.531    242.7    935.5    295.5    289.7      0.0    632.5     63.7    730.0    372.4
    14     1    26     2     7     2     0     2    -1.0   24.351  120.654    246.3    977.5    290.7    288.7      0.0    797.8     70.5    366.8    352.6
    15     1    26     2     7     2     0     2    -1.0   24.173  120.484    245.4    962.9    296.3    293.1      0.0    750.9     56.8    462.5    363.6
    16     1    26     2     7     2     0     2    -1.0   24.632  120.826    249.9   1017.6    286.7    288.2      0.0    915.6     78.0     14.3    293.7
    17     1    26     2     7     2     0     2    -1.0   24.608  120.886    250.0   1020.1    285.9    287.5      0.0   1005.2     78.1      0.0    179.6
    18     1    26     2     7     2     0     2    -1.0   24.603  120.735    249.5   1011.6    287.9    288.9      0.0    751.9     76.8     54.9    362.6
    19     1    26     2     7     2     0     2    -1.0   24.587  120.814     20.8    957.8    289.2    285.5      0.0    813.1     82.5    274.8    346.4
    20     1    26     2     7     2     0     2    -1.0   24.627  120.950     88.9    973.7    286.2    284.0      0.0   1015.1     90.2     66.4    163.3
    21     1    26     2     7     2     0     2    -1.0   24.461  120.640     33.2    956.1    291.5    287.7      0.0    616.0     74.6    252.7    365.3
    22     1    26     2     7     2     0     2    -1.0   24.297  120.568      0.0    907.2    295.2    286.9      0.0    637.1     71.4    815.5    374.1
    23     1    26     2     7     2     0     2    -1.0   24.430  120.772     12.7    950.6    288.6    284.4      0.1    795.0     87.5    361.0    301.7
    24     1    26     2     7     2     0     2    -1.0   24.191  120.483      0.0    941.1    295.8    290.6      0.0    739.5     63.0    466.7    363.9
    25     1    26     2     7     2     0     2    -1.0   24.738  120.954    113.8    975.8    286.2    284.2      0.0    956.1     89.5     16.0    270.3
    26     1    26     2     7     2     0     2    -1.0   24.683  120.992    111.1    977.8    285.5    283.7      0.0   1040.0     90.6      6.3    136.0
    27     1    26     2     7     2     0     2    -1.0   24.740  120.858    101.6    968.9    287.5    284.9      0.0    800.0     87.4     82.4    346.7
     1     1    26     2     7     1     0     1    -2.0   24.748  120.920      0.0   1007.4    287.6    288.3      0.0    827.2     74.9    111.6    146.6
     2     1    26     2     7     1     0     1    -2.0   24.804  121.111      4.2   1016.2    286.0    287.3      0.4   1043.2     78.7     45.0     37.1
     3     1    26     2     7     1     0     1    -2.0   24.607  120.686      0.0    988.4    289.9    288.9      0.0    560.7     73.1    250.2    196.6
     4     1    26     2     7     1     0     1    -2.0   24.364  120.578      0.0    930.4    294.1    288.0      0.0    482.5     71.5    768.6    199.1
     5     1    26     2     7     1     0     1    -2.0   24.525  120.835      9.0    982.7    288.1    286.6      0.2    771.9     80.8    332.1    106.9
     6     1    26     2     7     1     0     1    -2.0   24.220  120.462      0.0    968.1    293.9    291.1      0.0    462.8     65.5    418.2    193.6
     7     1    26     2     7     1     0     1    -2.0   24.993  121.180     12.0   1017.9    285.9    287.4      0.1   1013.2     77.9     19.2     61.9
     8     1    26     2     7     1     0     1    -2.0   24.946  121.241     13.0   1021.4    285.3    287.1      0.4   1076.4     77.3      0.0     38.8
     9     1    26     2     7     1     0     1    -2.0   24.990  121.031      0.0   1013.8    287.0    288.1      0.0    856.1     76.7     51.5    146.2
    10     1    26     2     7     1     0     1    -2.0   24.748  120.920    248.9   1007.4    287.6    288.3      0.0    827.2     74.9    111.6    146.6
    11     1    26     2     7     1     0     1    -2.0   24.804  121.111    253.8   1016.2    286.0    287.3      0.4   1043.2     78.7     45.0     37.1
    12     1    26     2     7     1     0     1    -2.0   24.607  120.686    247.5    988.4    289.9    288.9      0.0    560.7     73.1    250.2    196.6
    13     1    26     2     7     1     0     1    -2.0   24.364  120.578    242.3    930.4    294.1    288.0      0.0    482.5     71.5    768.6    199.1
    14     1    26     2     7     1     0     1    -2.0   24.525  120.835    255.7    982.7    288.1    286.6      0.2    771.9     80.8    332.1    107.0
    15     1    26     2     7     1     0     1    -2.0   24.220  120.462    245.8    968.1    293.9    291.1      0.0    462.8     65.5    418.2    193.6
    16     1    26     2     7     1     0     1    -2.0   24.991  121.178    261.7   1018.0    285.9    287.4      0.1   1012.5     77.9     18.9     62.4
    17     1    26     2     7     1     0     1    -2.0   24.944  121.239    255.9   1021.7    285.3    287.1      0.4   1076.5     77.3      0.0     38.8
    18     1    26     2     7     1     0     1    -2.0   24.990  121.031    249.5   1013.8    287.0    288.1      0.0    856.0     76.7     51.4    146.3
    19     1    26     2     7     1     0     1    -2.0   24.851  121.170    166.6    942.9    287.6    282.7      0.3    860.8     95.3    276.8     63.3
    20     1    26     2     7     1     0     1    -2.0   24.909  121.318    117.0    970.4    285.6    283.1      0.9   1020.2     94.0     74.6     20.4
    21     1    26     2     7     1     0     1    -2.0   24.764  120.859     65.9    922.3    292.2    285.3      0.0    589.9     80.2    546.5    191.0
    22     1    26     2     7     1     0     1    -2.0   24.458  120.667      0.0    894.7    295.0    285.7      0.0    484.0     76.0    876.2    196.7
    23     1    26     2     7     1     0     1    -2.0   24.567  121.042    190.1    925.8    288.2    281.8      0.4    764.8     97.0    406.0     50.4
    24     1    26     2     7     1     0     1    -2.0   24.271  120.483      0.0    932.7    294.4    288.5      0.0    455.3     70.6    512.8    195.0
    25     1    26     2     7     1     0     1    -2.0   25.088  121.396    262.6    958.2    285.8    282.3      0.4   1062.0     97.0     36.1     31.9
    26     1    26     2     7     1     0     1    -2.0   25.036  121.404    174.7    972.4    285.1    282.8      0.6   1078.5     92.6      0.0     33.4
    27     1    26     2     7     1     0     1    -2.0   25.121  121.294    260.5    946.5    287.0    282.5      0.2    918.8     95.7    139.5     74.3
     1     1    26     2     7     0     0     0    -3.0   24.920  121.158     17.8   1006.6    286.5    287.0      0.3    923.0     80.7    115.8      4.0
     2     1    26     2     7     0     0     0    -3.0   25.040  121.382      0.0   1015.0    285.6    286.8      0.9    977.7     80.1     52.5      1.8
     3     1    26     2     7     0     0     0    -3.0   24.810  120.849      0.0    973.1    290.1    287.7      0.0    529.2     76.7    399.3     19.9
     4     1    26     2     7     0     0     0    -3.0   24.464  120.651      0.0    925.6    293.4    286.9      0.0    361.6     76.5    807.2     22.4
     5     1    26     2     7     0     0     0    -3.0   24.631  121.030     46.7    988.2    286.9    285.9      0.4    819.9     84.6    245.0      4.1
     6     1    26     2     7     0     0     0    -3.0   24.276  120.474      8.1    961.8    292.4    289.0      0.0    223.4     73.0    482.3     24.1
     7     1    26     2     7     0     0     0    -3.0   25.260  121.499      6.3   1018.3    285.6    287.0      0.7   1006.3     78.9     24.3      1.4
     8     1    26     2     7     0     0     0    -3.0   25.239  121.528      9.4   1021.1    285.2    286.9      0.7    974.9     75.8      0.0      4.9
     9     1    26     2     7     0     0     0    -3.0   25.234  121.336     22.0   1011.8    286.2    287.1      0.3    953.7     79.8     64.9      4.1
    10     1    26     2     7     0     0     0    -3.0   24.920  121.158    266.7   1006.6    286.5    287.0      0.3    923.0     80.7    115.8      4.0
    11     1    26     2     7     0     0     0    -3.0   25.040  121.382    249.5   1015.0    285.6    286.8      0.9    977.7     80.1     52.5      1.8
    12     1    26     2     7     0     0     0    -3.0   24.810  120.849    246.0    973.1    290.1    287.7      0.0    529.2     76.7    399.3     19.9
    13     1    26     2     7     0     0     0    -3.0   24.464  120.651    241.9    925.6    293.4    286.9      0.0    361.5     76.5    807.3     22.4
    14     1    26     2     7     0     0     0    -3.0   24.631  121.030    294.2    988.2    286.9    285.9      0.4    819.9     84.6    245.0      4.1
    15     1    26     2     7     0     0     0    -3.0   24.276  120.474    253.3    961.8    292.4    289.0      0.0    223.4     73.0    482.4     24.1
    16     1    26     2     7     0     0     0    -3.0   25.258  121.498    256.3   1018.3    285.6    287.1      0.7   1006.8     78.9     24.0      1.3
    17     1    26     2     7     0     0     0    -3.0   25.237  121.526    252.2   1021.1    285.2    286.9      0.7    975.6     75.8      0.0      4.8
    18     1    26     2     7     0     0     0    -3.0   25.234  121.336    271.4   1011.8    286.2    287.1      0.3    953.7     79.8     64.9      4.1
    19     1    26     2     7     0     0     0    -3.0   24.997  121.441    219.5    947.4    286.6    282.2      0.7    882.0     98.4    170.5      2.6
    20     1    26     2     7     0     0     0    -3.0   25.198  121.583     51.8    986.3    285.5    284.3      0.7   1029.9     86.2      0.0      4.2
    21     1    26     2     7     0     0     0    -3.0   24.909  121.125    342.3    883.1    292.4    282.1      0.3    467.0     90.3    653.6      9.7
    22     1    26     2     7     0     0     0    -3.0   24.565  120.821    133.5    874.5    293.9    282.6      0.1    403.8     83.6    959.1     15.3
    23     1    26     2     7     0     0     0    -3.0   24.690  121.250    190.3    944.5    286.9    282.2      0.5    867.3     98.5    223.2      3.5
    24     1    26     2     7     0     0     0    -3.0   24.362  120.527     35.6    905.3    295.0    286.6      0.0    217.2     73.7    741.5     25.1
    25     1    26     2     7     0     0     0    -3.0   25.356  121.712    226.3    962.9    285.6    282.6      0.8   1003.2     95.4     26.5      2.8
    26     1    26     2     7     0     0     0    -3.0   25.360  121.694    170.2    972.3    284.8    282.6      0.7    949.7     90.5      0.0      6.8
    27     1    26     2     7     0     0     0    -3.0   25.305  121.636    337.4    937.9    286.6    281.4      0.8    907.6     99.2    136.2      1.7
     1     1    26     2     6    23     0     1    -4.0   25.057  121.351      0.0   1006.2    286.3    286.8      0.4    947.2     83.4    122.1      1.1
     2     1    26     2     6    23     0     1    -4.0   25.346  121.601      1.9   1021.1    285.3    287.0      0.4   1025.1     76.1      0.0      4.4
     3     1    26     2     6    23     0     1    -4.0   24.977  121.036     31.0    980.2    288.0    286.4      0.1    664.5     84.1    326.4      7.1
     4     1    26     2     6    23     0     1    -4.0   24.554  120.748     31.8    928.4    291.8    285.4      0.0    451.4     83.2    788.9     11.7
     5     1    26     2     6    23     0     1    -4.0   24.729  121.192     21.4    998.0    286.7    286.5      0.4    903.6     85.2    176.9      1.9
     6     1    26     2     6    23     0     1    -4.0   24.354  120.514     85.1    931.9    293.3    287.2      0.0    223.2     78.2    682.4     16.6
     7     1    26     2     6    23     0     1    -4.0   25.559  121.740      7.9   1021.1    285.2    286.9      0.4   1021.8     76.7      0.0      4.0
     8     1    26     2     6    23     0     1    -4.0   25.579  121.761     11.3   1021.5    284.6    286.3      0.5    957.6     75.4      0.0      6.3
     9     1    26     2     6    23     0     1    -4.0   25.447  121.597      0.0   1011.9    285.7    286.7      0.5   1006.9     82.7     75.3      0.3
    10     1    26     2     6    23     0     1    -4.0   25.057  121.351    248.8   1006.2    286.3    286.8      0.4    947.2     83.4    122.1      1.1
    11     1    26     2     6    23     0     1    -4.0   25.346  121.601    251.9   1021.1    285.3    287.0      0.4   1025.1     76.1      0.0      4.4
    12     1    26     2     6    23     0     1    -4.0   24.977  121.036    277.7    980.2    288.0    286.4      0.1    664.5     84.1    326.4      7.1
    13     1    26     2     6    23     0     1    -4.0   24.553  120.748    273.9    928.3    291.8    285.4      0.0    451.3     83.2    789.1     11.7
    14     1    26     2     6    23     0     1    -4.0   24.729  121.192    269.6    998.0    286.7    286.5      0.4    903.6     85.2    176.9      1.9
    15     1    26     2     6    23     0     1    -4.0   24.354  120.514    328.2    931.9    293.3    287.2      0.0    223.1     78.2    682.4     16.6
    16     1    26     2     6    23     0     1    -4.0   25.557  121.739    258.0   1021.1    285.2    286.9      0.4   1022.6     76.7      0.0      4.0
    17     1    26     2     6    23     0     1    -4.0   25.575  121.758    254.2   1021.7    284.6    286.3      0.5    957.7     75.4      0.0      6.3
    18     1    26     2     6    23     0     1    -4.0   25.447  121.597    249.2   1011.9    285.7    286.7      0.5   1006.9     82.7     75.3      0.3
    19     1    26     2     6    23     0     1    -4.0   25.247  121.652     63.3    983.0    286.0    284.6      0.6   1083.3     89.0     21.1      0.8
    20     1    26     2     6    23     0     1    -4.0   25.591  121.819     42.8    987.1    284.7    283.7      0.4   1000.3     83.6      0.0      6.8
    21     1    26     2     6    23     0     1    -4.0   24.912  121.220    662.9    837.5    295.8    281.2      0.2    431.4     90.1    764.9      4.8
    22     1    26     2     6    23     0     1    -4.0   24.583  120.923    406.7    826.9    296.5    280.6      0.1    350.3     86.9   1150.3      7.9
    23     1    26     2     6    23     0     1    -4.0   24.936  121.431      0.0    993.7    286.1    285.6      0.6   1085.9     84.8     21.0      0.3
    24     1    26     2     6    23     0     1    -4.0   24.444  120.573     93.4    875.6    296.6    285.4      0.0    217.9     74.7    968.3     17.3
    25     1    26     2     6    23     0     1    -4.0   25.716  121.957    202.8    968.4    284.9    282.3      0.4   1002.8     91.8      0.0      5.6
    26     1    26     2     6    23     0     1    -4.0   25.755  121.942    194.5    969.7    284.1    281.6      0.4   1003.9     90.5      0.0      5.4
    27     1    26     2     6    23     0     1    -4.0   25.564  121.879    219.0    965.1    285.9    283.0      0.5   1086.9     95.6     16.5      1.5
     1     1    26     2     6    22     0     2    -5.0   25.279  121.536      0.0   1016.0    285.9    287.2      0.5   1106.1     80.5     42.1      0.6
     2     1    26     2     6    22     0     2    -5.0   25.756  121.814      0.4   1021.4    284.5    286.2      0.3   1023.7     75.7      0.0      3.4
     3     1    26     2     6    22     0     2    -5.0   25.137  121.202      0.0    997.0    287.2    287.0      0.2    820.3     84.3    204.8      1.4
     4     1    26     2     6    22     0     2    -5.0   24.677  120.875     19.0    951.7    289.4    285.3      0.1    525.6     91.8    583.3      3.0
     5     1    26     2     6    22     0     2    -5.0   24.913  121.327      0.0   1013.4    286.3    287.4      0.6   1091.3     81.4     65.5      0.0
     6     1    26     2     6    22     0     2    -5.0   24.459  120.573    174.8    893.7    294.9    285.4      0.0    230.4     81.5    949.0      8.6
     7     1    26     2     6    22     0     2    -5.0   25.961  121.960      7.6   1021.2    284.5    286.2      0.4   1002.7     76.3      0.0      2.8
     8     1    26     2     6    22     0     2    -5.0   25.987  121.980     11.1   1021.7    283.7    285.4      0.2   1054.6     75.3      0.0      2.8
     9     1    26     2     6    22     0     2    -5.0   25.757  121.814      0.0   1021.1    285.3    287.1      0.3   1108.4     78.2      0.0      1.7
    10     1    26     2     6    22     0     2    -5.0   25.279  121.536    249.6   1016.0    285.9    287.2      0.5   1106.1     80.5     42.1      0.6
    11     1    26     2     6    22     0     2    -5.0   25.756  121.814    250.4   1021.4    284.5    286.2      0.3   1023.7     75.7      0.0      3.4
    12     1    26     2     6    22     0     2    -5.0   25.137  121.202    248.0    997.0    287.2    287.0      0.2    820.3     84.3    204.8      1.4
    13     1    26     2     6    22     0     2    -5.0   24.677  120.875    263.2    951.7    289.4    285.3      0.1    525.5     91.8    583.4      3.0
    14     1    26     2     6    22     0     2    -5.0   24.913  121.327    249.3   1013.4    286.3    287.4      0.6   1091.3     81.4     65.5      0.0
    15     1    26     2     6    22     0     2    -5.0   24.459  120.573    415.2    893.7    294.9    285.4      0.0    230.3     81.5    949.1      8.6
    16     1    26     2     6    22     0     2    -5.0   25.959  121.959    257.7   1021.2    284.5    286.2      0.4   1002.2     76.3      0.0      2.8
    17     1    26     2     6    22     0     2    -5.0   25.982  121.977    254.1   1021.8    283.7    285.5      0.2   1053.3     75.3      0.0      2.8
    18     1    26     2     6    22     0     2    -5.0   25.757  121.814    250.0   1021.1    285.3    287.1      0.3   1108.5     78.2      0.0      1.7
    19     1    26     2     6    22     0     2    -5.0   25.667  121.883      0.0    992.0    285.2    284.5      0.3   1064.9     84.2      0.0      3.7
    20     1    26     2     6    22     0     2    -5.0   26.059  122.051     68.7    984.7    283.6    282.3      0.3   1103.1     84.7      0.0      3.2
    21     1    26     2     6    22     0     2    -5.0   24.924  121.258    753.7    829.8    295.9    280.5      0.3    449.3     95.6    741.9      2.1
    22     1    26     2     6    22     0     2    -5.0   24.589  120.961    498.9    820.5    296.7    280.2      0.2    344.7     89.7   1113.1      3.5
    23     1    26     2     6    22     0     2    -5.0   25.347  121.652      0.0    992.7    285.4    284.8      0.3   1096.0     83.9      0.0      3.1
    24     1    26     2     6    22     0     2    -5.0   24.521  120.627    156.2    855.3    297.2    284.1      0.0    224.3     78.5   1089.7      8.6
    25     1    26     2     6    22     0     2    -5.0   26.178  122.200    234.8    965.2    283.8    280.9      0.2   1069.1     92.7      0.0      3.9
    26     1    26     2     6    22     0     2    -5.0   26.205  122.178    257.6    962.3    283.0    279.9      0.3   1110.5     93.9      0.0      2.6
    27     1    26     2     6    22     0     2    -5.0   25.990  122.121    148.1    974.1    285.0    282.8      0.3   1050.1     90.3      0.0      3.7
     1     1    26     2     6    21     0     3    -6.0   25.684  121.745      0.0   1020.6    285.0    286.7      0.3   1099.2     79.8      0.0      0.0
     2     1    26     2     6    21     0     3    -6.0   26.205  122.014      0.4   1021.1    283.5    285.2      0.3   1064.1     76.3      0.0      0.0
     3     1    26     2     6    21     0     3    -6.0   25.329  121.351      0.0   1006.1    286.5    287.0      0.5   1012.6     84.6    115.3      0.0
     4     1    26     2     6    21     0     3    -6.0   24.797  120.948      0.0    972.3    288.6    286.2      0.2    661.5     90.4    414.7      0.0
     5     1    26     2     6    21     0     3    -6.0   25.291  121.515      0.0   1020.4    285.5    287.2      0.3   1169.9     79.4      0.0      0.0
     6     1    26     2     6    21     0     3    -6.0   24.555  120.646    243.2    867.7    295.9    284.1      0.0    224.8     84.7   1113.3      0.0
     7     1    26     2     6    21     0     3    -6.0   26.409  122.169      7.5   1021.1    283.5    285.2      0.3   1041.2     76.7      0.0      0.0
     8     1    26     2     6    21     0     3    -6.0   26.422  122.181     10.8   1021.0    282.7    284.4      0.2   1042.5     76.0      0.0      0.0
     9     1    26     2     6    21     0     3    -6.0   26.203  122.036      0.0   1021.1    284.5    286.2      0.4   1024.8     78.1      0.0      0.0
    10     1    26     2     6    21     0     3    -6.0   25.684  121.745    250.0   1020.6    285.0    286.7      0.3   1099.2     79.8      0.0      0.0
    11     1    26     2     6    21     0     3    -6.0   26.205  122.014    250.4   1021.1    283.5    285.2      0.3   1064.1     76.3      0.0      0.0
    12     1    26     2     6    21     0     3    -6.0   25.329  121.351    248.8   1006.1    286.5    287.0      0.5   1012.6     84.6    115.3      0.0
    13     1    26     2     6    21     0     3    -6.0   24.797  120.948    245.8    972.2    288.6    286.2      0.2    661.2     90.4    415.0      0.0
    14     1    26     2     6    21     0     3    -6.0   25.291  121.515    250.0   1020.4    285.5    287.2      0.3   1169.9     79.4      0.0      0.0
    15     1    26     2     6    21     0     3    -6.0   24.555  120.646    482.0    867.7    295.9    284.1      0.0    224.7     84.7   1113.4      0.0
    16     1    26     2     6    21     0     3    -6.0   26.407  122.168    257.7   1021.1    283.5    285.2      0.3   1041.3     76.7      0.0      0.0
    17     1    26     2     6    21     0     3    -6.0   26.416  122.178    253.8   1021.1    282.7    284.4      0.2   1042.0     76.0      0.0      0.0
    18     1    26     2     6    21     0     3    -6.0   26.202  122.036    250.0   1021.1    284.5    286.2      0.4   1024.8     78.1      0.0      0.0
    19     1    26     2     6    21     0     3    -6.0   26.194  122.143     10.5    991.0    284.0    283.3      0.2   1100.1     83.0      0.0      0.0
    20     1    26     2     6    21     0     3    -6.0   26.559  122.269     60.5    984.9    282.5    281.3      0.2   1075.4     85.0      0.0      0.0
    21     1    26     2     6    21     0     3    -6.0   24.947  121.312    709.5    836.1    294.7    280.0      0.3    492.5     99.2    719.2      0.0
    22     1    26     2     6    21     0     3    -6.0   24.624  121.015    420.3    843.2    294.7    280.6      0.2    391.2     97.2    949.9      0.0
    23     1    26     2     6    21     0     3    -6.0   25.875  121.914     11.5    990.6    284.2    283.5      0.2   1097.4     83.1      0.0      0.0
    24     1    26     2     6    21     0     3    -6.0   24.564  120.670    269.8    832.5    298.2    283.0      0.0    195.9     80.9   1190.4      0.0
    25     1    26     2     6    21     0     3    -6.0   26.669  122.425    254.1    962.0    282.7    279.6      0.2   1104.0     94.0      0.0      0.0
    26     1    26     2     6    21     0     3    -6.0   26.697  122.396    275.7    959.3    282.1    278.8      0.1   1033.5     94.9      0.0      0.0
    27     1    26     2     6    21     0     3    -6.0   26.511  122.377    168.1    972.3    283.8    281.5      0.2   1096.5     90.2      0.0      0.0
     1     1    26     2     6    20     0     2    -7.0   26.160  121.958      0.0   1020.4    284.8    286.4      0.2   1110.5     76.1      0.0      0.0
     2     1    26     2     6    20     0     2    -7.0   26.662  122.192      0.4   1021.1    282.8    284.5      0.5   1081.0     77.0      0.0      0.0
     3     1    26     2     6    20     0     2    -7.0   25.617  121.528      0.0   1018.3    286.2    287.7      0.2   1136.6     80.4     16.5      0.0
     4     1    26     2     6    20     0     2    -7.0   24.965  121.044      0.0   1003.5    287.6    287.9      0.3    852.5     85.5    134.4      0.0
     5     1    26     2     6    20     0     2    -7.0   25.762  121.730      0.0   1020.2    285.2    286.8      0.1   1092.5     76.8      0.0      0.0
     6     1    26     2     6    20     0     2    -7.0   24.613  120.703    313.0    847.5    297.0    283.2      0.2    209.3     87.5   1240.0      0.0
     7     1    26     2     6    20     0     2    -7.0   26.865  122.351      7.5   1021.1    282.8    284.5      0.5   1077.4     77.1      0.0      0.0
     8     1    26     2     6    20     0     2    -7.0   26.875  122.359     10.8   1020.9    282.2    283.8      0.7   1066.6     76.2      0.0      0.0
     9     1    26     2     6    20     0     2    -7.0   26.676  122.240      0.0   1020.9    283.9    285.6      0.0   1092.5     76.7      0.0      0.0
    10     1    26     2     6    20     0     2    -7.0   26.160  121.958    250.0   1020.4    284.8    286.4      0.2   1110.5     76.1      0.0      0.0
    11     1    26     2     6    20     0     2    -7.0   26.662  122.192    250.4   1021.1    282.8    284.5      0.5   1081.0     77.0      0.0      0.0
    12     1    26     2     6    20     0     2    -7.0   25.617  121.528    249.8   1018.3    286.2    287.7      0.2   1136.6     80.4     16.5      0.0
    13     1    26     2     6    20     0     2    -7.0   24.965  121.044    248.7   1003.5    287.6    287.9      0.3    852.4     85.5    134.4      0.0
    14     1    26     2     6    20     0     2    -7.0   25.762  121.730    250.0   1020.2    285.2    286.8      0.1   1092.5     76.8      0.0      0.0
    15     1    26     2     6    20     0     2    -7.0   24.613  120.703    550.5    847.5    297.0    283.2      0.2    209.2     87.5   1239.9      0.0
    16     1    26     2     6    20     0     2    -7.0   26.862  122.350    257.7   1021.1    282.8    284.5      0.5   1077.5     77.1      0.0      0.0
    17     1    26     2     6    20     0     2    -7.0   26.868  122.356    253.8   1021.1    282.2    283.9      0.7   1066.2     76.2      0.0      0.0
    18     1    26     2     6    20     0     2    -7.0   26.675  122.240    250.0   1020.9    283.9    285.6      0.0   1092.5     76.7      0.0      0.0
    19     1    26     2     6    20     0     2    -7.0   26.719  122.371     24.3    989.2    283.2    282.3      0.2   1114.0     83.6      0.0      0.0
    20     1    26     2     6    20     0     2    -7.0   27.071  122.459    141.1    975.9    281.9    279.9      0.5   1150.1     87.7      0.0      0.0
    21     1    26     2     6    20     0     2    -7.0   25.027  121.395    497.5    874.5    292.5    281.4      0.2    560.3     99.2    557.1      0.0
    22     1    26     2     6    20     0     2    -7.0   24.726  121.101    124.7    903.0    291.6    283.2      0.2    487.0     99.0    666.6      0.0
    23     1    26     2     6    20     0     2    -7.0   26.403  122.148     35.4    987.9    283.5    282.5      0.2   1120.6     83.8      0.0      0.0
    24     1    26     2     6    20     0     2    -7.0   24.569  120.676    364.7    821.6    299.1    282.7      0.2    186.8     81.0   1205.6      0.0
    25     1    26     2     6    20     0     2    -7.0   27.182  122.629    303.8    956.1    282.1    278.5      0.5   1115.4     95.3      0.0      0.0
    26     1    26     2     6    20     0     2    -7.0   27.184  122.590    392.1    947.0    281.6    277.2      0.6   1135.2     97.6      0.0      0.0
    27     1    26     2     6    20     0     2    -7.0   27.031  122.601    170.8    971.8    283.0    280.7      0.2   1107.1     90.1      0.0      0.0
     1     1    26     2     6    19     0     1    -8.0   26.629  122.141      0.0   1020.8    283.8    285.5      0.3   1118.3     77.6      0.0      0.0
     2     1    26     2     6    19     0     1    -8.0   27.122  122.338      1.1   1021.9    282.2    283.9      0.6   1191.5     76.5      0.0      0.0
     3     1    26     2     6    19     0     1    -8.0   26.054  121.720      0.0   1019.6    286.0    287.6      0.0   1101.7     78.1      0.0      0.0
     4     1    26     2     6    19     0     1    -8.0   25.180  121.178      0.0   1004.7    287.2    287.6      0.3    925.2     87.0    111.8      0.0
     5     1    26     2     6    19     0     1    -8.0   26.232  121.919      0.0   1020.0    284.5    286.1      0.1   1148.2     76.3      0.0      0.0
     6     1    26     2     6    19     0     1    -8.0   24.646  120.734    404.3    831.8    298.0    282.6      0.1    202.6     90.0   1307.9      0.0
     7     1    26     2     6    19     0     1    -8.0   27.327  122.504      7.7   1021.9    282.1    283.8      0.7   1166.7     76.7      0.0      0.0
     8     1    26     2     6    19     0     1    -8.0   27.328  122.494     10.8   1022.7    281.2    283.0      0.7   1147.5     77.3      0.0      0.0
     9     1    26     2     6    19     0     1    -8.0   27.142  122.413      0.0   1021.0    283.0    284.7      0.5   1115.8     78.4      0.0      0.0
    10     1    26     2     6    19     0     1    -8.0   26.629  122.141    250.0   1020.8    283.8    285.5      0.3   1118.3     77.6      0.0      0.0
    11     1    26     2     6    19     0     1    -8.0   27.122  122.338    251.1   1021.9    282.2    283.9      0.6   1191.5     76.5      0.0      0.0
    12     1    26     2     6    19     0     1    -8.0   26.054  121.720    250.0   1019.6    286.0    287.6      0.0   1101.7     78.1      0.0      0.0
    13     1    26     2     6    19     0     1    -8.0   25.180  121.177    248.9   1004.7    287.2    287.5      0.3    925.0     87.0    112.0      0.0
    14     1    26     2     6    19     0     1    -8.0   26.232  121.919    250.0   1020.0    284.5    286.1      0.1   1148.2     76.3      0.0      0.0
    15     1    26     2     6    19     0     1    -8.0   24.646  120.734    641.1    831.9    298.0    282.6      0.1    202.5     90.0   1307.8      0.0
    16     1    26     2     6    19     0     1    -8.0   27.325  122.503    257.9   1021.9    282.1    283.8      0.7   1166.3     76.7      0.0      0.0
    17     1    26     2     6    19     0     1    -8.0   27.321  122.492    253.8   1022.8    281.3    283.1      0.7   1147.6     77.3      0.0      0.0
    18     1    26     2     6    19     0     1    -8.0   27.141  122.413    250.0   1021.0    283.0    284.7      0.5   1115.8     78.4      0.0      0.0
    19     1    26     2     6    19     0     1    -8.0   27.238  122.553     58.8    985.1    282.4    281.2      0.5   1178.4     85.2      0.0      0.0
    20     1    26     2     6    19     0     1    -8.0   27.545  122.582    185.1    971.6    281.0    278.7      0.7   1208.1     90.5      0.0      0.0
    21     1    26     2     6    19     0     1    -8.0   25.188  121.484    168.9    945.5    289.4    284.8      0.4    788.4     99.3    214.8      0.0
    22     1    26     2     6    19     0     1    -8.0   24.856  121.174      0.0    959.1    289.9    286.5      0.3    618.6     95.3    354.1      0.0
    23     1    26     2     6    19     0     1    -8.0   26.922  122.332     72.8    983.3    282.6    281.2      0.5   1163.0     85.8      0.0      0.0
    24     1    26     2     6    19     0     1    -8.0   24.550  120.659    451.3    816.6    299.5    282.6      0.2    178.6     82.2   1170.8      0.0
    25     1    26     2     6    19     0     1    -8.0   27.659  122.770    396.3    946.7    281.4    277.1      0.6   1214.6     98.0      0.0      0.0
    26     1    26     2     6    19     0     1    -8.0   27.636  122.709    484.9    936.3    280.8    275.6      0.9   1186.6     99.4      0.0      0.0
    27     1    26     2     6    19     0     1    -8.0   27.543  122.779    228.0    965.1    282.3    279.4      0.5   1191.1     92.4      0.0      0.0
     1     1    26     2     6    18     0     0    -9.0   27.099  122.294      0.0   1020.9    282.9    284.6      0.5   1200.2     77.7      0.0      0.0
     2     1    26     2     6    18     0     0    -9.0   27.581  122.407      1.2   1022.9    280.8    282.7      0.9   1224.9     79.5      0.0      0.0
     3     1    26     2     6    18     0     0    -9.0   26.515  121.907      0.0   1019.7    285.2    286.8      0.1   1172.8     76.8      0.0      0.0
     4     1    26     2     6    18     0     0    -9.0   25.531  121.334      0.0   1018.9    287.1    288.7      0.0   1090.9     78.7      0.0      0.0
     5     1    26     2     6    18     0     0    -9.0   26.699  122.078      0.0   1020.9    283.3    285.0      0.3   1161.7     78.5      0.0      0.0
     6     1    26     2     6    18     0     0    -9.0   24.652  120.736    489.8    823.5    298.6    282.4      0.1    196.3     90.7   1306.0      0.0
     7     1    26     2     6    18     0     0    -9.0   27.792  122.586      7.8   1022.9    280.7    282.5      0.8   1202.4     80.0      0.0      0.0
     8     1    26     2     6    18     0     0    -9.0   27.786  122.550     10.8   1022.8    280.0    281.8      1.0   1156.8     80.8      0.0      0.0
     9     1    26     2     6    18     0     0    -9.0   27.614  122.547      0.1   1021.7    282.2    283.9      0.7   1243.5     78.1      0.0      0.0
    10     1    26     2     6    18     0     0    -9.0   27.099  122.294    250.0   1020.9    282.9    284.6      0.5   1200.2     77.7      0.0      0.0
    11     1    26     2     6    18     0     0    -9.0   27.581  122.407    251.2   1022.9    280.8    282.7      0.9   1224.9     79.5      0.0      0.0
    12     1    26     2     6    18     0     0    -9.0   26.515  121.907    250.0   1019.7    285.2    286.8      0.1   1172.8     76.8      0.0      0.0
    13     1    26     2     6    18     0     0    -9.0   25.531  121.333    250.0   1018.9    287.1    288.7      0.0   1090.9     78.7      0.0      0.0
    14     1    26     2     6    18     0     0    -9.0   26.699  122.078    250.0   1020.9    283.3    285.0      0.3   1161.7     78.5      0.0      0.0
    15     1    26     2     6    18     0     0    -9.0   24.652  120.736    726.7    823.5    298.6    282.4      0.1    196.3     90.7   1306.1      0.0
    16     1    26     2     6    18     0     0    -9.0   27.790  122.585    257.9   1022.9    280.7    282.6      0.8   1202.5     79.9      0.0      0.0
    17     1    26     2     6    18     0     0    -9.0   27.778  122.549    253.8   1022.9    280.0    281.8      1.0   1157.4     80.9      0.0      0.0
    18     1    26     2     6    18     0     0    -9.0   27.614  122.547    250.1   1021.7    282.2    283.9      0.7   1243.4     78.1      0.0      0.0
    19     1    26     2     6    18     0     0    -9.0   27.737  122.677     53.2    987.2    281.3    280.2      0.6   1264.8     86.6      0.0      0.0
    20     1    26     2     6    18     0     0    -9.0   28.032  122.645    170.4    973.0    279.8    277.6      1.1   1122.7     95.5      0.0      0.0
    21     1    26     2     6    18     0     0    -9.0   25.484  121.600      0.0    995.4    287.9    287.5      0.3    989.2     87.5     37.4      0.0
    22     1    26     2     6    18     0     0    -9.0   25.031  121.250      0.0    979.1    288.9    287.1      0.4    789.8     94.4    169.8      0.0
    23     1    26     2     6    18     0     0    -9.0   27.419  122.466     72.5    984.6    281.5    280.3      0.5   1276.2     87.3      0.0      0.0
    24     1    26     2     6    18     0     0    -9.0   24.511  120.628    616.6    807.0    300.1    282.2      0.2    178.1     84.3   1109.6      0.0
    25     1    26     2     6    18     0     0    -9.0   28.137  122.849    379.3    948.4    280.3    276.1      1.1   1162.8     99.6      0.0      0.0
    26     1    26     2     6    18     0     0    -9.0   28.107  122.767    472.4    937.3    279.8    274.7      1.0   1077.3     99.8      0.0      0.0
    27     1    26     2     6    18     0     0    -9.0   28.035  122.897    215.8    967.9    281.1    278.5      0.7   1251.4     93.9      0.0      0.0
     1     1    26     2     6    17     0     1   -10.0   27.566  122.404      0.0   1021.4    282.2    284.0      0.3   1220.0     78.2      0.0      0.0
     2     1    26     2     6    17     0     1   -10.0   28.042  122.432      1.2   1022.5    280.1    281.9      0.7   1096.1     81.0      0.0      0.0
     3     1    26     2     6    17     0     1   -10.0   26.980  122.084      0.0   1020.2    284.2    285.9      0.2   1099.7     79.1      0.0      0.0
     4     1    26     2     6    17     0     1   -10.0   25.962  121.512      0.0   1018.3    286.7    288.2      0.2   1078.7     78.5      0.0      0.0
     5     1    26     2     6    17     0     1   -10.0   27.158  122.208      0.0   1020.2    283.0    284.6      0.3   1236.2     77.3      0.0      0.0
     6     1    26     2     6    17     0     1   -10.0   24.625  120.708    539.5    825.1    299.1    283.0      0.1    153.7     90.7   1237.6      0.0
     7     1    26     2     6    17     0     1   -10.0   28.257  122.616      7.8   1022.5    280.0    281.8      0.6   1098.4     81.2      0.0      0.0
     8     1    26     2     6    17     0     1   -10.0   28.248  122.557     10.8   1023.5    279.0    280.8      0.5    992.0     84.2      0.0      0.0
     9     1    26     2     6    17     0     1   -10.0   28.086  122.622      0.0   1022.2    281.2    283.0      0.5   1182.5     80.0      0.0      0.0
    10     1    26     2     6    17     0     1   -10.0   27.566  122.404    250.0   1021.4    282.2    284.0      0.3   1220.0     78.2      0.0      0.0
    11     1    26     2     6    17     0     1   -10.0   28.042  122.432    251.2   1022.5    280.1    281.9      0.7   1096.1     81.0      0.0      0.0
    12     1    26     2     6    17     0     1   -10.0   26.980  122.084    250.0   1020.2    284.2    285.9      0.2   1099.7     79.1      0.0      0.0
    13     1    26     2     6    17     0     1   -10.0   25.961  121.512    250.0   1018.3    286.7    288.2      0.2   1078.6     78.5      0.0      0.0
    14     1    26     2     6    17     0     1   -10.0   27.158  122.208    250.0   1020.2    283.0    284.6      0.3   1236.2     77.3      0.0      0.0
    15     1    26     2     6    17     0     1   -10.0   24.625  120.708    777.0    825.1    299.1    283.0      0.1    153.6     90.7   1237.7      0.0
    16     1    26     2     6    17     0     1   -10.0   28.255  122.615    257.9   1022.5    280.0    281.8      0.6   1099.3     81.2      0.0      0.0
    17     1    26     2     6    17     0     1   -10.0   28.239  122.556    253.8   1023.6    279.0    280.9      0.5    993.8     84.1      0.0      0.0
    18     1    26     2     6    17     0     1   -10.0   28.086  122.622    250.0   1022.2    281.2    283.0      0.5   1182.5     80.0      0.0      0.0
    19     1    26     2     6    17     0     1   -10.0   28.238  122.755     39.1    988.3    280.4    279.4      0.6   1144.7     88.8      0.0      0.0
    20     1    26     2     6    17     0     1   -10.0   28.513  122.669    193.4    970.5    279.0    276.6      0.5   1022.1     98.0      0.0      0.0
    21     1    26     2     6    17     0     1   -10.0   25.921  121.788      0.0    990.4    287.4    286.6      0.2    997.4     86.6      0.0      0.0
    22     1    26     2     6    17     0     1   -10.0   25.355  121.381      0.0    995.5    288.2    287.9      0.2    963.1     87.0      9.9      0.0
    23     1    26     2     6    17     0     1   -10.0   27.916  122.555     53.7    986.4    280.6    279.5      0.6   1151.9     88.8      0.0      0.0
    24     1    26     2     6    17     0     1   -10.0   24.446  120.570    825.6    803.1    300.7    282.3      0.1    164.8     84.9    949.8      0.0
    25     1    26     2     6    17     0     1   -10.0   28.622  122.893    396.3    946.2    279.6    275.2      0.5   1030.6     99.9      0.0      0.0
    26     1    26     2     6    17     0     1   -10.0   28.570  122.799    508.7    933.8    279.0    273.6      0.5   1001.9     99.5      0.0      0.0
    27     1    26     2     6    17     0     1   -10.0   28.528  122.973    179.6    971.5    280.3    278.0      0.6   1139.1     95.0      0.0      0.0
     1     1    26     2     6    16     0     2   -11.0   28.025  122.483      0.0   1021.4    281.4    283.1      0.6   1152.9     80.2      0.0      0.0
     2     1    26     2     6    16     0     2   -11.0   28.481  122.452      1.2   1023.4    278.9    280.7      0.5    971.3     84.2      0.0      0.0
     3     1    26     2     6    16     0     2   -11.0   27.423  122.250      0.0   1019.5    283.8    285.4      0.3   1174.3     76.9      0.0      0.0
     4     1    26     2     6    16     0     2   -11.0   26.379  121.707      0.0   1019.2    285.9    287.5      0.2   1052.2     78.9      0.0      0.0
     5     1    26     2     6    16     0     2   -11.0   27.609  122.307      0.0   1021.5    282.0    283.7      0.4   1163.6     79.4      0.0      0.0
     6     1    26     2     6    16     0     2   -11.0   24.575  120.657    528.2    837.5    299.0    284.2      0.1    112.8     92.1   1125.6      0.0
     7     1    26     2     6    16     0     2   -11.0   28.700  122.636      7.8   1023.4    278.8    280.6      0.5    960.1     84.6      0.0      0.0
     8     1    26     2     6    16     0     2   -11.0   28.673  122.556     10.8   1023.3    277.9    279.8      0.7    916.8     86.1      0.0      0.0
     9     1    26     2     6    16     0     2   -11.0   28.548  122.677      0.0   1022.1    280.4    282.1      0.7   1096.0     80.5      0.0      0.0
    10     1    26     2     6    16     0     2   -11.0   28.025  122.483    250.0   1021.4    281.4    283.1      0.6   1152.9     80.2      0.0      0.0
    11     1    26     2     6    16     0     2   -11.0   28.481  122.452    251.2   1023.4    278.9    280.7      0.5    971.3     84.2      0.0      0.0
    12     1    26     2     6    16     0     2   -11.0   27.423  122.250    250.0   1019.5    283.8    285.4      0.3   1174.3     76.9      0.0      0.0
    13     1    26     2     6    16     0     2   -11.0   26.378  121.707    250.0   1019.2    285.9    287.5      0.2   1052.2     78.9      0.0      0.0
    14     1    26     2     6    16     0     2   -11.0   27.609  122.307    250.0   1021.5    282.0    283.7      0.4   1163.6     79.3      0.0      0.0
    15     1    26     2     6    16     0     2   -11.0   24.575  120.657    766.9    837.5    299.0    284.2      0.1    112.7     92.1   1125.7      0.0
    16     1    26     2     6    16     0     2   -11.0   28.698  122.635    257.9   1023.4    278.8    280.7      0.5    960.3     84.6      0.0      0.0
    17     1    26     2     6    16     0     2   -11.0   28.664  122.555    253.8   1023.4    278.0    279.8      0.7    917.7     86.0      0.0      0.0
    18     1    26     2     6    16     0     2   -11.0   28.548  122.677    250.0   1022.1    280.4    282.1      0.7   1096.1     80.5      0.0      0.0
    19     1    26     2     6    16     0     2   -11.0   28.709  122.819     40.6    988.5    279.5    278.6      0.5   1076.7     91.3      0.0      0.0
    20     1    26     2     6    16     0     2   -11.0   28.941  122.697    254.6    963.2    278.4    275.4      0.8    985.2     98.8      0.0      0.0
    21     1    26     2     6    16     0     2   -11.0   26.369  122.013      8.1    988.7    286.7    285.8      0.2   1027.3     86.5      0.0      0.0
    22     1    26     2     6    16     0     2   -11.0   25.782  121.592      6.9    988.3    287.7    286.7      0.2    941.8     88.5      0.0      0.0
    23     1    26     2     6    16     0     2   -11.0   28.389  122.630     54.5    986.7    279.8    278.8      0.5   1102.4     90.6      0.0      0.0
    24     1    26     2     6    16     0     2   -11.0   24.378  120.485    928.8    828.2    300.1    284.3      0.1    157.8     83.9    579.7      0.0
    25     1    26     2     6    16     0     2   -11.0   29.054  122.936    468.9    938.0    278.9    273.8      0.7    993.3     99.7      0.0      0.0
    26     1    26     2     6    16     0     2   -11.0   28.979  122.836    552.0    928.1    278.7    272.8      0.9    962.3     98.9      0.0      0.0
    27     1    26     2     6    16     0     2   -11.0   28.996  123.034    187.3    970.9    279.5    277.1      0.5   1062.9     96.6      0.0      0.0
     1     1    26     2     6    15     0     3   -12.0   28.472  122.557      0.0   1022.7    280.4    282.2      0.6   1099.1     79.8      0.0      0.0
     2     1    26     2     6    15     0     3   -12.0   28.877  122.472      1.2   1022.7    277.8    279.6      0.9    887.7     88.7      0.0      0.0
     3     1    26     2     6    15     0     3   -12.0   27.864  122.392      0.0   1020.3    283.0    284.7      0.3   1137.4     77.9      0.0      0.0
     4     1    26     2     6    15     0     3   -12.0   26.781  121.903      0.0   1018.8    285.4    286.9      0.2   1051.6     77.7      0.0      0.0
     5     1    26     2     6    15     0     3   -12.0   28.053  122.405      0.0   1021.8    281.2    282.9      0.7   1158.3     79.3      0.0      0.0
     6     1    26     2     6    15     0     3   -12.0   24.526  120.608    481.5    855.6    298.6    285.5      0.1     99.5     91.5   1006.1      0.0
     7     1    26     2     6    15     0     3   -12.0   29.099  122.651      7.7   1022.8    277.7    279.5      0.9    878.6     89.1      0.0      0.0
     8     1    26     2     6    15     0     3   -12.0   29.057  122.547      9.5   1023.7    277.0    278.8      1.1    825.2     92.2      0.0      0.0
     9     1    26     2     6    15     0     3   -12.0   28.981  122.721      0.0   1022.7    279.2    281.0      0.5    972.5     83.3      0.0      0.0
    10     1    26     2     6    15     0     3   -12.0   28.472  122.557    250.0   1022.7    280.4    282.2      0.6   1099.1     79.8      0.0      0.0
    11     1    26     2     6    15     0     3   -12.0   28.877  122.472    251.2   1022.7    277.8    279.6      0.9    887.6     88.7      0.0      0.0
    12     1    26     2     6    15     0     3   -12.0   27.864  122.392    250.0   1020.3    283.0    284.7      0.3   1137.4     77.9      0.0      0.0
    13     1    26     2     6    15     0     3   -12.0   26.781  121.903    250.0   1018.8    285.4    286.9      0.2   1051.6     77.7      0.0      0.0
    14     1    26     2     6    15     0     3   -12.0   28.053  122.405    250.0   1021.8    281.2    282.9      0.7   1158.3     79.3      0.0      0.0
    15     1    26     2     6    15     0     3   -12.0   24.526  120.608    721.5    855.6    298.6    285.5      0.1     99.5     91.5   1006.1      0.0
    16     1    26     2     6    15     0     3   -12.0   29.097  122.651    257.8   1022.8    277.7    279.5      0.9    878.8     89.1      0.0      0.0
    17     1    26     2     6    15     0     3   -12.0   29.049  122.547    252.4   1023.7    277.0    278.8      1.1    826.2     92.1      0.0      0.0
    18     1    26     2     6    15     0     3   -12.0   28.981  122.721    250.0   1022.7    279.2    281.0      0.5    972.6     83.3      0.0      0.0
    19     1    26     2     6    15     0     3   -12.0   29.138  122.871     57.4    986.2    278.5    277.4      0.7    995.0     95.8      0.0      0.0
    20     1    26     2     6    15     0     3   -12.0   29.341  122.737    263.2    961.3    277.9    274.7      1.3    901.5    100.0      0.0      0.0
    21     1    26     2     6    15     0     3   -12.0   26.796  122.248     10.9    988.9    286.0    285.1      0.2   1013.4     87.2      0.0      0.0
    22     1    26     2     6    15     0     3   -12.0   26.194  121.828     10.4    987.9    287.1    286.1      0.2    973.3     87.8      0.0      0.0
    23     1    26     2     6    15     0     3   -12.0   28.819  122.689     58.9    986.1    278.8    277.7      0.6   1043.3     94.6      0.0      0.0
    24     1    26     2     6    15     0     3   -12.0   24.320  120.392    921.5    858.8    299.2    286.4      0.1    125.4     84.5    268.3      0.0
    25     1    26     2     6    15     0     3   -12.0   29.444  122.988    495.0    934.1    278.5    273.1      1.1    920.6     99.2      0.0      0.0
    26     1    26     2     6    15     0     3   -12.0   29.354  122.889    561.7    926.4    278.5    272.5      1.4    874.7     98.6      0.0      0.0
    27     1    26     2     6    15     0     3   -12.0   29.415  123.088    222.9    966.3    278.5    275.8      0.7    972.4     99.5      0.0      0.0
